18 4
0 2 221 350 759 1086
0 3 537 784 288 613
0 4 221 420 454 749
0 6 440 388 959 734
0 7 312 363 421 388
0 8 700 66 384 632
0 10 665 347 723 533
0 12 635 188 422 1017
0 16 395 674 343 848
1 2 144 935 610 662
1 3 425 197 250 836
1 5 746 794 458 530
1 6 449 717 798 263
1 7 424 747 285 581
1 9 445 666 142 514
1 10 610 676 391 644
1 15 269 104 645 477
1 17 128 753 522 527
2 4 154 338 463 752
2 5 816 384 272 978
2 6 589 722 203 422
2 8 823 294 608 869
2 9 319 322 505 1000
2 13 684 646 153 932
2 15 128 840 876 897
2 16 416 951 495 563
3 5 467 870 487 641
3 7 826 750 145 296
3 8 711 808 432 924
3 11 575 861 879 692
3 12 599 682 145 806
3 13 744 700 484 864
3 14 255 530 316 49
3 16 288 126 60 894
4 5 957 535 351 573
4 7 461 769 141 674
4 9 413 66 126 547
4 10 833 737 289 746
4 11 837 877 815 456
4 14 805 509 162 920
4 15 155 599 624 532
4 16 541 749 114 205
4 17 241 117 371 628
5 8 492 180 756 456
5 9 868 477 322 58
5 11 366 374 528 711
5 16 429 769 439 681
5 17 726 650 263 791
6 7 482 49 577 472
6 9 843 719 680 605
6 11 259 154 160 122
6 13 150 882 290 510
6 15 717 691 1068 518
6 16 310 651 696 245
7 8 734 429 457 638
7 9 843 704 255 414
7 10 814 71 310 151
7 11 739 130 737 550
7 14 964 901 301 262
7 16 616 685 121 673
7 17 549 885 273 548
8 11 144 526 904 564
8 13 307 565 685 145
8 14 619 674 738 897
8 16 454 693 482 356
8 17 756 474 531 723
9 10 846 671 254 562
9 11 916 813 832 724
9 12 930 510 151 898
9 14 652 502 62 655
9 16 581 706 236 671
9 17 322 181 429 815
10 12 182 164 321 654
10 13 484 831 163 690
10 14 339 838 310 182
10 15 829 646 881 444
10 17 627 851 277 472
11 12 39 317 837 174
11 13 362 1010 441 628
11 14 476 1031 893 697
12 13 327 693 409 787
12 15 862 577 592 807
12 16 349 591 85 379
13 14 757 217 452 832
14 16 349 430 259 886
