19 2
0 1 719 523
0 2 728 633
0 3 99 372
0 4 597 638
0 5 501 58
0 6 613 550
0 7 196 386
0 8 268 358
0 9 443 468
0 10 66 653
0 11 485 456
0 12 395 273
0 13 983 260
0 14 674 311
0 15 217 642
0 16 529 486
0 17 177 193
0 18 729 440
1 2 676 236
1 3 695 451
1 4 164 167
1 5 709 578
1 6 448 246
1 7 891 140
1 8 876 780
1 9 674 500
1 10 654 409
1 11 995 706
1 12 515 348
1 13 912 511
1 14 1232 775
1 15 503 217
1 16 239 430
1 17 874 599
1 18 249 162
2 3 634 667
2 4 532 99
2 5 263 691
2 6 232 481
2 7 911 286
2 8 995 947
2 9 303 728
2 10 705 640
2 11 593 913
2 12 350 379
2 13 274 701
2 14 792 926
2 15 609 33
2 16 487 318
2 17 755 759
2 18 449 391
3 4 559 617
3 5 403 390
3 6 534 302
3 7 279 389
3 8 366 397
3 9 345 98
3 10 113 325
3 11 411 257
3 12 312 480
3 13 886 139
3 14 618 429
3 15 199 657
3 16 486 697
3 17 179 275
3 18 674 291
4 5 546 696
4 6 300 400
4 7 782 261
4 8 789 928
4 9 510 667
4 10 536 553
4 11 834 869
4 12 352 409
4 13 784 668
4 14 1071 915
4 15 380 68
4 16 78 396
4 17 738 743
4 18 176 329
5 6 309 593
5 7 670 443
5 8 768 314
5 9 62 483
5 10 494 686
5 11 349 439
5 12 215 328
5 13 487 266
5 14 572 261
5 15 443 700
5 16 475 536
5 17 499 170
5 18 548 489
6 7 808 293
6 8 864 692
6 9 302 307
6 10 572 165
6 11 650 551
6 12 224 495
6 13 493 417
6 14 879 713
6 15 443 459
6 16 257 645
6 17 692 541
6 18 244 138
7 8 139 668
7 9 616 461
7 10 248 454
7 11 561 628
7 12 589 218
7 13 1156 415
7 14 695 654
7 15 403 283
7 16 718 355
7 17 201 482
7 18 922 158
8 9 711 442
8 10 293 716
8 11 695 240
8 12 655 623
8 13 1251 278
8 14 834 81
8 15 429 948
8 16 734 843
8 17 334 188
8 18 944 643
9 10 434 278
9 11 349 252
9 12 165 573
9 13 541 221
9 14 581 488
9 15 382 714
9 16 436 785
9 17 452 353
9 18 530 338
10 11 523 528
10 12 362 645
10 13 967 462
10 14 723 753
10 15 156 616
10 16 470 808
10 17 240 597
10 18 673 295
11 12 483 664
11 13 745 226
11 14 238 311
11 15 576 906
11 16 756 891
11 17 361 269
11 18 876 547
12 13 620 438
12 14 721 583
12 15 260 395
12 16 276 228
12 17 469 441
12 18 404 357
13 14 891 298
13 15 880 697
13 16 750 666
13 17 983 136
13 18 667 366
14 15 799 930
14 16 993 797
14 17 515 177
14 18 1110 648
15 16 315 347
15 17 372 761
15 18 520 376
16 17 665 665
16 18 210 513
17 18 849 471
