19 3
0 2 611 165 611
0 4 769 277 638
0 5 720 448 491
0 10 515 487 472
0 11 423 310 478
0 13 805 202 88
0 16 63 340 438
1 14 8 543 855
1 15 504 451 397
1 17 635 521 956
2 6 355 367 88
2 9 750 180 405
3 9 444 476 213
3 12 700 126 350
4 7 948 741 46
4 9 448 283 389
4 15 815 805 117
5 6 695 604 525
5 11 298 145 34
5 14 620 776 232
5 18 738 446 599
6 8 428 557 508
6 12 166 687 161
6 16 271 103 649
6 17 699 224 598
8 13 606 238 292
8 15 225 985 431
8 18 1065 165 182
9 17 614 169 879
9 18 398 86 523
10 11 621 257 560
10 12 658 154 165
10 16 534 649 351
10 17 864 614 426
10 18 302 520 106
11 14 348 703 230
11 15 217 729 618
11 17 315 474 331
11 18 626 302 612
12 17 592 721 551
12 18 790 582 262
13 14 671 670 225
14 17 643 428 134
14 18 466 624 407
17 18 767 242 418
