21 3
0 3 650 99 721
0 6 724 283 845
0 7 746 346 682
0 11 654 695 588
0 14 750 125 651
1 4 513 213 651
1 6 250 355 305
1 7 302 516 743
1 18 557 449 381
2 11 461 52 176
2 14 492 834 628
2 17 348 262 986
2 18 381 632 455
2 19 315 732 255
3 5 201 644 821
3 8 124 209 614
3 11 769 761 357
3 14 120 33 430
3 16 107 1043 282
3 17 341 689 838
3 20 838 1178 460
4 11 198 517 346
5 11 600 120 713
5 19 461 665 598
6 15 248 448 164
6 19 333 400 513
7 10 626 759 1059
7 14 135 412 732
9 12 164 415 944
9 13 365 615 592
9 15 189 671 838
10 12 406 399 296
10 19 206 326 901
11 12 739 597 762
11 13 558 841 515
11 14 884 794 673
11 16 681 692 558
11 17 485 213 963
12 13 202 280 552
12 14 145 595 317
12 17 337 395 200
12 18 589 291 341
13 14 337 810 701
13 17 142 629 712
13 19 577 175 407
13 20 626 505 567
15 18 566 501 450
16 17 235 517 584
17 19 662 471 861
17 20 499 675 378
18 19 637 498 383
18 20 279 890 166
