16 3
0 1 473 707 380
0 2 347 529 386
0 3 363 751 135
0 4 260 744 454
0 5 358 359 268
0 9 322 766 367
0 12 87 290 562
0 15 666 631 437
1 3 369 261 484
1 4 216 221 780
1 5 122 351 648
1 6 402 644 612
1 9 403 321 158
1 12 437 667 203
1 15 451 182 679
2 4 462 411 778
2 5 535 189 478
2 6 619 447 350
2 7 248 543 653
2 8 282 325 826
2 9 660 495 386
2 10 723 329 597
2 13 501 482 611
2 15 587 310 813
3 4 253 40 467
3 5 275 451 195
3 6 522 721 129
3 8 554 450 536
3 13 301 593 410
4 6 286 709 453
4 8 587 443 319
4 10 365 498 734
4 11 456 892 592
4 13 48 555 531
4 15 482 119 203
5 6 340 294 136
5 7 716 718 836
5 8 680 144 496
5 9 354 485 619
5 11 460 511 285
5 12 316 357 828
5 13 103 662 499
5 15 439 312 427
6 7 687 884 794
6 8 612 280 596
6 9 43 744 552
6 12 329 196 807
6 13 247 926 526
6 15 767 592 543
7 9 730 937 269
7 10 940 349 235
7 11 625 575 708
7 12 411 755 126
8 9 654 467 704
8 10 920 641 534
8 11 655 617 681
8 12 366 414 687
8 13 608 780 329
8 14 113 390 752
9 13 267 651 388
9 14 730 545 182
10 11 493 657 586
10 12 569 715 185
10 13 373 161 210
11 12 465 265 744
11 13 504 808 532
11 15 230 783 650
12 13 244 876 383
12 15 585 668 776
13 14 645 443 478
