19 2
0 1 444 118
0 2 153 194
0 3 287 880
0 4 443 318
0 5 484 819
0 6 18 193
0 7 507 327
0 8 533 558
0 9 103 808
0 10 367 880
0 11 212 732
0 12 399 871
0 13 505 816
0 14 596 575
0 15 393 449
0 16 224 354
0 17 549 131
0 18 735 100
1 2 354 271
1 3 157 767
1 4 127 259
1 5 256 729
1 6 445 170
1 7 214 317
1 8 888 444
1 9 546 781
1 10 598 819
1 11 414 619
1 12 453 767
1 13 285 741
1 14 506 475
1 15 243 333
1 16 668 323
1 17 643 54
1 18 627 119
2 3 205 940
2 4 318 305
2 5 474 812
2 6 141 186
2 7 368 228
2 8 686 634
2 9 243 686
2 10 494 809
2 11 92 796
2 12 474 898
2 13 356 774
2 14 644 603
2 15 246 542
2 16 341 283
2 17 649 309
2 18 785 156
3 4 180 640
3 5 292 316
3 6 288 755
3 7 267 763
3 8 757 323
3 9 390 800
3 10 491 593
3 11 279 148
3 12 389 159
3 13 303 461
3 14 506 345
3 15 209 436
3 16 510 702
3 17 583 785
3 18 642 818
4 5 380 514
4 6 440 134
4 7 94 139
4 8 937 353
4 9 546 528
4 10 669 564
4 11 353 500
4 12 549 593
4 13 158 498
4 14 626 299
4 15 130 289
4 16 656 97
4 17 744 310
4 18 751 224
5 6 495 647
5 7 470 595
5 8 773 376
5 9 566 494
5 10 454 277
5 11 560 295
5 12 264 165
5 13 538 146
5 14 252 263
5 15 476 467
5 16 693 534
5 17 427 766
5 18 371 733
6 7 501 147
6 8 546 448
6 9 106 620
6 10 385 688
6 11 196 610
6 12 416 720
6 13 496 630
6 14 612 422
6 15 385 359
6 16 222 162
6 17 567 224
6 18 751 94
7 8 1017 489
7 9 607 482
7 10 758 582
7 11 381 627
7 12 643 698
7 13 83 547
7 14 718 417
7 15 131 428
7 16 710 62
7 17 838 370
7 18 841 229
8 9 460 701
8 10 320 591
8 11 737 176
8 12 519 348
8 13 1028 465
8 14 686 149
8 15 917 115
8 16 446 435
8 17 461 463
8 18 766 501
9 10 358 259
9 11 279 730
9 12 440 658
9 13 599 353
9 14 647 554
9 15 489 720
9 16 127 459
9 17 560 834
9 18 781 709
10 11 573 560
10 12 199 438
10 13 788 136
10 14 385 445
10 15 682 649
10 16 436 535
10 17 213 867
10 18 489 782
11 12 565 200
11 13 349 424
11 14 736 215
11 15 251 290
11 16 349 568
11 17 737 639
11 18 877 671
12 13 690 310
12 14 211 298
12 15 597 459
12 16 550 635
12 17 195 795
12 18 341 796
13 14 782 325
13 15 112 534
13 16 691 492
13 17 885 785
13 18 909 722
14 15 708 210
14 16 760 356
14 17 244 508
14 18 141 498
15 16 585 382
15 17 790 349
15 18 841 401
16 17 647 377
16 18 890 254
17 18 304 164
