25 3
0 9 772 409 788
0 19 747 864 511
0 22 665 375 717
0 24 838 468 553
1 6 737 629 515
1 8 370 78 320
1 11 682 368 437
1 23 1139 542 339
2 3 737 783 273
2 12 976 485 531
2 13 738 396 624
2 14 592 859 215
2 15 624 560 232
2 18 229 495 312
3 6 722 415 154
3 7 762 208 718
3 8 778 923 864
3 11 582 587 517
3 12 829 500 769
3 15 443 418 490
3 17 422 528 1130
3 18 821 387 423
3 19 632 1048 833
3 20 795 734 924
4 13 456 366 475
4 23 263 183 506
5 12 168 848 703
5 15 268 713 723
5 24 226 402 569
6 10 694 502 525
6 11 140 561 577
6 12 321 565 674
6 13 517 270 708
6 18 889 461 400
6 19 770 749 840
7 8 437 749 648
7 11 183 488 232
7 14 790 344 543
7 20 81 537 249
8 9 493 608 421
8 11 401 445 737
8 12 725 574 96
8 13 680 525 545
8 16 480 478 842
8 19 479 175 591
8 23 821 528 578
9 10 461 423 651
9 14 242 447 617
9 15 465 583 647
9 18 428 96 554
9 19 239 773 279
9 20 689 556 204
10 12 1012 394 665
10 15 694 534 546
11 14 608 599 486
11 19 681 614 373
11 21 523 571 361
11 23 460 766 229
12 13 587 665 490
12 20 367 536 555
12 21 774 493 1002
13 15 241 283 534
13 20 597 255 223
13 23 623 243 44
14 15 491 568 82
14 21 899 205 846
14 23 970 1048 468
14 24 607 786 315
16 17 141 507 570
16 21 680 652 258
16 24 496 66 555
17 18 428 169 719
17 23 919 697 466
17 24 624 442 909
19 23 1137 464 159
20 22 293 456 683
