16 2
0 1 662 314
0 2 609 763
0 3 749 784
0 4 882 906
0 5 1011 457
0 6 236 963
0 7 285 835
0 8 814 171
0 9 1104 648
0 10 62 706
0 11 402 762
0 12 639 257
0 13 775 360
0 14 869 617
0 15 409 843
1 2 233 481
1 3 776 600
1 4 260 894
1 5 411 442
1 6 443 735
1 7 382 730
1 8 518 149
1 9 479 504
1 10 601 447
1 11 259 596
1 12 245 513
1 13 344 111
1 14 786 358
1 15 628 795
2 3 941 323
2 4 477 814
2 5 628 560
2 6 373 317
2 7 388 546
2 8 734 623
2 9 678 375
2 10 547 98
2 11 276 358
2 12 451 876
2 13 571 405
2 14 976 156
2 15 720 687
3 4 775 502
3 5 797 403
3 6 764 212
3 7 642 226
3 8 370 699
3 9 901 151
3 10 739 243
3 11 689 47
3 12 538 797
3 13 524 491
3 14 151 287
3 15 340 374
4 5 152 464
4 6 684 658
4 7 597 281
4 8 431 917
4 9 225 454
4 10 825 721
4 11 490 460
4 12 284 766
4 13 252 793
4 14 734 727
4 15 741 128
5 6 825 613
5 7 729 386
5 8 429 452
5 9 108 252
5 10 957 466
5 11 630 366
5 12 383 400
5 13 292 355
5 14 728 414
5 15 824 387
6 7 131 381
6 8 716 856
6 9 909 361
6 10 174 296
6 11 195 255
6 12 482 1001
6 13 628 635
6 14 853 380
6 15 455 537
7 8 586 794
7 9 820 229
7 10 228 460
7 11 127 189
7 12 367 776
7 13 510 620
7 14 725 484
7 15 354 156
8 9 532 582
8 10 777 579
8 11 560 687
8 12 284 401
8 13 187 223
8 14 304 488
8 15 490 834
9 10 1048 277
9 11 715 118
9 12 485 646
9 13 399 394
9 14 827 272
9 15 931 332
10 11 342 272
10 12 589 797
10 13 727 356
10 14 853 91
10 15 402 595
11 12 300 763
11 13 447 486
11 14 748 304
11 15 444 332
12 13 147 510
12 14 541 720
12 15 457 736
13 14 485 265
13 15 537 691
14 15 466 604
