19 3
0 1 502 219 117
0 3 704 482 453
0 4 789 497 800
0 5 623 557 852
0 6 242 751 647
0 7 621 154 478
0 8 435 443 784
0 10 40 258 450
0 11 635 595 92
0 12 603 440 443
0 13 12 267 651
0 14 484 533 286
0 15 730 420 358
0 16 623 565 546
0 17 665 165 142
0 18 508 144 386
1 2 119 393 972
1 3 211 645 548
1 4 341 701 885
1 5 363 742 918
1 6 467 859 761
1 7 150 147 418
1 9 288 699 434
1 10 463 467 413
1 12 378 636 549
1 13 492 402 694
1 14 235 639 271
1 15 290 202 281
1 17 169 69 112
2 3 239 469 593
2 4 313 313 664
2 5 253 502 850
2 8 644 364 720
2 10 441 197 1130
2 12 263 259 504
2 14 338 582 992
2 15 254 595 1149
2 16 708 702 952
2 17 258 330 951
3 5 349 129 448
3 6 676 328 533
3 7 93 501 638
3 8 773 180 350
3 9 498 152 417
3 10 665 272 553
3 11 234 666 487
3 13 694 653 366
3 14 401 194 442
3 15 140 805 615
3 16 775 511 365
3 17 129 622 593
3 18 394 507 164
4 5 285 555 189
4 6 802 920 745
4 8 919 422 68
4 9 620 746 745
4 10 753 383 767
4 11 187 1056 840
4 12 321 83 804
4 13 781 356 365
4 14 556 766 718
4 15 60 902 887
4 17 293 635 942
4 18 552 638 437
5 6 718 382 911
5 7 281 603 803
5 9 548 245 863
5 10 594 313 712
5 13 617 685 272
5 14 591 309 705
5 15 244 913 860
5 17 443 711 992
5 18 599 607 466
6 7 614 714 1062
6 8 198 499 784
6 10 226 590 998
6 11 691 665 595
6 13 233 963 898
6 14 337 222 841
6 15 747 969 979
6 17 596 858 719
6 18 359 725 664
7 9 432 552 773
7 10 583 350 93
7 11 172 446 567
7 12 308 593 898
7 14 374 493 221
7 16 755 438 397
7 17 162 149 529
7 18 373 14 476
8 9 334 331 757
8 11 836 787 831
8 12 878 444 825
8 13 427 544 303
8 14 380 369 679
8 15 868 830 845
8 17 669 605 926
8 18 394 518 409
9 11 512 603 266
9 12 544 755 126
9 14 219 85 557
9 15 565 831 671
9 16 451 430 698
10 11 602 693 542
10 12 576 368 848
10 13 29 382 441
10 14 447 402 168
10 15 694 659 182
10 16 603 593 306
10 17 626 422 525
11 13 628 857 723
11 14 515 518 378
11 17 334 554 130
12 13 598 275 855
12 14 601 766 682
12 15 280 834 795
12 18 610 583 581
13 14 472 757 453
13 15 721 586 596
13 16 613 832 137
13 17 654 333 784
13 18 496 398 286
14 15 512 759 174
14 16 382 346 322
14 17 290 637 379
14 18 25 504 292
15 16 893 566 459
15 17 267 267 389
15 18 510 312 465
16 17 653 576 672
16 18 383 452 231
