17 2
0 1 475 521
0 2 409 393
0 3 692 365
0 4 161 437
0 5 722 235
0 6 719 284
0 7 673 562
0 8 719 387
0 9 750 506
0 10 731 184
0 11 652 326
0 12 766 255
0 13 936 440
0 14 840 547
0 15 186 499
0 16 430 451
1 2 510 197
1 3 778 781
1 4 500 882
1 5 713 736
1 6 386 399
1 7 206 1076
1 8 580 378
1 9 586 996
1 10 665 445
1 11 466 424
1 12 306 530
1 13 575 84
1 14 480 1054
1 15 345 999
1 16 706 462
2 3 302 596
2 4 263 700
2 5 313 625
2 6 485 390
2 7 617 954
2 8 347 420
2 9 386 896
2 10 330 387
2 11 327 228
2 12 670 493
2 13 678 127
2 14 599 890
2 15 496 891
2 16 234 275
3 4 534 107
3 5 147 421
3 6 615 648
3 7 836 560
3 8 340 749
3 9 377 602
3 10 233 549
3 11 414 389
3 12 861 611
3 13 741 698
3 14 694 344
3 15 797 570
3 16 329 453
4 5 573 438
4 6 653 721
4 7 675 506
4 8 596 824
4 9 631 573
4 10 592 618
4 11 548 496
4 12 755 667
4 13 866 799
4 14 775 252
4 15 310 535
4 16 276 558
5 6 491 404
5 7 738 342
5 8 202 502
5 9 235 272
5 10 87 311
5 11 294 547
5 12 750 293
5 13 599 659
5 14 559 428
5 15 795 266
5 16 428 669
6 7 292 738
6 8 296 105
6 9 278 631
6 10 412 104
6 11 200 480
6 12 269 136
6 13 217 347
6 14 122 806
6 15 667 643
6 16 719 594
7 8 564 829
7 9 556 151
7 10 671 651
7 11 451 836
7 12 102 613
7 13 422 998
7 14 340 311
7 15 551 113
7 16 839 944
8 9 41 714
8 10 118 209
8 11 116 550
8 12 562 216
8 13 401 346
8 14 357 910
8 15 744 730
8 16 543 655
9 10 148 556
9 11 121 812
9 12 546 499
9 13 365 923
9 14 327 428
9 15 767 44
9 16 584 930
10 11 221 426
10 12 675 110
10 13 512 378
10 14 474 704
10 15 784 563
10 16 484 547
11 12 456 532
11 13 356 349
11 14 289 712
11 15 654 796
11 16 550 126
12 13 348 471
12 14 280 715
12 15 650 514
12 16 899 655
13 14 98 970
13 15 879 924
13 16 905 401
14 15 781 384
14 16 830 792
15 16 584 912
