19 2
0 2 430 309
0 3 679 882
0 5 659 545
0 6 384 438
0 7 397 427
0 8 523 532
0 9 632 417
0 10 716 535
0 11 491 181
0 12 567 383
0 14 390 429
0 15 548 407
0 16 548 174
0 17 355 551
0 18 97 91
1 2 284 130
1 4 401 470
1 5 673 763
1 6 306 450
1 7 318 603
1 8 217 456
1 9 112 273
1 11 210 317
1 12 1041 556
1 15 726 807
1 16 224 550
1 18 674 465
2 3 798 782
2 5 473 639
2 6 61 348
2 7 35 580
2 8 93 379
2 10 286 236
2 13 571 423
2 14 55 181
2 15 478 684
2 16 290 426
2 17 107 313
3 4 898 1206
3 5 495 506
3 7 772 1298
3 8 851 403
3 11 980 981
3 14 808 929
3 15 362 933
3 16 1069 810
3 17 820 519
4 6 467 751
4 7 430 137
4 8 331 817
4 9 504 651
4 11 524 225
4 12 927 97
4 13 921 132
4 14 461 423
4 15 539 704
4 16 588 531
4 17 512 772
4 18 848 310
5 6 516 356
5 7 466 963
5 8 478 441
5 9 734 534
5 15 162 439
5 16 760 401
5 17 552 588
6 7 51 844
6 9 291 189
6 10 334 507
6 13 531 669
6 15 504 614
6 17 46 235
6 18 399 529
7 8 126 921
7 9 320 764
7 10 320 701
7 11 214 328
7 13 537 176
7 14 47 558
7 15 459 692
7 16 307 566
7 17 93 891
7 18 423 347
8 9 257 185
8 10 193 486
8 11 209 595
8 12 826 871
8 13 663 748
8 14 139 528
8 15 512 728
8 16 292 521
8 17 187 157
8 18 544 622
9 10 272 318
9 11 142 436
9 12 1048 713
9 14 289 345
9 15 765 709
9 16 119 465
9 17 296 134
9 18 612 501
10 11 322 432
10 12 984 656
10 13 856 581
10 14 328 143
10 16 369 662
10 17 371 351
11 12 926 278
11 14 173 301
11 16 93 355
11 17 164 564
11 18 472 175
12 14 760 513
12 15 393 667
12 16 1011 527
12 18 662 306
13 15 573 572
13 16 707 406
13 18 218 183
14 15 503 830
14 17 52 423
14 18 405 464
15 17 530 822
15 18 637 412
16 18 516 223
