17 3
0 2 352 766 673
0 3 419 735 595
0 4 536 445 447
0 5 675 412 630
0 6 349 138 566
0 9 631 820 192
0 11 339 168 610
0 12 477 457 95
0 14 278 396 208
1 4 212 336 841
1 5 905 191 689
1 6 601 616 197
1 7 786 318 676
1 11 840 539 474
2 4 763 735 535
2 11 369 740 67
2 12 190 518 578
3 4 355 977 568
3 6 426 777 415
3 7 636 621 432
3 8 265 888 594
3 10 573 636 335
3 14 679 499 473
3 15 454 337 528
3 16 233 139 513
4 11 874 589 474
4 13 695 132 198
4 14 808 481 258
4 15 732 928 623
4 16 157 846 485
5 6 1024 532 739
5 8 776 377 320
5 13 603 452 452
5 14 736 32 427
5 15 986 566 701
5 16 871 386 608
6 8 296 717 859
6 12 806 504 519
6 16 646 703 454
7 8 402 453 229
7 9 956 661 292
7 12 640 357 246
7 13 307 454 145
7 14 192 217 114
7 15 228 528 459
7 16 816 508 330
8 10 513 359 870
8 12 615 706 451
8 13 360 146 256
8 14 415 405 316
8 16 415 749 543
9 12 697 425 221
9 13 739 886 154
9 14 873 466 209
9 15 886 588 434
10 11 805 704 385
10 12 504 560 838
10 13 572 497 890
10 14 712 318 805
10 15 791 799 832
11 13 248 665 518
11 14 106 386 446
11 16 864 531 550
12 14 455 302 137
12 15 758 240 240
12 16 850 205 94
13 14 146 475 109
13 15 425 970 455
14 15 373 535 366
15 16 665 364 148
