15 2
0 1 782 541
0 2 752 524
0 3 278 727
0 4 221 398
0 5 669 527
0 6 824 809
0 7 595 649
0 8 749 790
0 9 643 62
0 10 406 490
0 11 629 310
0 12 473 543
0 13 471 716
0 14 690 630
1 2 198 413
1 3 553 1063
1 4 677 332
1 5 283 932
1 6 812 1010
1 7 611 978
1 8 104 744
1 9 1007 508
1 10 397 418
1 11 832 235
1 12 407 885
1 13 504 178
1 14 898 414
2 3 486 716
2 4 599 141
2 5 439 647
2 6 965 613
2 7 738 636
2 8 288 342
2 9 1102 463
2 10 347 37
2 11 947 411
2 12 300 565
2 13 600 485
2 14 1017 117
3 4 125 736
3 5 530 219
3 6 865 259
3 7 606 85
3 8 549 624
3 9 811 697
3 10 156 690
3 11 729 918
3 12 196 188
3 13 441 1184
3 14 801 808
4 5 648 625
4 6 939 680
4 7 685 652
4 8 673 472
4 9 832 339
4 10 280 119
4 11 779 276
4 12 299 564
4 13 529 451
4 14 848 233
5 6 531 414
5 7 333 169
5 8 182 667
5 9 741 506
5 10 400 614
5 11 557 756
5 12 480 113
5 13 261 1073
5 14 620 756
6 7 261 252
6 8 709 414
6 9 404 763
6 10 810 598
6 11 236 919
6 12 920 316
6 13 429 1098
6 14 230 675
7 8 514 570
7 9 415 617
7 10 551 609
7 11 224 834
7 12 662 107
7 13 168 1100
7 14 287 731
8 9 917 729
8 10 395 354
8 11 737 748
8 12 434 556
8 13 421 777
8 14 802 338
9 10 831 429
9 11 200 284
9 12 944 510
9 13 506 679
9 14 175 570
10 11 714 394
10 12 114 535
10 13 383 502
10 14 788 155
11 12 829 731
11 13 349 413
11 14 74 473
12 13 496 1015
12 14 903 668
13 14 421 441
