19 2
0 1 546 335
0 2 650 353
0 4 508 570
0 5 819 402
0 6 278 554
0 8 60 403
0 9 302 605
0 10 295 435
0 11 459 560
0 12 459 111
0 13 620 573
0 14 433 41
0 15 537 273
0 16 388 208
0 17 613 268
1 2 585 683
1 3 660 749
1 4 803 771
1 5 447 282
1 6 776 590
1 7 742 432
1 8 567 464
1 9 262 546
1 10 747 337
1 11 683 834
1 12 409 400
1 13 80 557
1 14 785 294
1 15 874 425
1 16 892 531
1 17 507 92
1 18 701 126
2 4 430 450
2 5 381 662
2 6 920 645
2 7 204 279
2 8 613 532
2 9 623 767
2 10 944 672
2 11 322 312
2 13 641 705
2 14 485 392
2 15 512 500
2 16 1019 154
2 18 254 695
3 4 145 514
3 7 275 329
3 9 543 850
3 10 670 755
3 11 62 351
3 13 737 789
3 14 140 456
3 15 215 523
3 16 706 230
3 17 371 682
4 5 789 577
4 6 698 343
4 7 275 582
4 8 449 347
4 9 685 506
4 10 753 549
4 11 128 214
4 12 428 459
4 13 880 430
4 14 94 586
4 15 83 829
4 16 761 434
4 17 463 761
4 18 177 706
5 7 585 503
5 8 807 232
5 9 638 264
5 11 666 702
5 14 823 372
5 15 873 619
5 16 1206 515
5 17 328 337
5 18 622 165
6 7 898 624
6 8 307 152
6 10 79 274
6 11 688 534
6 14 607 546
6 15 697 823
6 16 116 545
6 17 888 621
7 8 604 477
7 10 938 533
7 14 355 144
7 15 347 249
7 16 981 163
7 17 270 358
7 18 120 478
8 9 337 234
8 10 335 202
8 11 405 493
8 13 643 180
8 14 373 395
8 16 410 414
8 17 582 483
9 11 587 692
9 12 408 550
9 13 328 76
9 14 639 587
9 17 557 599
9 18 639 424
10 11 732 687
10 12 751 408
10 13 808 224
10 14 664 408
10 15 759 663
10 17 906 389
10 18 822 218
11 12 300 455
11 13 759 617
11 14 164 589
11 15 209 779
11 16 767 370
11 17 344 801
12 13 478 506
12 15 508 376
12 17 159 352
12 18 297 405
13 15 952 833
13 17 563 600
13 18 773 442
14 15 105 277
14 16 668 245
14 17 505 229
15 18 258 525
16 17 991 474
