22 2
0 3 562 601
0 6 634 208
0 12 655 626
0 21 290 583
1 7 316 534
1 12 45 205
1 16 191 601
1 17 640 230
2 10 829 697
2 12 856 800
2 18 687 467
3 4 458 639
3 12 98 555
3 13 684 552
3 14 612 704
3 15 508 495
4 9 592 689
4 11 504 1003
4 18 507 304
4 20 537 866
4 21 550 588
5 12 641 630
5 16 607 758
6 10 555 230
6 13 99 473
6 14 549 317
7 10 657 461
7 11 310 435
7 13 530 475
7 18 127 434
8 11 238 836
8 16 323 547
9 17 198 481
10 12 556 250
10 13 653 261
10 14 55 241
10 15 915 228
10 16 681 503
10 20 671 499
11 18 418 816
11 20 175 209
12 19 634 122
13 15 571 489
13 20 398 273
14 18 670 577
15 19 844 490
17 20 380 373
19 20 596 220
