17 2
0 1 754 640
0 2 682 606
0 3 674 1066
0 5 646 497
0 6 726 667
0 7 239 81
0 8 777 884
0 9 338 845
0 11 625 727
0 12 455 665
0 15 278 576
1 4 1002 158
1 5 1053 210
1 6 985 100
1 7 519 715
1 9 416 537
1 12 299 31
1 13 645 723
2 3 37 494
2 4 697 118
2 6 645 65
2 8 309 299
2 9 412 471
2 11 283 663
2 12 363 107
2 13 332 644
2 15 630 340
3 5 712 718
3 6 608 429
3 8 275 196
3 9 419 398
3 10 877 917
3 11 313 767
3 12 379 504
3 13 299 730
3 15 637 563
3 16 827 822
4 5 51 176
4 6 168 182
4 7 705 566
4 8 517 412
4 9 711 523
4 10 827 380
4 11 869 647
4 12 789 187
4 13 366 634
4 14 211 284
4 15 824 331
4 16 191 281
5 7 750 563
5 8 558 522
5 9 758 694
5 10 856 211
5 11 920 815
5 13 417 805
5 14 260 215
5 15 867 505
5 16 162 364
6 7 775 746
6 9 756 438
6 10 954 503
6 11 862 666
6 12 814 116
6 13 344 644
6 14 284 460
6 15 904 347
6 16 347 443
7 9 113 923
7 10 373 551
7 11 397 788
7 12 222 739
7 13 484 806
7 14 501 353
7 15 135 654
7 16 765 329
8 9 621 368
8 10 1006 723
8 12 619 310
8 14 433 693
8 15 829 435
9 10 486 902
9 11 287 371
9 12 117 555
9 13 436 333
9 15 219 269
9 16 797 603
10 12 588 413
10 13 759 986
10 14 676 231
10 15 313 697
10 16 797 478
11 12 176 769
11 13 519 40
11 14 668 795
11 15 462 324
11 16 998 548
12 14 579 418
12 15 292 446
12 16 892 468
13 14 204 796
13 15 619 306
14 16 336 257
