21 2
0 1 840 654
0 7 816 809
0 11 556 392
0 16 718 200
0 18 669 135
1 3 733 677
1 7 790 683
1 11 857 262
1 12 386 162
1 18 599 769
2 3 102 328
2 5 759 431
2 7 121 433
2 12 426 430
2 16 771 574
3 4 229 85
3 12 355 521
3 14 466 270
3 15 737 52
3 18 148 702
3 19 323 624
4 11 447 535
4 13 324 568
5 10 218 265
6 8 564 797
6 9 502 785
6 10 791 554
6 20 797 208
7 14 528 325
7 16 796 1008
7 18 213 822
8 17 169 360
9 14 521 450
9 19 161 837
9 20 539 585
10 13 596 38
10 18 532 556
11 12 547 285
11 13 221 860
11 16 809 544
12 16 419 814
13 16 590 767
14 18 336 576
15 17 189 431
16 18 590 226
17 19 316 457
17 20 128 312
19 20 405 341
