19 4
0 1 381 407 548 346
0 2 669 101 412 368
0 3 435 343 252 409
0 4 366 335 226 310
0 5 332 968 793 289
0 6 143 432 524 395
0 7 627 170 508 369
0 8 208 286 606 345
0 9 125 49 506 205
0 10 480 172 710 300
0 11 288 676 599 128
0 12 477 855 789 548
0 13 643 688 115 276
0 14 447 600 466 488
0 15 684 626 558 403
0 16 490 761 576 621
0 17 375 254 671 281
0 18 563 795 296 267
1 2 288 342 139 208
1 3 217 173 347 469
1 4 622 330 744 477
1 5 439 562 433 616
1 6 518 253 522 373
1 7 502 420 729 694
1 8 256 443 682 670
1 9 463 418 741 550
1 10 684 564 500 543
1 11 545 479 52 269
1 12 97 495 652 635
1 13 502 446 620 361
1 14 798 206 455 823
1 15 344 534 777 139
1 16 115 355 308 610
1 17 556 190 217 592
1 18 666 544 552 530
2 3 346 250 212 285
2 4 890 359 605 608
2 5 654 894 470 656
2 6 803 424 442 176
2 7 607 111 619 634
2 8 532 209 597 713
2 9 742 84 629 558
2 10 901 270 483 643
2 11 796 575 189 363
2 12 197 764 622 444
2 13 594 682 482 510
2 14 1083 522 368 772
2 15 187 529 669 102
2 16 193 696 289 402
2 17 807 229 287 649
2 18 835 695 425 438
3 4 759 420 407 717
3 5 312 662 541 638
3 6 538 394 331 114
3 7 719 290 436 480
3 8 410 282 459 689
3 9 461 333 443 516
3 10 556 514 474 706
3 11 471 371 394 487
3 12 253 514 575 166
3 13 719 614 288 657
3 14 882 289 259 612
3 15 272 386 489 387
3 16 282 484 325 215
3 17 717 243 427 654
3 18 494 470 222 281
4 5 696 822 906 297
4 6 386 148 557 686
4 7 544 470 430 571
4 8 366 561 578 323
4 9 446 378 420 344
4 10 802 401 782 112
4 11 612 785 794 247
4 12 697 818 819 858
4 13 570 371 125 123
4 14 265 521 526 642
4 15 965 802 468 596
4 16 697 597 696 924
4 17 118 178 829 243
4 18 915 867 303 554
5 6 349 681 402 657
5 7 874 951 659 312
5 8 460 931 518 57
5 9 267 975 676 124
5 10 249 1125 190 193
5 11 180 640 415 351
5 12 519 298 321 737
5 13 883 641 807 373
5 14 722 374 395 352
5 15 575 791 684 690
5 16 544 225 217 851
5 17 705 741 221 55
5 18 248 569 614 386
6 7 751 533 259 551
6 8 346 601 159 711
6 9 84 468 275 541
6 10 416 532 237 694
6 11 229 731 546 444
6 12 614 706 268 268
6 13 769 258 488 610
6 14 373 410 76 688
6 15 801 776 290 277
6 16 629 457 258 248
6 17 435 197 444 664
6 18 537 793 255 346
7 8 428 118 175 334
7 9 752 125 18 227
7 10 1087 305 482 488
7 11 905 552 763 493
7 12 496 789 451 515
7 13 27 789 422 602
7 14 808 578 294 139
7 15 768 477 53 707
7 16 474 766 509 667
7 17 426 336 692 362
7 18 1121 681 228 205
8 9 330 242 192 173
8 10 660 420 331 212
8 11 477 462 705 404
8 12 336 737 278 783
8 13 442 851 543 411
8 14 554 564 229 352
8 15 599 369 178 746
8 16 340 764 410 902
8 17 308 406 595 86
8 18 708 596 311 431
9 10 365 193 500 265
9 11 171 649 775 304
9 12 560 847 469 613
9 13 768 725 417 382
9 14 457 603 309 312
9 15 728 591 52 604
9 16 577 773 524 728
9 17 479 282 707 155
9 18 469 772 231 264
10 11 194 842 501 284
10 12 767 1025 156 834
10 13 1099 772 699 219
10 14 741 764 256 544
10 15 808 781 502 648
10 16 792 912 196 920
10 17 843 390 332 138
10 18 175 964 480 506
11 12 636 361 655 640
11 13 919 900 670 170
11 14 581 402 482 606
11 15 741 158 809 364
11 16 659 579 316 686
11 17 650 611 194 324
11 18 311 137 593 391
12 13 491 771 756 810
12 14 886 298 323 629
12 15 289 519 454 545
12 16 28 339 344 173
12 17 620 683 488 763
12 18 734 272 522 352
13 14 833 515 444 693
13 15 759 977 469 486
13 16 468 447 593 855
13 17 452 453 714 326
13 18 1129 930 237 541
14 15 1124 513 334 844
14 16 892 206 217 789
14 17 382 396 398 407
14 18 890 416 225 343
15 16 304 707 545 493
15 17 900 624 731 675
15 18 713 284 281 520
16 17 616 524 186 869
16 18 762 556 414 482
17 18 938 700 573 417
