18 3
0 2 666 745 857
0 3 525 701 235
0 4 747 218 482
0 8 748 465 702
0 9 701 724 44
0 10 600 542 936
0 11 551 504 176
0 14 273 123 847
0 16 461 713 381
1 2 659 843 781
1 7 786 182 361
1 8 574 280 67
1 9 625 665 636
1 10 461 800 301
1 12 524 334 145
1 15 265 493 864
2 5 452 610 467
2 6 630 661 1087
2 7 316 731 444
2 10 375 461 934
2 12 856 966 761
2 13 543 334 576
2 16 216 92 801
3 4 386 751 667
3 5 834 564 556
3 6 322 670 81
3 7 998 726 773
3 8 690 655 625
3 9 866 420 274
3 14 300 800 998
3 15 596 389 606
3 17 484 688 690
4 5 581 253 271
4 8 433 674 722
4 9 720 877 440
4 13 822 786 196
4 15 732 391 336
4 16 722 801 556
5 6 601 502 636
5 8 150 443 451
5 9 257 627 435
5 11 558 440 448
5 14 904 252 462
5 17 548 336 206
6 10 385 806 892
6 11 580 149 191
6 13 400 349 674
6 15 315 490 666
6 17 503 213 771
7 9 177 500 705
7 11 458 242 675
7 12 770 498 318
7 14 1010 379 448
7 16 433 656 484
7 17 770 91 384
8 9 327 399 703
8 13 732 359 828
8 14 786 452 816
8 15 642 443 929
9 12 702 906 761
9 13 615 93 337
9 16 257 284 389
9 17 718 518 495
10 13 566 636 1045
10 16 283 504 558
11 12 877 661 645
11 13 413 213 513
11 17 915 256 581
12 15 738 536 959
12 17 73 426 636
13 14 433 689 563
13 17 890 458 301
14 15 403 417 695
14 17 721 299 314
15 16 301 414 662
15 17 798 391 441
