12 2
0 1 669 372
0 2 652 604
0 3 293 313
0 4 325 240
0 5 243 115
0 6 601 762
0 7 401 377
0 8 364 257
0 9 585 141
0 10 358 202
0 11 344 796
1 2 489 234
1 3 377 409
1 4 994 417
1 5 907 420
1 6 302 462
1 7 376 33
1 8 321 187
1 9 186 308
1 10 939 459
1 11 332 427
2 3 483 570
2 4 906 606
2 5 874 640
2 6 188 393
2 7 281 227
2 8 535 383
2 9 609 540
2 10 1008 688
2 11 424 193
3 4 617 89
3 5 532 228
3 6 364 871
3 7 204 389
3 8 98 224
3 9 313 412
3 10 589 514
3 11 66 737
4 5 121 143
4 6 897 873
4 7 697 403
4 8 687 231
4 9 905 356
4 10 311 441
4 11 666 783
5 6 841 846
5 7 639 417
5 8 592 262
5 9 805 253
5 10 214 307
5 11 586 828
6 7 201 484
6 8 389 648
6 9 426 638
6 10 940 738
6 11 298 427
7 8 271 172
7 9 411 325
7 10 746 477
7 11 151 419
8 9 223 273
8 10 618 416
8 11 121 568
9 10 802 153
9 11 300 731
10 11 653 877
