25 2
0 1 312 305
0 10 280 642
0 12 269 355
0 22 576 146
0 24 341 841
1 16 878 453
1 17 1011 305
1 20 601 288
1 21 92 642
1 22 886 330
2 9 500 438
2 12 366 272
2 13 201 579
2 15 352 334
2 19 361 349
2 20 355 89
2 22 728 63
2 24 290 760
3 8 565 472
3 9 389 222
3 13 367 397
3 17 696 350
3 19 685 169
3 21 289 79
3 22 571 340
4 6 600 452
4 9 580 383
4 16 675 203
4 21 506 199
4 24 75 510
5 7 650 616
5 12 183 102
5 14 551 109
5 17 707 187
5 18 748 456
5 19 474 55
5 24 170 471
6 15 527 624
6 19 766 400
7 8 267 711
7 16 329 584
7 18 683 243
7 22 530 391
8 9 947 681
8 12 536 464
8 13 713 861
8 18 440 749
8 20 561 541
8 23 221 609
8 24 621 802
9 10 121 227
9 15 733 498
9 20 626 352
10 14 912 393
10 19 827 246
11 13 404 937
11 16 1004 668
12 14 437 173
12 15 226 271
12 17 525 287
12 21 479 210
12 24 98 497
13 14 408 351
13 15 176 678
13 19 321 272
14 17 456 153
14 18 428 351
14 23 574 428
15 20 153 347
15 23 465 481
16 18 372 466
16 22 269 194
16 23 217 334
18 20 534 269
18 23 436 775
19 20 398 266
19 21 792 217
19 22 636 289
22 23 257 526
22 24 442 697
23 24 404 199
