14 4
0 2 845 407 404 554
0 3 387 199 76 219
0 4 495 433 537 91
0 7 68 442 538 719
0 13 198 281 445 172
1 4 281 769 396 334
2 13 671 688 812 393
3 4 330 628 604 141
3 7 376 575 612 513
3 12 424 713 614 643
4 10 424 707 638 259
4 11 489 83 345 870
4 12 705 431 207 780
5 7 564 720 665 2
5 12 713 857 734 150
6 7 631 298 373 194
6 10 611 721 589 589
7 8 692 721 807 596
7 11 152 397 155 451
7 12 412 153 176 149
8 11 613 659 652 1021
8 12 641 874 801 623
9 10 679 196 476 183
9 12 1016 741 993 683
9 13 627 833 756 310
10 11 231 789 572 640
10 13 212 637 294 229
11 12 265 489 209 526
