21 4
0 9 467 793 621 549
0 17 702 726 391 677
1 5 355 95 274 435
1 8 246 195 90 314
1 15 472 789 749 614
2 5 620 629 347 347
2 11 1004 294 64 456
2 12 404 232 574 379
2 14 633 188 459 775
2 15 691 143 891 182
2 18 748 758 416 576
2 20 938 680 215 105
3 4 142 147 514 945
3 12 348 361 711 773
4 8 347 253 377 388
4 10 728 853 497 776
4 11 753 712 775 1126
4 14 423 532 932 570
4 18 508 863 765 773
5 6 447 592 207 355
5 13 680 265 297 433
5 14 94 547 382 457
5 16 215 292 604 534
6 11 706 666 490 876
6 12 977 371 337 209
6 14 352 266 583 740
7 15 802 697 707 600
9 16 191 122 569 313
9 17 496 322 416 461
9 18 406 892 245 245
9 20 418 104 448 437
10 20 189 854 419 119
11 18 280 473 367 512
12 14 686 173 373 897
12 15 878 375 318 455
12 16 432 629 690 916
12 17 786 648 425 618
12 20 801 459 508 349
13 15 1018 539 771 237
13 16 466 462 393 488
13 19 670 603 176 642
14 15 281 299 609 594
14 20 419 533 270 876
15 16 564 1002 829 461
15 19 512 99 598 460
15 20 669 817 807 287
16 17 360 229 412 695
