10 4
0 1 614 794 441 301
0 2 436 385 558 184
0 3 555 465 402 621
0 4 814 559 225 552
0 5 243 644 197 326
0 6 469 356 622 231
0 7 712 484 868 263
0 8 757 82 404 763
0 9 486 1057 767 161
1 2 458 419 178 438
1 3 231 471 127 878
1 4 1149 768 309 446
1 5 851 154 408 539
1 6 621 694 313 179
1 7 461 343 465 463
1 8 872 724 169 648
1 9 219 361 360 452
2 3 252 313 156 446
2 4 691 599 472 531
2 5 653 282 568 148
2 6 163 429 145 298
2 7 287 201 499 103
2 8 438 326 345 723
2 9 240 728 210 84
3 4 937 315 339 817
3 5 797 329 428 347
3 6 411 228 243 718
3 7 249 154 578 420
3 8 643 382 269 942
3 9 76 627 365 465
4 5 844 637 100 507
4 6 528 208 581 339
4 7 840 469 669 463
4 8 383 495 204 213
4 9 930 829 668 604
5 6 644 545 670 373
5 7 938 191 758 75
5 8 892 572 299 672
5 9 729 450 766 218
6 7 375 356 617 298
6 8 305 289 482 552
6 9 402 846 215 338
7 8 485 406 468 643
7 9 313 574 463 185
8 9 661 978 510 801
