19 4
0 1 457 478 227 507
0 2 868 846 834 607
0 7 393 779 683 438
0 8 406 599 229 621
0 9 778 71 652 769
0 10 216 662 740 553
0 11 305 881 389 473
0 12 600 625 166 185
0 15 112 953 727 721
0 16 645 916 763 621
0 18 340 73 826 224
1 2 461 381 735 115
1 5 647 490 388 846
1 6 833 56 536 313
1 8 150 209 29 248
1 10 331 280 618 279
1 11 593 411 297 714
1 12 339 274 78 329
1 13 395 114 292 121
1 15 430 476 503 297
1 16 196 439 667 116
1 17 646 12 368 587
2 3 908 61 430 353
2 4 860 338 627 542
2 5 577 599 562 881
2 6 1180 397 251 365
2 7 1154 350 155 214
2 8 462 274 708 303
2 9 479 904 549 246
2 11 875 44 451 754
2 12 329 296 721 435
2 13 705 268 907 211
2 14 1182 326 318 82
2 15 872 152 840 195
2 17 787 369 400 631
2 18 724 805 538 693
3 4 310 284 531 748
3 5 553 544 132 866
3 8 510 213 407 650
3 10 305 417 293 716
3 11 41 103 297 768
3 14 314 273 139 349
3 16 774 176 384 387
3 18 636 747 233 978
4 5 715 451 575 541
4 6 388 59 377 641
4 7 379 404 472 393
4 8 399 151 304 595
4 9 757 566 614 689
4 11 278 372 239 417
4 12 585 217 253 158
4 13 217 85 617 476
4 14 379 288 456 622
4 15 138 446 784 642
4 16 644 408 558 561
4 17 493 49 428 314
4 18 357 474 763 301
5 7 820 311 497 842
5 8 510 361 377 1065
5 9 111 652 50 877
5 10 537 764 425 1038
5 11 542 643 362 134
5 12 329 310 437 682
5 14 867 274 264 957
5 15 814 750 285 857
5 17 324 488 204 261
6 7 36 431 98 283
6 8 742 186 506 65
6 11 322 431 238 989
6 12 864 243 504 484
6 13 476 143 761 202
6 14 23 311 243 360
6 15 489 505 779 553
6 17 538 59 295 862
6 18 738 415 579 619
7 8 720 253 572 223
7 10 495 672 136 217
7 11 291 389 307 708
7 13 452 406 801 87
7 15 487 497 782 394
7 16 985 475 86 207
7 17 503 453 305 581
7 18 733 716 538 486
8 10 225 435 591 103
8 11 470 316 268 931
8 12 234 69 67 440
8 14 740 141 419 304
8 16 266 380 639 264
8 17 498 200 345 804
8 18 343 549 604 601
9 10 567 694 413 608
9 11 616 938 393 768
9 12 279 692 486 623
9 13 541 644 432 457
9 15 842 1007 291 53
9 16 577 969 508 277
9 18 835 143 179 897
10 11 264 437 351 905
10 12 387 504 612 381
10 13 73 271 773 158
10 14 515 574 184 382
10 15 277 436 705 558
10 16 489 408 99 331
10 17 382 279 268 779
11 12 551 340 271 552
11 13 197 297 536 794
11 14 331 370 219 831
11 15 415 109 612 743
11 17 248 399 191 128
11 18 596 842 529 695
12 13 397 233 368 329
12 14 869 72 449 510
12 15 635 445 576 572
12 16 310 413 651 444
12 17 463 266 382 436
12 18 575 569 661 277
13 14 477 303 590 248
13 16 541 326 848 187
13 17 313 102 507 667
13 18 432 557 591 536
14 15 475 478 549 199
14 16 1002 449 261 67
14 17 553 337 83 709
14 18 726 605 345 759
15 17 621 465 485 634
15 18 255 920 374 845
16 17 730 427 342 667
