12 4
0 1 312 467 835 214
0 2 209 375 255 636
0 3 309 220 965 501
0 5 398 436 254 371
0 6 321 720 549 569
0 8 468 853 678 696
0 11 507 565 824 263
1 2 478 213 658 506
1 3 223 256 337 450
1 4 354 340 301 386
1 5 580 318 603 451
1 6 181 522 320 373
1 7 717 237 276 63
1 9 222 295 817 682
1 10 652 57 648 394
1 11 201 124 90 163
2 3 517 171 729 926
2 4 733 292 514 568
2 5 531 120 85 955
2 6 526 389 438 271
2 7 614 26 583 514
2 8 673 558 430 894
2 9 591 398 159 915
2 10 952 256 273 206
2 11 648 335 670 376
3 4 217 121 594 502
3 7 534 166 149 420
3 8 166 643 312 316
3 9 441 280 872 534
3 10 464 313 835 761
4 5 529 383 436 686
4 6 212 671 77 298
4 7 653 286 477 326
4 11 422 431 245 464
5 6 446 288 361 806
5 8 526 619 429 589
5 9 800 516 226 802
5 11 771 435 607 588
6 8 147 666 445 632
6 9 394 779 587 644
6 10 484 527 340 65
6 11 335 607 283 331
7 8 657 584 185 490
7 9 936 408 730 619
7 10 648 281 688 378
7 11 909 360 360 205
8 10 382 330 591 694
8 11 352 296 471 690
9 10 827 331 350 709
9 11 120 315 828 797
10 11 726 85 622 324
