15 3
0 1 91 409 726
0 2 549 586 459
0 3 816 950 141
0 4 504 643 907
0 5 521 283 278
0 6 392 511 918
0 7 647 155 74
0 9 686 48 718
0 10 761 831 816
0 11 854 337 383
0 12 929 118 535
0 14 394 639 167
1 2 598 716 352
1 3 905 1233 850
1 4 522 904 320
1 6 482 920 387
1 9 771 408 769
1 10 831 1032 480
1 11 944 699 909
1 12 995 522 730
1 13 964 419 276
2 3 819 578 600
2 6 530 769 459
2 7 340 471 458
2 8 509 567 293
2 9 438 538 481
2 10 300 323 381
2 11 843 443 561
2 13 811 437 445
2 14 679 477 566
3 4 982 329 1045
3 5 1145 741 170
3 6 427 768 1058
3 7 513 795 174
3 8 314 844 774
3 9 420 914 839
3 10 691 298 957
3 12 808 857 653
3 13 103 1015 1033
3 14 465 342 133
4 5 205 414 1175
4 7 539 492 908
4 8 668 558 468
4 9 633 603 654
4 10 507 220 269
4 11 1010 356 967
4 12 619 564 697
4 13 988 707 53
5 7 735 187 267
5 8 835 287 853
5 11 1176 267 412
5 12 819 270 691
5 13 1162 418 1168
6 8 209 369 426
6 9 378 517 598
6 10 573 825 206
6 11 464 333 946
6 12 742 400 660
6 13 482 999 133
6 14 167 440 1018
7 8 244 100 604
7 11 529 188 309
7 12 353 87 480
7 13 485 575 903
8 9 191 147 210
8 10 439 764 236
8 12 592 31 236
8 14 350 517 783
9 10 272 787 393
9 11 434 311 501
9 12 408 116 189
9 13 387 543 688
9 14 534 610 879
10 11 702 571 776
10 12 173 766 471
10 13 648 752 310
10 14 740 404 941
11 12 812 231 326
11 13 78 684 978
11 14 505 304 539
12 13 749 637 720
13 14 546 860 978
