24 3
0 1 291 361 384
0 2 243 211 330
0 3 206 356 352
0 9 618 112 259
0 11 189 551 530
0 14 317 527 216
0 16 565 313 573
0 18 337 160 299
0 19 511 650 447
0 20 415 610 220
0 21 458 576 553
0 22 259 645 128
1 8 867 366 600
1 9 712 458 641
1 10 439 927 857
1 12 880 658 386
1 14 450 865 182
1 17 808 642 986
1 18 553 203 607
2 5 242 530 553
2 8 407 338 612
2 15 431 748 551
3 4 372 291 363
3 6 270 426 368
3 13 525 264 263
3 18 451 454 62
3 20 386 256 225
3 22 145 359 356
4 8 711 31 422
4 10 102 587 193
4 16 312 254 624
5 9 478 286 510
5 20 203 579 721
5 22 158 734 645
6 7 404 177 242
6 11 349 439 501
6 19 619 785 733
6 23 59 426 458
7 9 303 51 702
7 15 521 637 369
7 21 563 514 758
7 22 104 588 494
8 11 746 685 248
8 15 770 443 165
8 19 510 456 443
8 22 496 471 287
9 10 327 549 219
9 13 95 509 206
9 17 119 203 378
9 21 689 502 318
9 23 687 460 209
10 13 313 41 32
10 23 655 653 424
11 15 38 1056 373
11 17 866 472 236
12 15 705 450 101
12 16 725 81 805
12 18 576 483 257
12 20 819 218 98
13 14 990 710 660
13 15 861 558 463
13 17 186 318 182
13 21 682 298 148
13 23 766 621 414
14 15 151 1053 314
14 18 158 679 427
14 19 826 1089 663
14 20 716 780 276
16 18 869 413 665
16 23 665 518 473
17 20 491 345 560
18 20 753 691 164
18 22 567 671 294
19 20 270 523 545
19 21 579 327 395
19 23 606 1040 359
20 21 311 196 479
21 23 709 807 525
