23 2
0 3 656 579
0 11 974 513
0 13 655 100
0 22 597 243
1 2 183 453
1 10 111 698
1 16 413 460
2 3 500 58
2 9 380 731
2 11 723 463
2 12 337 137
2 14 594 434
2 18 195 635
2 20 229 241
3 5 836 86
3 6 509 289
3 13 516 589
3 20 412 183
3 21 170 360
4 5 787 659
4 7 631 465
4 9 483 537
4 10 745 532
4 15 269 481
4 22 622 276
5 7 213 394
5 8 341 548
5 10 219 537
5 19 470 148
6 10 660 281
6 13 195 461
6 14 623 215
6 18 717 349
7 21 672 661
8 9 880 571
8 12 922 666
8 18 811 469
8 19 654 425
9 15 687 326
9 17 516 333
10 17 125 168
10 21 579 498
11 19 552 359
11 22 650 338
12 14 873 511
12 16 720 505
12 18 292 674
12 21 254 211
13 20 191 456
13 22 371 280
14 18 783 248
14 21 801 516
15 19 591 378
16 21 587 500
16 22 244 260
17 19 342 416
18 20 387 578
19 22 448 274
20 21 277 515
