16 4
0 1 402 725 906 50
0 3 267 100 526 527
0 4 526 423 618 226
0 6 496 451 690 738
0 11 85 31 297 448
0 12 541 814 722 608
0 14 400 672 43 333
1 6 431 635 839 696
1 9 331 471 619 287
1 14 362 117 933 383
1 15 158 185 833 482
2 5 316 211 499 113
3 6 278 527 165 518
3 10 583 537 594 322
3 11 287 70 230 535
4 9 706 644 375 292
5 7 629 143 486 477
5 9 398 485 243 214
5 14 284 560 1008 315
6 8 857 427 355 708
6 9 756 799 313 970
6 11 544 470 394 361
6 15 290 706 46 436
7 8 226 152 328 817
8 9 880 639 342 394
8 11 354 53 316 558
8 14 775 712 564 427
9 13 748 701 811 633
9 15 467 294 282 676
10 15 424 324 690 235
13 15 576 425 668 295
