18 3
0 1 130 512 454
0 2 467 706 114
0 3 652 414 454
0 4 647 164 850
0 5 318 443 674
0 6 682 422 466
0 7 551 689 353
0 8 622 687 222
0 9 632 333 140
0 10 460 98 512
0 11 865 374 656
0 12 560 313 588
0 13 570 474 360
0 14 494 250 544
0 15 452 240 922
0 16 586 686 469
0 17 392 659 212
1 2 423 367 372
1 3 555 409 14
1 4 557 473 802
1 5 314 368 235
1 6 586 106 380
1 7 425 495 622
1 8 528 256 315
1 9 561 533 448
1 10 338 415 327
1 11 736 393 272
1 12 493 438 597
1 13 522 342 233
1 14 476 313 276
1 15 420 418 936
1 16 478 242 586
1 17 411 220 584
2 3 867 761 370
2 4 266 744 891
2 5 176 299 603
2 6 319 447 476
2 7 435 192 445
2 8 851 146 108
2 9 928 525 90
2 10 360 618 500
2 11 713 375 603
2 12 870 455 631
2 13 103 254 337
2 14 102 610 515
2 15 833 720 978
2 16 767 167 532
2 17 212 171 221
3 4 832 260 816
3 5 834 636 242
3 6 823 314 393
3 7 522 845 630
3 8 34 664 309
3 9 158 667 444
3 10 538 370 342
3 11 612 607 284
3 12 184 596 610
3 13 936 637 244
3 14 955 209 290
3 15 341 175 949
3 16 105 651 597
3 17 941 628 579
4 5 425 526 775
4 6 54 369 439
4 7 315 768 581
4 8 826 693 941
4 9 934 473 970
4 10 302 164 475
4 11 498 471 650
4 12 891 429 262
4 13 225 546 607
4 14 351 161 538
4 15 903 89 159
4 16 728 687 399
4 17 478 661 1062
5 6 474 377 438
5 7 499 246 770
5 8 813 352 550
5 9 866 229 682
5 10 406 372 349
5 11 810 78 125
5 12 801 158 636
5 13 274 46 366
5 14 177 438 264
5 15 733 534 927
5 16 743 363 679
5 17 108 343 818
6 7 302 548 370
6 8 819 353 510
6 9 932 499 563
6 10 305 327 94
6 11 453 380 340
6 12 893 407 217
6 13 278 363 168
6 14 404 208 179
6 15 915 312 560
6 16 720 342 243
6 17 530 318 675
7 8 519 330 541
7 9 636 429 493
7 10 98 617 460
7 11 321 317 694
7 12 603 390 342
7 13 467 221 407
7 14 537 663 537
7 15 650 766 612
7 16 418 350 190
7 17 596 346 536
8 9 138 577 144
8 10 529 592 515
8 11 627 418 572
8 12 154 492 689
8 13 922 307 352
8 14 937 543 511
8 15 308 654 1041
8 16 102 21 606
8 17 919 36 275
9 10 632 312 590
9 11 764 159 689
9 12 73 95 709
9 13 1008 275 427
9 14 1006 458 604
9 15 230 518 1051
9 16 232 586 600
9 17 968 564 136
10 11 419 311 246
10 12 590 265 289
10 13 408 398 164
10 14 460 177 86
10 15 611 208 611
10 16 434 590 336
10 17 506 563 712
11 12 761 80 523
11 13 711 122 311
11 14 813 402 161
11 15 861 489 803
11 16 535 427 582
11 17 899 405 824
12 13 953 202 376
12 14 945 387 373
12 15 165 460 354
12 16 227 500 152
12 17 902 477 799
13 14 137 446 184
13 15 925 547 726
13 16 833 318 353
13 17 285 299 552
14 15 894 111 681
14 16 856 535 421
14 17 154 509 733
15 16 353 645 454
15 17 826 620 1128
16 17 850 27 675
