11 4
0 3 330 287 76 244
0 4 911 158 353 446
0 5 799 519 754 544
0 7 531 639 284 945
0 8 944 255 666 843
0 10 1029 647 851 468
1 3 18 331 238 751
1 4 614 319 611 406
1 5 477 276 500 432
1 6 544 227 259 206
1 9 341 501 328 403
1 10 711 428 648 675
2 3 276 704 189 134
2 6 549 377 110 688
2 8 576 306 677 807
2 10 643 308 655 359
3 5 474 530 678 393
3 7 241 858 269 832
3 8 852 529 608 800
3 9 356 748 159 843
4 5 245 575 935 132
4 6 289 534 450 420
4 7 611 788 234 502
4 9 820 802 296 537
4 10 200 746 958 293
5 6 88 54 491 501
5 7 394 552 701 441
6 7 423 518 225 501
6 8 914 474 599 250
6 9 843 273 167 603
6 10 218 248 555 713
7 8 1018 414 804 268
