20 3
0 1 266 1102 508
0 2 892 829 542
0 3 741 509 913
0 4 962 926 203
0 5 238 1049 807
0 6 988 884 745
0 7 32 707 851
0 8 676 482 495
0 9 893 667 671
0 10 897 604 363
0 11 592 887 782
0 12 466 747 783
0 13 523 644 780
0 14 868 448 109
0 15 970 395 254
0 16 965 971 221
0 17 447 935 699
0 18 792 801 770
0 19 431 960 151
1 2 753 911 143
1 3 747 672 823
1 4 886 185 605
1 5 73 95 970
1 6 860 346 418
1 7 295 912 468
1 8 420 700 188
1 9 783 445 169
1 10 638 770 200
1 11 412 413 519
1 12 488 653 514
1 13 409 687 465
1 14 933 654 474
1 15 833 787 256
1 16 866 209 321
1 17 375 184 639
1 18 580 365 836
1 19 462 270 384
2 3 451 882 685
2 4 249 759 590
2 5 711 934 865
2 6 111 980 279
2 7 900 124 345
2 8 556 465 74
2 9 103 625 172
2 10 610 268 181
2 11 348 498 376
2 12 526 1109 372
2 13 368 301 326
2 14 672 671 479
2 15 80 884 296
2 16 172 702 326
2 17 450 748 509
2 18 310 578 718
2 19 552 992 447
3 4 318 529 784
3 5 678 597 439
3 6 470 389 471
3 7 732 795 539
3 8 803 420 637
3 9 366 345 809
3 10 950 616 706
3 11 520 637 355
3 12 276 265 364
3 13 396 586 437
3 14 240 212 804
3 15 483 123 811
3 16 377 614 754
3 17 381 547 216
3 18 655 499 266
3 19 310 473 933
4 5 830 176 615
4 6 197 298 724
4 7 962 746 842
4 8 779 515 525
4 9 149 262 748
4 10 855 594 417
4 11 526 277 729
4 12 518 574 734
4 13 478 512 749
4 14 484 478 145
4 15 229 635 362
4 16 87 107 284
4 17 525 22 580
4 18 551 188 602
4 19 553 264 331
5 6 816 253 774
5 7 263 923 881
5 8 438 675 794
5 9 733 410 1030
5 10 660 768 788
5 11 380 444 687
5 12 417 561 697
5 13 355 688 761
5 14 860 603 711
5 15 791 716 835
5 16 814 245 751
5 17 311 186 411
5 18 566 364 187
5 19 390 175 895
6 7 994 936 122
6 8 662 612 276
6 9 110 362 352
6 10 698 760 404
6 11 458 550 118
6 12 596 308 110
6 13 467 692 47
6 14 669 469 656
6 15 40 512 534
6 16 111 405 527
6 17 542 319 365
6 18 409 418 596
6 19 626 89 687
7 8 701 375 364
7 9 897 575 359
7 10 923 183 498
7 11 607 509 195
7 12 459 1034 186
7 13 532 244 120
7 14 852 583 767
7 15 977 785 626
7 16 967 705 631
7 17 452 739 469
7 18 810 559 698
7 19 424 959 780
8 9 635 267 247
8 10 222 197 134
8 11 283 409 355
8 12 648 664 352
8 13 416 187 320
8 14 1037 208 423
8 15 624 420 262
8 16 720 528 274
8 17 475 517 451
8 18 262 349 652
8 19 644 656 416
9 10 706 398 331
9 11 397 292 468
9 12 487 505 461
9 13 379 331 396
9 14 577 226 626
9 15 117 422 417
9 16 87 306 470
9 17 446 269 656
9 18 402 157 875
9 19 518 394 552
10 11 447 394 469
10 12 838 852 467
10 13 594 84 445
10 14 1190 404 299
10 15 658 615 130
10 16 782 571 145
10 17 667 589 501
10 18 307 406 671
10 19 839 788 283
11 12 394 773 10
11 13 147 311 83
11 14 756 492 683
11 15 427 708 596
11 16 484 204 573
11 17 229 261 277
11 18 214 145 504
11 19 398 535 744
12 13 247 807 73
12 14 445 461 686
12 15 590 355 595
12 16 541 679 574
12 17 173 596 286
12 18 591 628 513
12 19 36 391 744
13 14 624 379 688
13 15 447 602 575
13 16 459 486 564
13 17 94 507 350
13 18 347 324 580
13 19 255 715 727
14 15 690 229 222
14 16 562 532 156
14 17 591 489 590
14 18 894 375 664
14 19 471 533 193
15 16 142 712 88
15 17 526 651 599
15 18 370 578 741
15 19 619 596 154
16 17 520 86 539
16 18 481 179 665
16 19 574 366 180
17 18 437 183 231
17 19 172 284 717
18 19 601 417 829
