23 4
0 1 532 346 891 504
0 4 998 256 569 749
0 13 139 380 628 676
0 16 638 600 743 524
0 17 753 550 436 503
0 22 573 282 1056 223
1 5 234 665 395 632
1 9 900 478 690 148
1 10 371 190 799 348
1 19 389 539 568 217
2 3 841 806 702 755
2 10 289 818 412 391
2 13 842 818 460 443
2 18 318 303 412 123
2 19 598 322 792 655
2 22 973 550 736 302
3 11 683 414 246 659
3 12 667 621 688 558
3 14 178 107 376 384
3 16 658 881 562 209
3 22 637 580 579 454
4 9 466 636 373 553
4 10 347 691 474 170
4 13 941 608 60 186
4 15 251 162 152 147
5 8 295 756 618 236
5 11 431 293 417 176
5 20 679 459 668 764
5 22 732 309 453 401
6 13 425 116 516 491
6 15 742 425 544 213
7 10 411 735 762 339
7 15 413 604 391 417
7 20 107 653 228 406
8 12 278 185 423 312
8 15 495 302 185 518
8 17 384 34 279 680
8 20 396 303 86 658
9 10 534 604 113 492
9 13 884 661 433 639
9 19 709 64 632 246
9 20 457 559 435 118
10 20 513 687 542 421
10 22 685 748 964 444
11 12 414 535 797 148
11 13 700 490 285 599
12 15 219 356 429 508
12 16 48 624 335 432
12 17 119 160 633 409
12 19 338 169 776 557
12 20 350 417 508 482
12 22 537 579 150 106
14 18 419 433 171 702
14 21 761 305 271 545
15 20 476 129 228 307
15 22 681 243 414 495
16 19 331 752 663 386
16 20 392 319 181 258
16 21 581 543 430 424
17 18 493 215 203 613
17 19 447 274 544 379
17 21 647 515 322 401
18 19 397 432 424 600
18 21 864 300 183 247
19 20 406 580 731 128
20 22 205 167 555 408
