12 4
0 1 435 810 557 495
0 2 873 394 464 770
0 5 486 720 98 405
0 10 611 204 791 426
1 5 554 181 648 348
1 6 523 556 497 510
1 7 226 748 400 212
1 10 556 902 455 875
1 11 259 711 404 654
2 3 295 481 567 72
2 6 800 460 454 652
2 8 772 504 439 379
2 10 328 224 680 886
2 11 839 542 487 97
3 5 179 421 605 340
3 6 592 290 267 598
3 9 656 478 548 863
4 7 353 972 480 558
5 6 425 473 681 313
5 7 568 793 671 461
5 9 526 564 596 535
5 10 171 847 847 635
6 7 364 518 102 695
6 8 210 146 638 303
6 9 584 190 354 298
7 8 201 623 619 471
7 9 921 682 438 756
7 10 634 467 182 1057
8 11 523 53 172 372
10 11 531 380 663 816
