14 4
0 4 405 252 287 286
0 10 469 532 367 820
0 12 559 455 124 967
1 3 342 477 528 266
1 4 452 76 663 254
1 5 927 445 613 177
1 6 690 781 358 466
1 7 529 267 265 345
1 8 408 926 585 213
1 9 217 334 688 407
1 11 558 372 309 565
2 7 244 471 563 321
2 10 548 797 495 589
2 12 534 377 562 678
2 13 345 585 1217 684
3 4 110 463 799 51
3 5 638 399 774 420
3 10 424 751 685 664
3 11 578 799 800 609
3 12 153 593 540 645
3 13 637 351 291 627
4 9 269 354 448 331
4 11 620 347 581 558
5 6 307 392 678 574
5 7 489 178 353 283
5 8 711 611 32 373
5 9 709 487 454 583
5 10 819 623 327 312
5 11 705 574 528 489
6 8 605 784 647 524
6 9 484 880 938 402
6 11 399 735 151 1030
7 10 343 465 559 585
7 11 246 454 253 220
8 11 725 1170 497 605
9 10 256 607 216 719
9 11 454 700 800 883
9 12 178 586 465 426
9 13 588 287 761 368
11 13 306 448 821 1185
12 13 749 301 667 148
