19 4
0 3 787 252 487 845
0 7 829 417 310 745
0 11 1035 549 1036 48
0 13 724 203 696 620
0 15 160 852 719 781
0 17 317 858 744 752
1 2 137 263 777 507
1 3 792 574 547 716
1 4 653 106 644 502
1 8 943 761 585 334
1 9 698 75 986 409
1 10 143 268 310 352
1 13 421 594 61 424
1 14 357 414 367 704
1 16 485 448 605 332
2 4 640 169 160 711
2 6 867 68 796 684
2 7 53 604 206 535
2 8 873 1015 676 183
2 9 681 331 498 398
2 10 8 396 853 166
2 11 365 469 944 990
2 12 402 830 579 149
2 13 287 857 724 399
2 15 620 233 699 306
2 16 576 683 827 739
2 17 789 455 632 420
2 18 169 626 879 453
3 8 702 263 292 589
3 10 830 455 505 490
3 11 767 472 556 886
3 12 908 31 252 622
3 14 435 335 182 131
3 17 490 619 257 136
4 6 449 161 831 464
4 7 666 446 201 392
4 9 48 165 611 319
4 12 607 663 604 717
4 14 350 515 426 576
4 15 404 179 602 666
4 16 479 552 799 285
4 18 682 543 743 433
5 9 724 635 835 431
5 10 460 448 164 231
5 11 132 700 483 1046
5 13 743 694 153 429
5 15 894 618 41 378
5 16 277 877 411 798
5 17 900 464 426 423
5 18 623 320 267 520
6 8 843 997 281 736
6 9 466 325 459 404
6 11 739 477 367 856
6 12 998 802 228 779
6 13 1092 853 815 390
6 14 461 675 560 305
6 16 351 704 320 728
6 17 631 389 261 271
7 10 61 439 655 476
7 11 320 140 741 786
7 15 668 558 506 670
7 16 561 205 624 621
7 18 215 718 722 562
8 9 393 687 540 369
8 14 739 393 300 518
8 15 280 886 352 128
8 16 902 587 155 605
8 17 212 879 59 465
8 18 828 829 658 296
9 14 398 351 619 325
9 15 397 283 797 441
9 16 522 417 676 440
9 17 189 442 481 177
9 18 715 549 1083 315
10 11 371 375 372 826
10 13 283 624 291 285
10 14 406 476 351 424
10 15 612 197 164 212
10 17 782 227 431 366
11 12 748 481 422 943
11 14 376 218 513 958
11 16 388 249 117 256
14 16 218 235 404 760
14 17 571 701 301 161
15 16 796 700 376 574
