18 2
0 1 136 507
0 3 700 749
0 5 349 291
0 9 659 430
0 10 553 214
0 12 402 434
0 13 710 464
0 14 187 611
0 16 218 706
1 4 467 175
1 7 472 352
1 9 745 78
1 12 286 115
1 13 831 545
1 15 160 259
1 16 177 286
2 5 302 807
2 6 367 1094
2 11 643 1128
2 12 182 654
2 14 163 911
2 15 176 628
3 8 545 352
3 10 533 877
3 11 260 856
3 13 408 306
4 5 285 459
4 6 306 728
4 7 149 523
4 12 666 290
4 13 368 564
4 17 161 624
5 7 160 366
5 8 398 286
5 10 492 420
5 11 480 402
5 12 476 380
5 14 254 372
5 15 412 611
5 16 268 657
5 17 442 287
6 7 159 381
6 10 485 358
6 11 407 186
6 13 489 409
6 16 349 832
7 9 288 289
7 10 333 100
7 11 535 285
7 14 357 737
7 15 525 416
7 17 291 651
8 9 603 279
8 14 444 433
9 14 605 638
9 16 622 342
10 15 790 497
10 17 92 695
11 12 813 513
11 13 668 565
11 16 693 771
12 13 995 571
12 17 820 645
14 15 168 939
15 17 709 867
16 17 588 902
