18 2
0 1 684 56
0 5 589 798
0 7 375 425
0 8 666 660
0 9 1032 692
0 10 387 741
0 11 407 227
0 14 658 906
0 17 704 423
1 3 135 608
1 4 168 533
1 7 679 476
1 8 321 716
1 10 342 779
1 11 521 281
1 14 288 954
1 16 410 1156
2 4 453 350
2 5 393 784
2 7 411 407
2 8 291 567
2 9 645 563
2 10 210 599
2 11 272 133
2 12 344 446
2 13 480 545
2 14 401 771
2 15 482 842
2 16 205 987
2 17 287 282
3 4 35 648
3 5 693 239
3 6 585 606
3 7 813 140
3 8 424 369
3 11 654 430
3 13 875 282
3 14 302 795
3 16 525 806
3 17 251 585
4 5 717 838
4 6 595 559
4 7 844 535
4 9 550 287
4 10 481 251
4 11 684 320
4 12 392 439
4 13 911 476
4 15 29 690
5 6 302 843
5 7 272 378
5 9 553 711
5 11 185 661
5 12 363 399
5 13 620 384
5 15 743 468
5 16 555 790
5 17 450 785
6 11 439 298
6 12 211 579
6 13 873 689
6 14 785 977
6 17 347 491
7 8 486 355
7 10 549 747
7 11 165 291
7 12 572 181
7 14 801 751
7 16 473 822
7 17 610 466
8 9 366 251
8 10 488 542
8 11 326 440
8 12 86 176
8 13 719 87
8 14 582 429
8 15 467 276
8 16 496 469
8 17 173 415
9 10 820 299
9 11 669 470
9 12 301 366
9 13 1083 329
9 14 824 225
9 15 557 433
9 17 395 309
10 11 446 568
10 12 525 612
10 14 276 313
10 15 507 724
10 17 430 326
11 12 412 314
11 14 672 690
11 15 713 713
11 17 446 243
12 14 578 577
12 15 413 418
13 14 724 516
13 16 361 543
13 17 765 439
14 16 370 336
14 17 446 498
15 17 295 679
16 17 471 750
