11 4
0 1 904 860 354 287
0 2 918 982 566 214
0 3 620 436 522 733
0 4 658 312 648 398
0 5 948 264 898 380
0 6 1007 703 653 159
0 7 768 878 781 359
0 8 826 744 759 273
0 9 86 172 521 674
0 10 162 218 451 72
1 2 255 425 630 499
1 3 388 519 255 796
1 4 563 727 366 683
1 5 472 708 616 617
1 6 436 165 402 134
1 7 230 40 646 353
1 8 375 300 527 477
1 9 823 856 202 793
1 10 867 871 169 312
2 3 303 547 885 717
2 4 757 980 580 184
2 5 722 743 720 314
2 6 691 420 1032 373
2 7 445 389 389 460
2 8 158 703 540 222
2 9 832 901 823 616
2 10 837 1080 540 222
3 4 627 505 527 771
3 5 723 205 740 1030
3 6 728 356 148 783
3 7 420 523 866 443
3 8 212 559 705 498
3 9 534 364 96 157
3 10 534 561 384 801
4 5 315 449 254 347
4 6 393 603 638 556
4 7 333 756 374 608
4 8 787 520 179 330
4 9 616 454 432 643
4 10 729 167 206 396
5 6 87 543 827 488
5 7 305 716 382 727
5 8 812 687 181 533
5 9 894 160 645 930
5 10 992 442 460 321
6 7 310 176 994 355
6 8 794 300 817 391
6 9 948 692 219 754
6 10 1040 734 521 178
7 8 513 340 229 286
7 9 697 867 777 453
7 10 769 897 485 429
8 9 740 801 610 412
8 10 725 684 358 330
9 10 129 388 302 738
