14 3
0 3 346 410 547
0 4 488 354 376
0 5 545 549 330
0 6 410 672 330
0 7 341 261 671
0 8 484 502 880
0 9 403 617 506
0 10 171 751 344
0 11 351 225 394
0 12 414 150 434
0 13 315 520 197
1 4 628 458 420
1 5 486 653 438
1 6 197 820 434
1 7 233 261 204
1 8 597 653 123
1 9 562 753 703
1 10 384 903 557
1 11 539 320 393
1 12 445 29 406
1 13 524 644 570
2 3 572 300 684
2 4 134 387 224
2 5 544 444 377
2 6 712 281 366
2 7 507 575 448
2 9 591 325 778
2 10 305 306 279
2 11 83 412 393
2 13 208 332 457
3 4 706 575 523
3 5 889 166 351
3 7 681 383 365
3 8 739 407 637
3 9 70 622 153
3 10 275 530 648
3 11 502 524 302
3 12 739 544 226
3 13 386 110 400
4 7 544 608 412
4 8 88 359 542
4 9 725 336 588
4 11 212 138 223
4 13 338 658 233
5 6 491 701 11
5 8 432 548 555
5 9 943 769 411
5 11 606 685 72
5 12 218 668 142
5 13 688 120 134
6 7 263 845 346
6 8 730 182 552
6 9 743 157 422
6 10 581 205 288
6 11 720 552 79
6 12 535 808 151
6 13 717 582 136
7 8 485 663 273
7 9 742 826 512
7 10 488 868 567
7 11 539 485 278
7 13 578 481 475
8 9 765 221 785
8 10 464 265 677
8 12 228 644 509
8 13 392 434 688
9 11 516 454 385
9 12 783 737 324
9 13 393 655 410
10 11 247 684 359
10 13 164 498 286
11 12 392 298 79
11 13 126 620 197
12 13 484 654 244
