17 4
0 7 583 710 664 313
0 14 697 409 728 268
1 5 760 79 574 773
1 15 697 254 619 822
2 8 422 973 399 682
2 16 598 951 292 494
3 9 373 676 730 680
3 12 612 335 956 779
4 5 302 210 144 798
4 10 174 365 144 833
4 12 750 298 323 850
4 13 46 584 64 557
4 15 486 68 394 647
5 6 810 482 634 61
5 8 350 303 206 781
5 9 402 520 236 247
6 8 788 432 562 721
6 10 734 506 556 266
6 11 877 557 544 617
7 11 767 345 614 487
7 15 623 327 313 463
8 13 555 985 117 539
8 14 543 546 516 136
9 12 805 607 418 142
9 16 879 874 522 502
10 14 886 275 488 796
11 13 609 654 485 450
12 13 732 865 262 306
12 16 726 273 124 554
15 16 283 525 756 423
