16 2
0 1 627 955
0 2 143 296
0 3 205 214
0 6 525 452
0 7 406 570
0 8 407 745
0 10 772 698
0 11 135 809
0 14 850 823
1 3 522 782
1 5 516 663
1 6 145 636
1 7 223 580
1 8 368 409
1 9 526 386
1 10 240 383
1 11 534 455
1 12 361 391
1 13 611 668
2 3 68 300
2 4 737 531
2 7 308 274
2 8 397 660
2 11 186 518
2 12 253 365
2 13 110 301
2 14 804 733
2 15 836 564
3 6 462 238
3 7 307 522
3 8 439 534
3 10 716 490
3 11 251 727
3 13 170 580
3 14 823 612
3 15 884 277
4 7 546 640
4 10 366 252
4 11 599 761
4 12 743 376
4 13 744 728
4 14 288 335
4 15 153 175
5 6 401 28
5 7 521 599
5 10 392 309
5 14 333 410
5 15 160 149
6 7 162 583
6 8 223 312
6 9 401 510
6 13 515 668
6 14 365 387
6 15 559 174
7 10 411 588
7 14 527 715
7 15 680 734
8 13 412 758
9 12 396 505
9 14 697 123
9 15 643 614
10 11 653 625
10 12 586 281
10 13 765 687
10 14 146 138
10 15 514 427
11 14 723 724
12 15 873 515
