22 4
0 2 517 363 373 553
0 15 715 582 308 400
1 3 647 541 556 871
1 6 418 598 182 119
1 14 583 465 381 747
1 20 375 214 784 701
2 3 430 488 221 789
2 8 603 370 574 148
2 14 136 594 100 640
2 20 476 704 512 609
2 21 177 376 531 587
3 12 461 570 593 101
3 15 481 261 323 268
3 17 479 195 723 602
4 9 636 560 542 508
4 11 801 344 363 414
4 20 259 746 340 118
5 6 313 705 587 398
5 11 521 673 170 676
5 12 331 733 730 637
5 13 540 314 158 453
6 21 217 114 520 635
7 10 1067 710 722 559
7 12 477 718 593 144
7 20 879 674 535 197
8 10 450 399 64 10
8 13 444 432 823 239
8 19 737 332 580 442
10 16 483 353 320 267
10 20 226 699 646 471
11 13 312 361 317 224
11 14 116 645 285 294
11 16 635 431 536 41
11 18 628 634 364 658
11 20 654 986 298 296
12 16 448 529 514 426
12 20 469 319 717 107
13 20 529 722 141 276
14 16 620 237 663 310
15 21 494 168 359 657
16 18 893 350 858 663
16 20 307 659 411 320
16 21 372 35 195 166
17 20 669 757 621 424
18 21 735 385 854 540
19 20 329 593 718 270
20 21 476 693 557 297
