21 4
0 9 553 625 898 828
0 10 994 655 706 893
0 12 806 189 536 711
0 13 937 223 226 851
0 16 1002 776 128 802
0 20 536 120 631 747
1 6 620 610 471 620
1 7 358 901 765 566
1 8 832 452 1017 339
1 11 539 293 318 492
1 12 392 676 211 766
1 14 873 459 651 485
1 18 659 745 531 890
1 20 560 493 191 471
2 3 1143 469 313 792
2 8 742 747 392 354
3 12 473 109 115 420
3 16 692 964 657 757
4 7 545 873 834 191
4 10 745 308 544 673
4 11 312 510 817 433
4 12 582 842 725 667
4 15 761 221 409 754
5 9 680 591 602 346
5 16 571 634 675 143
6 12 277 347 322 786
6 13 623 380 245 774
6 17 292 81 658 211
7 9 409 912 351 363
7 10 415 743 314 602
7 13 292 419 871 718
7 17 305 348 285 160
7 18 305 744 841 464
8 13 692 233 523 781
8 15 767 677 557 456
9 18 413 719 754 777
10 12 481 843 431 512
10 13 128 867 557 281
10 15 124 520 401 192
10 19 429 330 605 444
11 14 482 187 638 510
11 17 634 276 518 362
12 13 354 60 541 264
12 17 252 288 602 581
13 17 449 313 656 566
14 16 747 642 336 682
14 17 731 238 624 189
15 17 449 610 538 565
16 18 532 763 298 824
17 20 639 121 606 429
18 19 433 333 374 523
