16 4
0 1 329 741 374 635
0 3 521 423 892 507
0 4 291 904 919 976
0 6 200 559 721 240
0 10 255 702 259 905
0 11 255 650 500 187
0 14 194 1029 380 207
1 2 647 115 457 509
1 3 776 623 519 458
1 4 152 635 572 342
1 5 166 608 369 270
1 8 187 769 463 52
1 9 787 440 357 309
1 10 343 712 337 272
1 11 153 219 258 620
1 12 266 721 306 395
1 13 905 326 454 343
1 14 505 630 131 509
1 15 492 288 576 228
2 3 961 654 109 224
2 4 727 735 300 816
2 5 514 644 653 305
2 6 459 795 398 225
2 9 768 438 619 808
2 13 375 376 707 638
2 14 436 741 499 85
3 6 502 167 358 373
3 7 794 366 149 645
3 8 769 664 217 433
3 9 280 251 619 713
3 10 449 279 782 684
3 11 763 430 497 361
3 12 518 341 427 113
4 5 213 473 874 612
4 6 491 459 242 735
4 7 143 587 352 813
4 11 252 445 449 942
4 12 186 235 363 596
5 6 359 163 775 128
5 7 259 369 667 289
5 9 653 254 712 576
5 10 316 257 594 539
5 11 75 411 627 379
5 12 179 318 673 388
5 14 343 618 491 271
6 7 596 213 469 277
6 11 412 538 225 264
6 14 26 623 347 165
7 13 1002 636 778 814
7 15 495 781 1079 556
8 9 714 779 685 302
8 10 405 422 782 267
8 12 267 357 509 361
8 13 728 610 778 292
9 11 720 312 135 926
9 13 635 200 100 359
9 14 368 710 226 815
10 14 423 457 251 779
11 14 394 481 143 112
11 15 516 247 603 482
13 15 911 212 542 303
