13 4
0 3 260 924 632 740
0 4 712 866 539 302
0 10 468 387 378 822
1 2 382 633 185 539
1 3 522 537 484 105
1 12 605 245 657 666
2 3 258 186 602 530
2 5 494 464 799 265
2 7 407 738 442 1032
2 8 391 497 45 693
2 11 430 64 730 916
3 7 334 575 460 573
3 12 690 305 634 597
4 9 947 130 346 280
4 12 574 259 655 732
5 7 620 284 376 819
5 8 683 218 844 615
5 10 909 512 472 706
5 11 470 483 616 779
5 12 839 246 178 850
6 7 560 425 264 324
6 10 792 295 284 346
6 12 725 417 166 381
7 10 729 568 137 124
7 11 188 763 627 353
8 12 199 117 886 614
9 11 457 271 456 370
10 11 828 650 758 382
