15 4
0 3 358 808 738 405
0 5 901 481 367 559
0 6 414 565 268 676
0 9 602 572 673 813
0 10 667 640 346 271
1 3 591 474 903 803
1 7 159 72 701 826
1 13 795 168 48 402
2 7 631 482 433 616
2 10 539 592 151 293
2 13 403 616 607 244
4 5 1139 332 222 337
4 13 223 222 505 498
5 6 930 457 634 666
5 9 708 794 673 485
5 13 1055 439 548 816
6 8 656 665 394 257
6 9 314 449 783 394
6 11 182 205 512 520
7 10 593 227 369 323
8 11 475 866 393 355
8 12 449 697 163 550
9 12 99 241 543 995
10 13 309 415 469 537
11 14 446 662 791 112
