10 3
0 1 585 667 817
0 2 183 994 386
0 3 564 345 629
0 4 857 306 304
0 5 726 719 485
0 6 355 766 455
0 7 494 487 905
0 9 230 670 355
1 5 205 719 659
1 6 659 125 574
1 7 153 181 287
1 8 399 438 684
2 3 453 939 660
2 4 681 851 466
2 7 316 790 1018
2 8 190 934 837
2 9 161 650 35
3 4 748 577 329
3 5 661 623 517
3 6 360 968 430
3 7 315 732 369
3 8 269 556 555
3 9 606 858 663
4 5 131 652 427
4 6 970 466 276
4 7 463 182 610
4 8 708 92 400
4 9 668 380 453
5 6 853 699 702
5 7 358 656 886
5 8 591 718 827
6 7 512 287 526
6 9 527 113 712
7 8 258 262 590
7 9 410 214 1018
8 9 349 468 816
