18 2
0 2 514 678
0 6 495 790
0 9 492 323
0 10 414 875
0 11 436 581
1 2 845 791
1 6 558 203
1 8 980 401
1 9 254 709
1 10 352 199
1 11 584 669
1 12 289 766
1 13 856 47
1 16 729 829
2 4 672 560
2 6 929 977
2 7 148 969
2 11 261 132
2 12 951 146
2 13 310 773
2 14 741 1044
3 8 661 258
3 10 313 140
3 14 324 518
3 16 478 722
4 6 671 548
4 8 116 435
4 9 780 310
4 12 905 621
4 13 362 402
4 14 743 624
4 16 328 585
4 17 639 560
5 7 287 405
5 8 326 492
5 9 637 913
5 10 602 137
5 11 463 814
5 13 119 292
5 14 657 321
5 15 365 721
6 7 806 87
6 9 489 845
6 11 732 850
6 12 311 963
6 13 744 207
6 16 345 1014
6 17 68 874
7 8 604 621
7 10 620 420
7 12 865 968
7 15 444 713
7 17 822 881
8 9 768 511
8 12 847 372
8 15 425 274
9 12 363 478
9 13 603 673
9 14 187 921
9 15 344 243
10 11 490 678
10 16 380 822
11 13 372 648
11 14 500 919
12 16 585 172
12 17 378 92
14 17 370 934
15 16 206 293
15 17 379 260
