16 3
0 1 538 282 155
0 2 488 273 439
0 3 339 149 26
0 4 326 487 470
0 5 361 419 526
0 6 106 463 207
0 7 416 242 830
0 8 630 187 831
0 9 528 427 354
0 10 224 222 354
0 11 284 679 824
0 12 195 114 746
0 13 694 559 279
0 14 405 533 233
0 15 397 323 348
1 2 404 551 517
1 3 820 358 157
1 4 339 260 316
1 5 643 163 398
1 6 541 184 332
1 7 311 503 790
1 8 134 343 765
1 9 633 439 504
1 10 447 399 506
1 11 544 612 894
1 12 698 330 692
1 13 156 681 226
1 14 339 251 384
1 15 935 564 493
2 3 826 297 464
2 4 552 723 730
2 5 333 673 640
2 6 412 734 255
2 7 591 94 584
2 8 537 358 658
2 9 875 609 356
2 10 269 347 520
2 11 683 874 385
2 12 682 292 555
2 13 488 620 373
2 14 607 800 476
2 15 829 279 303
3 4 511 599 473
3 5 643 517 539
3 6 422 520 228
3 7 589 314 854
3 8 879 61 853
3 9 489 317 362
3 10 560 74 349
3 11 321 581 848
3 12 144 36 769
3 13 974 411 300
3 14 564 600 228
3 15 246 206 361
4 5 612 104 216
4 6 394 240 618
4 7 90 651 760
4 8 371 594 680
4 9 326 692 810
4 10 400 650 822
4 11 209 829 1063
4 12 416 567 646
4 13 481 940 357
4 14 80 211 700
4 15 677 801 792
5 6 255 153 607
5 7 687 610 550
5 8 772 505 465
5 9 878 589 814
5 10 217 561 871
5 11 640 727 922
5 12 511 486 435
5 13 769 841 297
5 14 689 157 755
5 15 562 721 783
6 7 480 686 756
6 8 650 492 792
6 9 628 505 208
6 10 145 547 312
6 11 387 600 632
6 12 280 497 695
6 13 692 778 310
6 14 474 86 235
6 15 426 724 178
7 8 312 374 141
7 9 322 631 925
7 10 472 377 1066
7 11 274 894 600
7 12 502 298 114
7 13 436 680 566
7 14 30 746 987
7 15 765 350 875
8 9 613 257 978
8 10 570 56 1103
8 11 579 520 729
8 12 770 79 103
8 13 141 378 554
8 14 341 574 1012
8 15 1020 235 930
9 10 687 262 179
9 11 245 265 664
9 12 485 335 877
9 13 748 283 519
9 14 296 589 201
9 15 726 408 52
10 11 462 527 843
10 12 416 108 1006
10 13 588 337 593
10 14 475 630 122
10 15 568 184 228
11 12 263 596 644
11 13 690 426 716
11 14 247 669 832
11 15 524 662 617
12 13 854 445 473
12 14 481 575 918
12 15 265 235 829
13 14 466 864 484
13 15 1091 345 486
14 15 745 805 230
