13 2
0 1 241 814
0 2 683 237
0 4 648 799
0 5 452 678
0 6 264 969
0 8 788 483
0 9 471 180
0 10 603 1025
0 11 529 576
1 2 559 633
1 4 458 85
1 6 308 600
1 7 537 400
1 9 244 644
1 10 368 705
1 12 540 247
2 3 794 180
2 4 221 602
2 5 397 460
2 6 458 732
2 7 373 374
2 8 190 280
2 9 413 191
2 10 449 792
2 12 20 542
3 5 413 589
3 7 534 533
3 8 738 391
3 9 390 81
4 6 492 516
4 7 169 330
4 8 162 322
4 9 244 638
4 10 236 621
4 11 123 958
4 12 211 163
5 6 388 423
5 7 308 151
5 10 162 522
5 11 126 780
5 12 379 88
6 7 640 384
6 8 600 577
6 9 416 880
6 10 548 106
6 11 399 789
7 8 232 200
7 9 294 500
7 10 199 465
7 11 242 632
8 9 406 338
8 11 281 691
8 12 196 288
9 11 138 661
9 12 396 626
10 11 194 784
10 12 436 470
11 12 260 829
