19 4
0 1 280 327 677 446
0 2 865 179 700 772
0 3 59 366 435 645
0 4 262 236 868 833
0 5 313 664 648 713
0 6 725 182 128 1029
0 7 283 507 265 238
0 8 277 425 536 538
0 9 776 297 481 771
0 10 631 506 382 732
0 11 771 398 882 856
0 12 557 491 614 637
0 13 787 462 282 847
0 14 381 190 557 722
0 15 618 469 641 640
0 16 521 553 1015 723
0 17 478 390 777 835
0 18 546 438 534 526
1 2 735 457 718 651
1 3 256 145 242 776
1 4 378 378 212 462
1 5 174 486 120 549
1 6 511 189 584 1020
1 7 83 799 445 215
1 8 49 748 493 278
1 9 621 301 641 873
1 10 383 378 512 622
1 11 552 233 220 879
1 12 277 816 463 296
1 13 689 789 416 899
1 14 568 507 305 790
1 15 344 738 158 752
1 16 342 456 728 642
1 17 231 286 398 467
1 18 432 645 890 189
2 3 806 528 638 401
2 4 666 165 750 466
2 5 581 841 601 108
2 6 325 352 585 390
2 7 816 530 525 714
2 8 692 382 241 375
2 9 127 476 220 400
2 10 480 684 343 40
2 11 329 571 905 303
2 12 712 387 255 420
2 13 113 384 707 349
2 14 777 96 416 316
2 15 793 524 829 368
2 16 1016 731 403 71
2 17 852 568 414 462
2 18 320 547 366 474
3 4 212 487 440 807
3 5 261 347 235 449
3 6 673 186 347 422
3 7 276 768 219 719
3 8 244 755 397 578
3 9 718 205 496 126
3 10 587 233 343 376
3 11 720 89 450 251
3 12 532 849 414 682
3 13 728 810 183 221
3 14 352 556 259 114
3 15 599 695 238 33
3 16 532 312 781 332
3 17 470 150 465 805
3 18 488 575 715 666
4 5 268 827 224 373
4 6 617 347 763 841
4 7 434 688 618 648
4 8 341 547 567 306
4 9 603 502 735 846
4 10 584 685 635 466
4 11 665 551 195 769
4 12 614 543 506 196
4 13 571 547 621 812
4 14 199 260 390 755
4 15 699 672 347 774
4 16 706 746 642 510
4 17 609 569 353 6
4 18 370 668 995 309
5 6 412 491 541 497
5 7 256 912 394 629
5 8 126 971 382 271
5 9 478 381 539 475
5 10 334 164 422 95
5 11 459 276 314 400
5 12 350 1099 346 312
5 13 524 1044 417 440
5 14 467 844 193 385
5 15 439 821 263 416
5 16 512 165 617 137
5 17 378 274 286 370
5 18 267 659 794 369
6 7 582 611 147 1040
6 8 480 576 409 754
6 9 201 163 370 311
6 10 166 340 257 407
6 11 48 219 797 176
6 12 405 664 486 810
6 13 359 627 236 202
6 14 790 371 433 317
6 15 478 549 573 411
6 16 729 399 888 380
6 17 564 223 651 836
6 18 276 460 472 855
7 8 131 205 311 390
7 9 702 579 334 834
7 10 443 760 183 678
7 11 621 743 662 879
7 12 295 360 373 460
7 13 772 286 187 886
7 14 613 436 293 764
7 15 342 95 456 703
7 16 273 750 778 683
7 17 196 690 516 652
7 18 515 264 513 341
8 9 580 601 172 652
8 10 362 809 155 349
8 11 523 755 696 628
8 12 290 164 90 120
8 13 643 90 480 655
8 14 535 288 190 562
8 15 366 262 592 548
8 16 389 819 479 374
8 17 269 716 297 307
8 18 386 397 432 101
9 10 353 217 156 387
9 11 213 164 853 158
9 12 584 720 254 745
9 13 166 669 521 112
9 14 741 466 348 92
9 15 666 500 718 133
9 16 891 256 582 341
9 17 727 116 463 843
9 18 235 371 260 746
10 11 192 146 729 305
10 12 239 935 239 404
10 13 493 882 369 346
10 14 776 682 249 299
10 15 314 671 572 343
10 16 565 82 634 45
10 17 400 117 429 463
10 18 324 516 380 450
11 12 428 863 652 701
11 13 377 818 608 55
11 14 837 585 507 142
11 15 495 664 260 237
11 16 757 224 835 265
11 17 592 70 532 765
11 18 320 529 1106 728
12 13 709 75 526 735
12 14 813 312 167 653
12 15 94 426 581 651
12 16 333 955 405 438
12 17 174 834 210 198
12 18 492 559 509 118
13 14 670 298 401 126
13 15 796 351 361 214
13 16 992 896 920 304
13 17 832 784 624 808
13 18 257 486 687 754
14 15 897 435 415 96
14 16 881 720 524 254
14 17 798 570 226 752
14 18 524 474 606 658
15 16 298 658 880 299
15 17 171 607 549 772
15 18 585 169 949 637
16 17 166 180 331 506
16 18 746 495 769 475
17 18 592 467 716 313
