14 2
0 1 554 927
0 2 605 178
0 3 225 259
0 4 665 537
0 5 463 798
0 6 834 576
0 7 315 876
0 8 284 193
0 9 430 319
0 10 276 368
0 11 127 265
0 12 395 732
0 13 296 691
1 2 451 789
1 3 599 675
1 4 316 472
1 5 148 139
1 6 496 581
1 7 869 570
1 8 344 954
1 9 180 737
1 10 499 762
1 11 679 893
1 12 702 195
1 13 579 239
2 3 473 191
2 4 200 467
2 5 326 670
2 6 263 550
2 7 856 840
2 8 607 333
2 9 317 340
2 10 355 205
2 11 710 367
2 12 453 594
2 13 397 550
3 4 594 286
3 5 467 543
3 6 729 359
3 7 387 650
3 8 445 297
3 9 430 176
3 10 124 347
3 11 273 273
3 12 170 483
3 13 85 446
4 5 247 333
4 6 191 152
4 7 954 383
4 8 576 507
4 9 263 275
4 10 470 565
4 11 785 432
4 12 618 316
4 13 533 303
5 6 438 448
5 7 774 483
5 8 329 817
5 9 37 598
5 10 359 669
5 11 590 755
5 12 558 92
5 13 439 137
6 7 1107 300
6 8 765 493
6 9 452 264
6 10 608 682
6 11 948 400
6 12 715 452
6 13 657 446
7 8 577 783
7 9 739 562
7 10 501 947
7 11 190 686
7 12 488 540
7 13 470 560
8 9 314 235
8 10 414 538
8 11 390 100
8 12 605 768
8 13 478 735
9 10 323 520
9 11 556 157
9 12 523 561
9 13 403 534
10 11 362 570
10 12 207 580
10 13 80 534
11 12 423 714
11 13 357 685
12 13 130 46
