16 2
0 4 359 483
0 5 281 448
0 7 238 166
0 10 728 583
0 13 227 310
0 15 643 422
1 2 837 80
1 5 201 189
1 10 856 342
1 12 547 618
1 13 486 812
1 14 84 402
2 3 826 144
2 6 644 591
2 12 589 576
2 13 975 747
2 14 801 452
2 15 355 140
3 5 274 357
3 8 691 754
3 11 580 386
3 12 269 630
3 14 499 595
3 15 718 39
4 5 454 761
4 7 404 631
4 8 392 803
4 9 375 519
4 10 455 940
4 12 306 678
4 13 576 532
4 14 389 999
4 15 286 478
5 6 269 617
5 7 517 335
5 10 901 183
5 12 469 499
5 13 291 755
5 14 283 245
6 10 638 752
6 11 369 314
6 12 236 281
6 13 363 159
6 15 490 539
7 8 771 280
7 9 37 708
7 11 664 469
7 12 98 170
7 13 400 437
8 9 749 979
8 11 112 659
8 13 786 395
8 15 328 717
9 11 644 479
9 12 74 851
9 15 639 269
10 13 953 874
10 14 828 62
11 14 186 840
12 13 412 333
13 14 563 914
13 15 852 698
14 15 499 585
