19 3
0 3 573 344 706
0 5 273 381 625
0 10 418 513 823
0 12 584 554 415
0 18 261 662 1088
1 11 177 193 135
1 13 455 447 426
1 15 173 57 556
2 5 220 251 270
2 11 360 311 266
2 14 831 433 665
3 4 168 314 658
3 8 818 768 443
3 10 155 637 119
3 15 421 252 612
3 18 343 1000 439
4 6 380 388 403
4 13 878 258 721
5 14 624 291 486
6 8 821 535 190
6 9 523 427 286
6 16 740 314 480
7 10 246 770 332
7 15 504 529 297
7 16 556 448 436
7 17 397 467 356
8 11 478 424 377
8 14 180 470 297
9 12 561 178 298
9 13 493 451 119
9 17 452 355 351
9 18 139 275 722
11 14 483 232 668
11 16 435 251 296
11 17 280 286 241
12 16 766 753 624
13 14 661 191 658
13 15 316 504 815
13 17 522 531 349
14 15 529 394 540
15 17 270 271 653
15 18 225 784 585
