9 4
0 1 727 775 506 841
0 2 855 393 516 587
0 3 309 497 892 347
0 4 821 866 915 522
0 5 400 797 833 815
0 6 655 548 681 1053
0 7 817 899 592 865
0 8 180 480 299 792
1 2 836 529 562 590
1 3 982 533 428 501
1 4 952 522 575 921
1 5 787 49 542 1097
1 6 607 514 177 649
1 7 154 176 209 957
1 8 552 316 419 770
2 3 836 109 695 475
2 4 184 854 552 356
2 5 498 568 447 509
2 6 249 157 653 474
2 7 759 695 764 404
2 8 755 229 723 247
3 4 737 916 296 632
3 5 343 577 352 900
3 6 712 54 279 857
3 7 1042 707 538 861
3 8 442 274 847 722
4 5 427 481 106 294
4 6 345 923 496 763
4 7 895 428 748 377
4 8 758 642 965 390
5 6 377 560 496 747
5 7 804 129 732 222
5 8 383 350 908 373
6 7 554 689 262 531
6 8 530 283 582 389
7 8 637 472 391 188
