19 3
0 1 264 288 391
0 2 526 227 370
0 3 86 833 516
0 4 131 85 292
0 5 443 251 165
0 6 259 414 120
0 7 309 504 204
0 8 286 341 590
0 9 357 152 644
0 10 356 800 663
0 11 194 471 519
0 12 253 157 287
0 13 126 362 133
0 14 536 554 319
0 15 89 712 312
0 16 517 560 182
0 17 382 709 320
0 18 209 304 339
1 2 665 469 445
1 3 324 601 159
1 4 344 372 158
1 5 650 406 391
1 6 520 666 299
1 7 394 690 357
1 8 493 423 634
1 9 580 431 683
1 10 230 550 345
1 11 437 517 765
1 12 503 444 458
1 13 303 417 518
1 14 628 611 543
1 15 311 766 634
1 16 753 593 453
1 17 233 752 116
1 18 454 107 387
2 3 445 903 603
2 4 397 172 482
2 5 833 140 519
2 6 441 197 284
2 7 828 286 537
2 8 267 247 928
2 9 265 108 982
2 10 525 892 790
2 11 607 364 888
2 12 611 145 641
2 13 406 285 463
2 14 1032 421 687
2 15 594 562 672
2 16 814 445 223
2 17 554 567 474
2 18 379 438 58
3 4 48 901 232
3 5 467 771 472
3 6 201 1063 443
3 7 384 963 425
3 8 200 691 599
3 9 273 929 640
3 10 362 90 188
3 11 210 658 800
3 12 252 959 503
3 13 69 654 634
3 14 600 705 592
3 15 151 773 710
3 16 517 656 604
3 17 392 744 197
3 18 132 536 545
4 5 505 243 244
4 6 202 342 245
4 7 432 458 203
4 8 159 347 493
4 9 239 75 545
4 10 351 873 372
4 11 249 478 607
4 12 285 73 300
4 13 48 376 403
4 14 648 552 386
4 15 200 705 487
4 16 545 566 412
4 17 382 706 43
4 18 116 381 426
5 6 392 297 238
5 7 315 285 56
5 8 572 111 425
5 9 573 214 479
5 10 797 766 581
5 11 257 238 398
5 12 227 254 123
5 13 536 147 199
5 14 302 310 176
5 15 359 464 243
5 16 149 324 346
5 17 821 464 285
5 18 462 347 479
6 7 458 210 253
6 8 187 374 645
6 9 183 267 699
6 10 552 1062 609
6 11 196 449 624
6 12 176 283 359
6 13 250 413 251
6 14 618 469 411
6 15 258 570 428
6 16 384 509 167
6 17 584 586 258
6 18 96 631 241
7 8 570 295 394
7 9 619 392 448
7 10 595 978 527
7 11 264 308 414
7 12 313 424 114
7 13 435 324 255
7 14 240 293 189
7 15 233 367 286
7 16 455 340 381
7 17 609 385 246
7 18 466 624 492
8 9 91 324 54
8 10 446 696 568
8 11 341 132 351
8 12 347 365 307
8 13 191 39 590
8 14 766 214 317
8 15 339 374 461
8 16 570 220 772
8 17 479 369 527
8 18 113 342 880
9 10 536 907 597
9 11 370 451 372
9 12 359 41 359
9 13 277 358 640
9 14 797 517 364
9 15 395 664 503
9 16 549 536 825
9 17 569 667 577
9 18 154 425 934
10 11 550 679 840
10 12 606 934 574
10 13 303 660 766
10 14 835 736 658
10 15 438 819 799
10 16 871 689 775
10 17 33 791 351
10 18 462 497 732
11 12 68 492 307
11 13 279 111 440
11 14 428 93 225
11 15 126 252 231
11 16 323 89 680
11 17 576 243 650
11 18 229 422 857
12 13 321 398 288
12 14 445 557 88
12 15 193 703 229
12 16 266 577 468
12 17 633 707 343
12 18 235 447 600
13 14 659 202 281
13 15 208 362 213
13 16 585 199 245
13 17 334 354 437
13 18 163 329 444
14 15 451 161 158
14 16 444 49 495
14 17 848 155 429
14 18 655 514 650
15 16 445 174 457
15 17 462 30 528
15 18 241 666 647
16 17 898 160 425
16 18 472 493 215
17 18 494 651 417
