12 3
0 1 938 523 834
0 3 752 335 570
0 4 703 483 39
0 5 426 206 320
0 7 691 257 639
0 8 911 453 691
0 10 376 721 432
0 11 662 778 600
1 3 449 848 930
1 5 843 399 520
1 6 423 584 938
1 7 308 775 460
1 8 209 192 722
1 10 892 618 417
2 3 585 280 933
2 4 504 141 779
2 5 378 644 467
2 7 498 428 347
2 8 713 698 756
2 9 112 911 789
2 10 360 681 339
2 11 561 1082 188
3 4 269 217 533
3 5 878 527 559
3 6 783 464 398
3 8 602 746 297
3 9 624 892 156
3 10 895 875 723
4 5 694 689 322
4 6 515 663 183
4 7 73 388 665
4 8 348 808 664
4 9 492 1002 520
4 10 728 822 446
5 6 645 189 427
5 7 727 407 455
5 9 280 414 457
5 10 72 784 169
5 11 254 647 287
6 7 588 305 829
7 8 419 709 931
7 9 503 806 900
7 10 755 925 291
7 11 746 1030 362
8 9 648 266 171
8 10 783 441 652
8 11 597 385 601
9 10 278 689 610
9 11 449 235 612
