15 3
0 1 420 552 172
0 2 422 593 963
0 3 164 184 297
0 4 112 868 682
0 5 431 131 422
0 6 461 457 770
0 7 919 180 95
0 8 593 570 368
0 9 728 782 578
0 10 291 808 315
0 11 456 676 403
0 12 770 317 774
0 13 571 480 143
0 14 649 74 584
1 2 89 607 956
1 3 426 585 321
1 4 468 746 552
1 5 103 425 309
1 6 41 876 645
1 7 534 731 227
1 8 533 100 405
1 9 321 723 472
1 10 129 536 312
1 11 351 125 247
1 12 382 814 827
1 13 310 526 213
1 14 550 599 479
2 3 461 437 666
2 4 449 284 700
2 5 192 524 716
2 6 100 509 670
2 7 590 675 1055
2 8 618 527 601
2 9 369 190 615
2 10 147 347 654
2 11 266 664 860
2 12 442 587 351
2 13 226 116 820
2 14 637 666 610
3 4 275 720 521
3 5 397 206 285
3 6 464 310 589
3 7 858 240 390
3 8 442 571 84
3 9 694 626 384
3 10 314 703 50
3 11 571 700 374
3 12 717 232 506
3 13 653 334 154
3 14 503 247 387
4 5 501 785 262
4 6 508 766 96
4 7 989 958 765
4 8 703 649 553
4 9 787 107 144
4 10 342 258 471
4 11 414 759 317
4 12 838 864 800
4 13 556 389 597
4 14 758 942 143
5 6 112 514 348
5 7 489 307 509
5 8 433 440 341
5 9 300 708 163
5 10 169 698 237
5 11 450 548 145
5 12 339 407 692
5 13 412 407 337
5 14 447 192 170
6 7 500 378 856
6 8 545 845 611
6 9 284 659 205
6 10 170 848 540
6 11 365 983 413
6 12 349 180 812
6 13 303 465 678
6 14 557 491 202
7 8 632 745 456
7 9 224 862 668
7 10 650 939 410
7 11 833 855 473
7 12 151 202 852
7 13 700 574 235
7 14 589 157 673
8 9 586 631 410
8 10 523 436 112
8 11 850 143 446
8 12 547 803 422
8 13 842 457 225
8 14 67 626 412
9 10 445 300 335
9 11 608 754 277
9 12 92 761 670
9 13 482 303 476
9 14 565 855 7
10 11 328 523 334
10 12 499 898 521
10 13 354 390 177
10 14 555 881 338
11 12 692 931 827
11 13 176 599 366
11 14 880 724 284
12 13 571 510 639
12 14 517 333 667
13 14 859 554 481
