16 2
0 1 884 622
0 2 98 908
0 3 700 373
0 4 574 344
0 5 1116 884
0 6 724 431
0 7 689 433
0 8 730 480
0 9 679 506
0 10 991 760
0 11 866 611
0 12 861 674
0 13 717 121
0 14 746 333
0 15 261 913
1 2 838 966
1 3 276 282
1 4 571 684
1 5 234 555
1 6 501 213
1 7 674 852
1 8 155 299
1 9 236 258
1 10 301 325
1 11 659 225
1 12 544 236
1 13 195 534
1 14 246 296
1 15 634 823
2 3 633 989
2 4 597 571
2 5 1071 571
2 6 636 827
2 7 593 579
2 8 682 1122
2 9 649 1110
2 10 973 731
2 11 772 747
2 12 772 763
2 13 661 815
2 14 680 842
2 15 203 227
3 4 593 551
3 5 485 730
3 6 242 189
3 7 404 704
3 8 168 140
3 9 285 147
3 10 548 533
3 11 426 382
3 12 329 432
3 13 97 318
3 14 47 147
3 15 439 905
4 5 755 692
4 6 790 474
4 7 883 168
4 8 481 690
4 9 346 697
4 10 508 660
4 11 984 554
4 12 909 610
4 13 529 274
4 14 617 422
4 15 470 613
5 6 676 543
5 7 855 823
5 8 389 819
5 9 452 788
5 10 321 233
5 11 798 353
5 12 679 321
5 13 421 763
5 14 445 622
5 15 868 357
6 7 179 641
6 8 410 302
6 9 519 284
6 10 787 358
6 11 195 203
6 12 139 260
6 13 339 330
6 14 257 100
6 15 487 724
7 8 568 840
7 9 659 851
7 10 951 817
7 11 188 719
7 12 241 774
7 13 499 402
7 14 428 584
7 15 496 679
8 9 139 44
8 10 384 603
8 11 592 466
8 12 489 504
8 13 72 446
8 14 164 285
8 15 479 1026
9 10 335 569
9 11 709 436
9 12 614 470
9 13 199 463
9 14 294 282
9 15 451 1006
10 11 956 156
10 12 843 101
10 13 453 644
10 14 531 453
10 15 782 547
11 12 120 63
11 13 520 498
11 14 430 297
11 15 652 598
12 13 418 561
12 14 325 357
12 15 626 599
13 14 95 238
13 15 459 803
14 15 485 765
