19 3
0 1 546 518 741
0 2 64 566 143
0 3 531 591 369
0 4 772 135 324
0 5 610 55 78
0 6 487 703 169
0 7 856 763 863
0 8 721 831 779
0 9 530 434 543
0 10 145 99 395
0 11 224 749 375
0 12 891 640 769
0 13 589 351 167
0 14 429 429 434
0 15 738 613 333
0 16 474 160 453
0 17 771 547 552
0 18 421 260 167
1 2 483 170 702
1 3 314 148 384
1 4 422 637 457
1 5 230 572 675
1 6 310 423 746
1 7 311 518 183
1 8 174 344 835
1 9 422 277 198
1 10 418 473 481
1 11 330 337 367
1 12 512 321 537
1 13 250 541 740
1 14 176 482 747
1 15 311 198 476
1 16 383 578 529
1 17 400 149 192
1 18 205 263 787
2 3 480 47 318
2 4 718 662 249
2 5 552 621 95
2 6 435 252 52
2 7 792 685 847
2 8 657 443 887
2 9 487 437 507
2 10 91 548 453
2 11 163 193 354
2 12 838 488 830
2 13 532 673 45
2 14 369 633 555
2 15 679 47 242
2 16 430 663 528
2 17 716 24 510
2 18 361 312 309
3 4 736 692 83
3 5 539 646 297
3 6 572 283 364
3 7 535 653 533
3 8 406 396 783
3 9 682 424 189
3 10 471 566 301
3 11 335 192 80
3 12 825 456 615
3 13 103 674 357
3 14 183 625 541
3 15 624 51 117
3 16 101 679 389
3 17 714 50 192
3 18 438 333 454
4 5 200 105 247
4 6 286 762 290
4 7 415 896 612
4 8 415 959 837
4 9 289 569 268
4 10 628 228 354
4 11 629 835 153
4 12 120 775 689
4 13 669 460 284
4 14 576 552 568
4 15 132 707 39
4 16 797 240 443
4 17 31 646 267
4 18 372 374 435
5 6 170 754 139
5 7 342 794 806
5 8 278 880 793
5 9 251 473 477
5 10 465 127 371
5 11 442 804 312
5 12 306 680 749
5 13 479 356 134
5 14 376 446 460
5 15 128 668 255
5 16 597 143 441
5 17 185 602 484
5 18 191 315 226
6 7 508 936 894
6 8 422 650 932
6 9 113 681 553
6 10 344 717 504
6 11 368 183 404
6 12 406 739 881
6 13 540 890 6
6 14 390 867 595
6 15 282 234 279
6 16 603 833 577
6 17 289 274 555
6 18 134 491 336
7 8 142 417 785
7 9 593 345 345
7 10 722 668 538
7 11 641 815 495
7 12 431 197 456
7 13 435 499 888
7 14 469 378 778
7 15 290 703 637
7 16 630 700 558
7 17 383 666 347
7 18 468 630 879
8 9 522 447 761
8 10 591 764 483
8 11 503 486 706
8 12 469 290 335
8 13 310 731 927
8 14 327 628 353
8 15 283 433 875
8 16 496 849 395
8 17 386 436 782
8 18 354 594 646
9 10 398 347 329
9 11 452 614 170
9 12 402 208 521
9 13 653 290 546
9 14 499 208 600
9 15 333 472 292
9 16 708 411 398
9 17 304 413 20
9 18 244 289 597
10 11 137 739 226
10 12 747 554 378
10 13 507 258 498
10 14 331 330 271
10 15 593 595 392
10 16 440 117 89
10 17 626 527 348
10 18 276 237 354
11 12 744 623 537
11 13 375 864 397
11 14 206 817 478
11 15 566 149 191
11 16 307 854 313
11 17 620 217 181
11 18 256 502 431
12 13 750 459 875
12 14 676 347 464
12 15 202 506 728
12 16 894 615 318
12 17 123 468 539
12 18 488 462 696
13 14 180 122 591
13 15 549 716 273
13 16 204 226 572
13 17 645 649 549
13 18 413 407 333
14 15 478 671 602
14 16 222 331 221
14 17 559 609 619
14 18 256 411 293
15 16 693 710 481
15 17 103 69 290
15 18 319 359 456
16 17 778 641 418
16 18 469 352 382
17 18 365 291 610
