8 4
0 1 338 822 564 170
0 2 83 632 1011 565
0 3 403 455 517 784
0 4 474 154 408 696
0 5 138 688 319 805
0 6 424 342 503 295
0 7 299 394 768 452
1 2 407 233 749 596
1 3 241 966 48 695
1 4 149 680 415 573
1 5 214 134 655 884
1 6 116 612 62 148
1 7 598 793 255 520
2 3 432 733 767 498
2 4 548 506 603 577
2 5 195 137 816 338
2 6 482 382 762 549
2 7 293 699 562 157
3 4 343 537 391 201
3 5 273 852 620 789
3 6 179 364 17 558
3 7 702 841 297 615
4 5 359 546 286 903
4 6 165 304 375 425
4 7 708 320 486 654
5 6 288 491 603 866
5 7 432 676 769 363
6 7 702 616 303 512
