19 3
0 1 609 462 421
0 3 652 542 582
0 5 463 220 527
0 6 173 416 677
0 8 251 695 663
0 9 705 112 521
0 10 211 426 535
0 11 661 170 673
0 13 490 553 630
0 14 795 154 121
0 15 805 525 881
0 16 725 454 118
0 17 726 262 560
0 18 585 292 131
1 3 525 473 347
1 5 304 379 397
1 7 261 427 183
1 9 686 422 601
1 10 621 593 524
1 12 262 90 578
1 13 123 155 380
1 14 210 568 329
1 16 689 752 356
1 17 517 202 496
2 3 332 193 405
2 4 493 712 500
2 5 394 513 332
2 6 633 537 534
2 7 397 901 473
2 10 582 1084 671
2 11 164 619 623
2 13 139 729 453
2 14 319 705 105
2 15 306 1216 748
2 16 489 620 265
2 17 348 595 358
2 18 221 1007 144
3 4 717 544 817
3 5 718 322 127
3 6 717 375 189
3 8 443 610 622
3 10 809 909 864
3 11 366 438 473
3 12 652 557 667
3 16 166 465 585
3 18 111 814 548
4 5 563 385 795
4 7 119 681 723
4 8 907 986 631
4 9 882 362 830
4 10 924 803 301
4 11 363 494 723
4 12 547 801 427
4 13 442 893 863
4 15 351 868 1029
4 16 878 115 241
4 17 670 578 848
5 6 636 303 315
5 7 545 435 357
5 8 581 601 703
5 10 380 608 886
5 11 474 152 573
5 12 67 424 582
5 13 265 515 159
5 14 510 227 410
5 15 617 725 516
5 16 864 378 555
5 17 743 208 107
5 18 609 500 468
6 7 1015 692 150
6 8 274 877 508
6 9 731 333 590
6 10 338 842 836
6 14 943 288 560
6 15 932 932 216
6 16 753 92 647
6 17 800 511 413
7 9 764 362 615
7 10 881 183 686
7 11 253 291 218
7 12 515 375 719
7 13 373 433 268
7 14 81 435 472
7 15 233 322 309
7 17 551 308 464
7 18 517 393 604
8 9 464 654 924
8 10 455 760 444
8 12 526 247 839
8 14 737 800 608
8 15 693 905 560
8 16 486 964 560
8 17 527 435 807
8 18 406 957 752
9 10 887 523 1003
9 11 532 133 821
9 12 787 446 486
9 13 621 538 430
9 14 689 146 442
9 15 546 631 789
9 16 23 388 601
9 17 223 224 189
10 12 379 528 691
10 13 521 567 902
10 14 827 565 568
10 15 880 146 959
10 16 905 874 422
10 17 871 491 966
10 18 725 414 664
11 12 419 314 837
11 13 218 405 483
11 14 172 275 589
11 15 153 598 377
11 16 531 511 590
11 18 271 457 733
12 13 204 92 714
12 14 472 588 250
12 15 566 674 1007
12 16 797 802 293
12 17 678 223 583
13 16 628 893 632
13 18 360 792 596
14 15 175 645 768
14 17 479 368 452
15 17 326 629 604
17 18 147 541 479
