15 2
0 1 745 593
0 2 326 1029
0 3 531 457
0 4 804 279
0 5 438 441
0 6 957 808
0 7 196 407
0 8 472 492
0 9 938 483
0 10 444 775
0 11 600 241
0 12 607 558
0 13 820 434
0 14 896 482
1 2 876 845
1 3 723 801
1 4 569 401
1 5 392 734
1 6 239 430
1 7 551 257
1 8 433 101
1 9 243 806
1 10 566 612
1 11 514 637
1 12 344 896
1 13 431 159
1 14 313 132
2 3 328 765
2 4 698 772
2 5 686 708
2 6 1112 439
2 7 433 730
2 8 471 848
2 9 1105 739
2 10 361 262
2 11 889 840
2 12 612 766
2 13 777 863
2 14 916 916
3 4 383 413
3 5 696 76
3 6 959 761
3 7 511 544
3 8 296 719
3 9 966 31
3 10 170 577
3 11 927 223
3 12 391 106
3 13 491 679
3 14 663 751
4 5 755 355
4 6 762 530
4 7 694 155
4 8 349 311
4 9 787 424
4 10 366 512
4 11 971 236
4 12 275 515
4 13 162 267
4 14 359 339
5 6 554 685
5 7 259 477
5 8 440 655
5 9 525 73
5 10 531 508
5 11 232 200
5 12 482 163
5 13 682 617
5 14 655 691
6 7 761 414
6 8 671 461
6 9 48 749
6 10 805 275
6 11 587 710
6 12 573 819
6 13 607 494
6 14 433 528
7 8 345 181
7 9 742 550
7 10 372 471
7 11 457 389
7 12 458 640
7 13 677 158
7 14 725 230
8 9 675 726
8 10 134 601
8 11 669 544
8 12 145 817
8 13 348 59
8 14 451 68
9 10 808 557
9 11 545 246
9 12 585 91
9 13 635 688
9 14 468 761
10 11 762 605
10 12 258 608
10 13 420 610
10 14 558 667
11 12 696 328
11 13 880 496
11 14 817 564
12 13 219 779
12 14 306 852
13 14 198 74
