17 3
0 1 380 411 557
0 2 161 249 471
0 3 269 362 259
0 4 299 523 487
0 5 800 136 569
0 7 404 622 114
0 9 1223 311 366
0 11 996 140 218
0 14 752 479 301
0 16 307 512 622
1 2 367 493 708
1 3 209 673 545
1 4 347 857 546
1 6 440 704 645
1 8 258 320 571
1 9 960 113 332
1 11 670 398 762
1 12 346 484 569
1 13 828 850 275
1 14 458 121 625
1 16 477 358 78
2 3 181 182 226
2 4 146 367 924
2 8 109 376 683
2 9 1093 381 733
2 11 897 387 445
2 12 274 217 506
2 13 828 426 701
2 15 899 427 337
3 5 539 494 310
3 7 314 261 234
3 8 86 541 464
3 9 957 560 513
3 10 248 534 637
3 12 185 338 295
3 15 724 606 176
3 16 268 556 585
4 7 173 147 595
4 8 147 714 295
4 10 373 677 193
4 11 773 651 671
4 13 684 253 294
4 14 521 958 252
4 16 141 724 622
5 6 508 408 894
5 7 708 754 535
5 8 624 483 767
5 9 529 250 756
5 10 370 134 936
5 11 205 74 593
5 12 488 497 605
5 13 559 575 712
5 14 119 369 856
5 15 187 279 329
5 16 733 524 654
6 7 210 505 425
6 8 329 710 127
6 9 774 600 319
6 10 421 366 56
6 11 647 365 474
6 12 98 574 305
6 13 487 178 371
6 14 405 771 38
6 15 684 642 600
6 16 269 739 723
7 8 305 717 310
7 9 973 799 480
7 11 856 757 116
7 12 225 486 132
7 13 649 399 481
7 15 888 844 356
7 16 100 718 706
8 9 1038 275 273
8 11 816 551 377
8 12 241 232 183
8 15 809 288 478
8 16 235 42 647
9 10 871 382 317
9 11 361 324 582
9 12 820 394 358
9 13 395 740 60
10 12 337 606 356
10 13 762 543 374
10 14 369 470 91
10 15 538 407 634
10 16 512 655 727
11 15 109 353 461
12 13 566 624 368
12 14 399 604 267
12 16 246 232 637
13 14 458 928 354
13 15 627 785 384
14 15 279 178 564
15 16 917 329 411
