10 4
0 1 289 860 293 320
0 2 688 559 554 611
0 3 273 386 186 477
0 4 635 890 276 582
0 5 92 743 489 287
0 6 550 597 341 550
0 7 450 662 572 465
0 8 577 548 550 268
0 9 497 955 367 259
1 2 757 803 617 474
1 3 434 551 317 157
1 4 706 448 25 746
1 5 245 781 778 367
1 6 790 364 562 266
1 7 728 309 355 690
1 8 861 760 621 526
1 9 342 96 404 88
2 3 420 340 737 465
2 4 54 541 625 1172
2 5 766 202 826 808
2 6 503 442 862 652
2 7 935 494 534 1074
2 8 779 43 17 879
2 9 533 886 910 435
3 4 367 504 292 866
3 5 358 450 518 491
3 6 373 221 249 188
3 7 566 290 660 829
3 8 532 304 733 676
3 9 427 645 181 228
4 5 712 422 758 380
4 6 476 317 538 801
4 7 890 275 380 171
4 8 746 506 629 340
4 9 494 487 380 748
5 6 640 454 334 457
5 7 484 483 1047 345
5 8 649 198 813 248
5 9 514 850 626 376
6 7 525 69 894 801
6 8 285 398 854 686
6 9 783 451 300 353
7 8 318 451 547 200
7 9 932 392 758 673
8 9 957 843 908 494
