16 4
0 2 211 603 671 257
0 3 394 803 280 215
0 5 635 827 295 213
0 6 729 423 519 122
0 7 336 591 661 275
0 9 384 892 548 355
0 10 468 881 548 193
0 11 671 926 425 406
0 12 242 728 132 481
0 14 348 628 352 434
1 2 264 347 689 668
1 4 486 84 277 946
1 5 569 599 303 623
1 6 363 472 841 542
1 9 336 692 916 754
1 10 153 756 853 240
1 13 681 485 529 780
1 15 177 392 500 428
2 3 304 286 646 103
2 4 334 416 510 553
2 7 388 398 876 223
2 13 449 355 966 209
3 4 482 624 168 654
3 5 345 26 222 80
3 7 680 339 922 294
3 8 382 588 324 572
3 9 737 164 790 189
3 13 406 248 433 312
4 6 809 410 735 689
4 8 124 203 377 833
4 9 400 724 645 814
4 10 544 755 762 752
4 11 772 817 508 743
4 13 266 500 477 353
4 14 320 574 193 270
4 15 661 441 299 628
5 8 630 614 462 572
5 11 658 550 519 201
5 12 593 445 289 406
5 15 571 207 222 713
6 8 742 213 421 483
6 9 494 698 724 239
6 10 266 559 50 315
6 13 1033 453 319 369
6 15 265 572 975 619
7 13 624 94 803 214
7 15 438 274 798 433
8 9 400 645 732 710
8 10 482 603 432 168
8 11 682 648 624 766
8 12 255 664 173 770
8 13 292 395 110 682
8 14 333 373 552 623
9 10 263 299 774 544
9 11 540 411 138 117
9 12 273 605 679 444
9 13 664 253 741 462
9 14 715 590 581 565
9 15 475 317 631 855
10 13 774 286 325 546
10 14 814 379 895 511
11 13 963 381 649 392
12 13 545 574 277 102
12 14 582 908 387 233
12 15 324 357 500 729
13 15 843 217 759 627
14 15 871 571 117 513
