18 3
0 2 534 443 624
0 3 387 239 899
0 5 199 539 420
0 9 444 213 847
0 10 185 267 388
0 12 264 133 109
0 14 458 574 275
0 16 60 396 552
0 17 344 547 425
1 2 568 319 936
1 3 454 441 731
1 4 449 384 191
1 5 104 261 731
1 6 632 660 689
1 7 588 599 737
1 11 569 618 400
1 13 273 579 699
1 14 552 499 489
1 17 449 471 712
2 3 218 360 821
2 5 660 229 212
2 6 223 353 385
2 11 513 310 601
2 13 699 295 580
2 15 51 249 194
2 17 560 152 225
3 4 704 292 630
3 5 557 546 747
3 6 178 446 444
3 13 514 613 241
3 16 445 462 452
4 6 848 722 507
4 8 468 503 724
4 13 720 811 547
4 16 552 458 464
4 17 861 622 523
5 9 595 488 784
5 11 666 517 432
5 17 537 348 38
6 9 167 783 514
6 10 417 585 463
6 15 196 595 234
6 16 621 612 45
6 17 448 212 276
7 11 735 325 373
7 12 817 835 906
7 13 799 26 69
7 15 288 527 505
7 16 653 515 290
7 17 746 240 546
8 11 786 314 495
8 13 824 588 188
8 14 687 390 593
8 15 347 578 479
9 13 592 776 344
9 16 504 320 506
10 11 284 544 178
10 12 230 285 465
10 15 480 84 531
10 17 184 408 503
11 16 503 568 253
12 13 115 811 842
13 14 502 201 467
13 15 732 506 440
14 15 401 429 267
14 16 504 438 277
15 17 573 401 66
16 17 369 411 258
