12 2
0 3 230 637
0 7 498 336
0 8 629 335
0 10 504 608
0 11 602 456
1 2 211 529
1 3 497 207
1 5 487 238
1 6 437 235
1 9 371 457
1 10 596 237
2 3 614 628
2 4 364 291
2 5 696 761
2 6 629 754
2 8 268 290
2 10 799 670
2 11 239 560
3 4 838 914
3 6 690 316
3 7 366 865
3 8 523 354
3 9 364 661
3 10 730 410
3 11 507 664
4 5 695 1030
4 6 472 1001
4 7 684 208
4 8 631 581
4 9 624 778
4 10 660 887
4 11 600 671
5 6 312 146
5 7 677 1015
5 8 782 521
5 9 134 594
5 10 277 303
5 11 749 630
6 8 814 557
6 9 335 467
6 10 189 174
7 8 160 511
7 11 152 786
8 9 647 648
8 10 956 536
8 11 36 593
9 11 615 108
10 11 920 346
