11 3
0 1 59 664 48
0 2 414 397 85
0 3 238 234 441
0 4 444 266 326
0 5 401 428 677
0 6 298 400 710
0 7 570 658 379
0 8 300 610 659
0 9 487 253 291
0 10 324 466 624
1 2 376 1011 129
1 3 279 778 426
1 4 498 632 277
1 5 458 641 662
1 6 356 267 670
1 7 516 362 330
1 8 345 186 619
1 9 545 459 317
1 10 366 479 577
2 3 452 511 511
2 4 843 405 401
2 5 696 793 745
2 6 685 768 795
2 7 585 1054 455
2 8 508 909 745
2 9 784 649 305
2 10 500 859 706
3 4 448 499 444
3 5 244 302 236
3 6 291 515 444
3 7 790 655 457
3 8 69 773 401
3 9 332 319 342
3 10 87 422 518
4 5 301 653 643
4 6 161 427 468
4 7 921 764 54
4 8 440 509 423
4 9 307 400 533
4 10 474 634 318
5 6 208 431 450
5 7 968 402 643
5 8 196 708 428
5 9 90 280 537
5 10 218 173 614
6 7 824 349 430
6 8 293 278 51
6 9 261 197 756
6 10 328 308 229
7 8 858 516 388
7 9 1052 405 576
7 10 875 237 267
8 9 279 467 707
8 10 35 569 212
9 10 296 235 757
