9 4
0 1 671 519 237 188
0 2 222 491 435 60
0 3 512 307 432 236
0 4 187 416 355 551
0 5 556 476 449 514
0 6 213 459 621 569
0 7 505 180 478 230
0 8 416 286 739 213
1 2 462 963 251 128
1 3 704 256 235 341
1 4 485 811 285 729
1 5 649 347 233 691
1 6 466 72 467 547
1 7 208 350 241 413
1 8 558 399 516 232
2 3 426 711 377 253
2 4 54 210 516 605
2 5 434 966 85 572
2 6 112 917 612 562
2 7 328 619 221 286
2 8 282 771 526 195
3 4 470 555 213 447
3 5 91 424 306 589
3 6 537 225 242 805
3 7 679 128 195 214
3 8 158 342 314 142
4 5 483 879 467 403
4 6 69 775 286 1005
4 7 331 490 390 321
4 8 331 699 499 586
5 6 546 287 535 721
5 7 649 407 136 375
5 8 152 199 441 678
6 7 292 298 406 726
6 8 394 327 302 752
7 8 522 270 315 317
