12 3
0 2 282 654 742
0 3 557 660 670
0 5 836 496 296
0 9 442 535 373
0 10 589 388 125
1 2 223 768 911
1 4 294 332 762
1 5 413 329 746
1 6 338 839 197
1 8 335 717 460
1 9 478 301 280
1 10 253 382 698
1 11 429 573 346
2 5 613 910 479
2 6 559 486 744
2 8 284 149 469
2 9 281 922 685
2 10 311 854 849
3 5 479 224 590
3 7 430 78 976
3 8 60 847 258
3 9 331 182 374
3 10 89 318 795
4 6 167 699 578
4 7 969 558 1007
4 8 596 461 374
4 11 719 297 439
5 8 536 810 354
5 9 798 45 466
5 11 794 715 460
6 8 561 345 332
6 9 787 823 244
6 10 418 690 727
7 8 373 872 718
7 9 352 119 681
7 10 508 269 199
7 11 472 751 772
9 10 416 154 483
9 11 120 724 148
