13 4
0 1 100 788 188 411
0 3 281 300 182 406
0 4 411 293 358 178
0 5 398 445 299 364
0 10 657 156 412 335
1 2 489 132 291 75
1 9 417 888 209 348
1 12 107 184 721 661
2 3 464 633 252 448
2 4 21 484 604 409
2 5 760 712 150 220
2 6 829 496 721 503
2 7 848 257 578 385
2 10 548 764 233 222
3 4 486 170 359 227
3 6 434 231 812 259
3 7 413 688 351 418
3 9 309 557 246 120
3 10 432 447 451 232
3 12 446 553 747 296
4 7 869 518 313 562
4 8 319 498 890 444
4 10 563 402 764 216
5 6 581 383 851 487
6 9 450 439 891 239
6 10 429 323 867 306
7 8 635 572 687 678
7 9 355 730 131 398
7 10 514 653 797 370
7 11 509 765 300 286
8 9 465 187 689 485
10 11 515 905 509 430
11 12 341 579 661 74
