20 4
0 1 254 826 625 464
0 2 384 539 343 317
0 3 671 493 326 244
0 4 402 182 114 638
0 5 556 25 187 714
0 6 32 74 440 191
0 7 675 403 265 247
0 8 799 222 363 299
0 9 263 711 391 518
0 10 466 892 394 595
0 11 432 630 483 386
0 12 839 577 89 341
0 13 671 485 146 676
0 14 301 137 256 188
0 15 878 954 460 528
0 16 109 696 609 470
0 17 507 389 700 179
0 18 741 249 623 598
0 19 619 373 510 552
1 2 133 410 871 673
1 3 422 333 867 496
1 4 205 995 513 230
1 5 304 831 811 257
1 6 253 832 326 524
1 7 599 440 556 611
1 8 584 628 274 484
1 9 297 641 244 618
1 10 295 443 692 637
1 11 463 305 1087 469
1 12 586 790 709 311
1 13 420 404 672 218
1 14 368 749 689 562
1 15 682 258 167 668
1 16 225 130 73 276
1 17 609 621 275 499
1 18 517 996 408 253
1 19 631 538 749 583
2 3 309 248 532 552
2 4 144 671 406 768
2 5 191 554 258 881
2 6 380 577 766 153
2 7 630 173 325 71
2 8 512 426 654 613
2 9 364 304 677 828
2 10 296 357 278 909
2 11 552 114 524 311
2 12 454 388 273 648
2 13 287 394 217 890
2 14 436 525 188 131
2 15 624 437 726 831
2 16 338 302 878 535
2 17 714 221 845 178
2 18 438 638 699 868
2 19 704 450 354 415
3 4 405 665 418 716
3 5 118 498 276 750
3 6 674 499 587 434
3 7 606 142 589 485
3 8 265 298 594 66
3 9 670 551 623 276
3 10 326 538 694 357
3 11 676 243 252 607
3 12 235 601 310 223
3 13 178 150 432 667
3 14 741 418 544 428
3 15 395 501 703 285
3 16 643 205 830 620
3 17 860 370 1000 421
3 18 191 678 944 517
3 19 765 242 807 776
4 5 299 190 298 139
4 6 387 220 360 638
4 7 770 560 217 718
4 8 638 404 259 710
4 9 283 784 285 847
4 10 439 1010 375 863
4 11 666 774 595 490
4 12 487 605 196 541
4 13 318 667 189 246
4 14 348 310 268 683
4 15 756 1102 350 898
4 16 321 864 501 242
4 17 814 483 590 615
4 18 562 125 526 419
4 19 829 555 487 540
5 6 557 49 616 743
5 7 587 413 375 826
5 8 342 218 550 731
5 9 554 732 578 836
5 10 268 908 440 837
5 11 605 643 332 619
5 12 307 601 103 549
5 13 178 482 196 144
5 14 626 122 291 786
5 15 466 965 647 891
5 16 525 702 796 373
5 17 786 411 868 719
5 18 265 267 768 354
5 19 718 366 548 678
6 7 702 427 524 86
6 8 812 208 159 489
6 9 232 769 161 708
6 10 483 933 692 783
6 11 463 661 829 244
6 12 834 646 528 502
6 13 665 468 549 742
6 14 269 95 618 47
6 15 894 978 210 719
6 16 81 704 268 420
6 17 538 447 558 25
6 18 751 309 613 715
6 19 650 345 787 394
7 8 462 257 380 545
7 9 873 455 395 761
7 10 336 522 169 841
7 11 298 235 707 289
7 12 836 469 290 577
7 13 759 255 180 828
7 14 937 364 137 60
7 15 426 552 426 767
7 16 741 311 572 493
7 17 427 230 524 111
7 18 477 556 398 799
7 19 222 282 274 416
8 9 870 676 30 219
8 10 344 779 545 296
8 11 646 489 814 647
8 12 437 615 451 186
8 13 441 264 440 638
8 14 943 120 489 487
8 15 130 791 109 238
8 16 805 502 248 636
8 17 824 374 441 474
8 18 77 456 465 474
8 19 668 155 635 814
9 10 591 320 558 91
9 11 673 355 843 860
9 12 769 233 479 312
9 13 600 697 464 717
9 14 73 748 509 704
9 15 975 541 80 60
9 16 156 568 218 820
9 17 768 322 419 693
9 18 799 704 454 514
9 19 859 737 645 1026
10 11 350 297 762 921
10 12 558 546 384 348
10 13 446 682 262 710
10 14 661 881 150 783
10 15 412 250 580 130
10 16 491 435 719 860
10 17 535 529 602 768
10 18 300 957 437 498
10 19 450 775 116 1085
11 12 906 485 422 589
11 13 780 391 528 663
11 14 725 599 617 287
11 15 661 329 920 884
11 16 522 215 1058 248
11 17 185 335 1183 235
11 18 626 747 1096 709
11 19 187 478 862 168
12 13 171 723 122 452
12 14 833 652 235 517
12 15 558 745 546 358
12 16 786 690 696 512
12 17 1088 249 767 480
12 18 381 507 674 295
12 19 1000 720 498 747
13 14 665 376 115 780
13 15 571 617 519 774
13 16 616 297 672 434
13 17 957 480 689 717
13 18 368 707 576 216
13 19 896 137 377 752
14 15 1048 908 550 711
14 16 203 623 700 467
14 17 807 430 659 68
14 18 872 386 521 743
14 19 912 251 263 432
15 16 896 322 153 859
15 17 829 654 350 706
15 18 205 1075 409 573
15 19 647 738 655 1052
16 17 612 502 347 399
16 18 740 867 470 528
16 19 709 425 785 318
17 18 808 429 190 690
17 19 225 471 618 391
18 19 670 611 436 834
