14 4
0 2 597 609 422 191
0 6 205 6 1007 660
0 8 291 960 532 440
0 9 456 902 146 1098
0 13 401 601 649 979
1 2 545 211 361 804
1 3 238 102 754 308
1 5 253 507 681 475
1 7 418 369 363 831
1 10 402 109 451 275
1 13 386 246 385 186
2 3 703 270 486 863
2 4 720 738 524 512
2 6 440 609 622 514
2 7 191 278 249 91
2 9 201 622 398 1018
2 11 616 335 685 477
2 13 682 453 242 892
3 4 1076 469 715 420
3 5 330 582 414 765
3 7 620 468 399 857
3 11 108 160 518 429
3 12 161 419 312 758
3 13 217 248 717 153
4 5 817 812 1045 794
4 13 906 417 489 514
5 6 227 1004 1180 725
5 9 183 166 257 721
5 11 236 430 104 757
5 13 315 416 852 661
6 10 279 604 465 475
6 11 347 575 1264 59
6 12 495 731 619 435
6 13 314 605 529 454
7 8 763 368 500 169
7 9 233 552 213 1029
7 10 649 380 428 666
7 11 555 433 437 449
8 9 558 229 390 967
8 13 684 405 671 838
9 11 419 356 349 639
9 12 463 232 305 897
9 13 481 301 640 129
10 11 175 53 863 512
10 12 371 319 296 481
11 12 196 285 646 411
