23 4
0 7 322 853 479 100
0 9 709 150 449 245
0 13 627 497 237 319
0 14 358 578 774 470
0 17 320 684 542 736
0 18 492 233 680 217
1 12 455 356 460 557
1 14 77 84 449 674
1 16 527 545 721 541
1 17 351 124 236 584
1 19 110 156 587 310
1 21 406 447 280 317
1 22 452 241 622 382
2 4 463 208 757 688
2 8 425 455 882 400
2 9 733 324 459 373
2 19 506 395 981 657
3 8 452 361 504 689
3 9 874 675 672 494
3 12 265 221 62 874
3 17 288 166 371 166
3 19 680 248 843 837
3 21 210 524 215 853
4 6 51 547 869 731
4 11 606 566 473 255
4 21 472 847 588 259
5 6 874 489 841 275
5 7 613 295 243 211
5 10 1112 479 624 723
5 12 303 59 596 289
5 13 739 745 793 452
6 11 641 916 458 551
6 12 649 472 335 553
6 20 911 347 901 676
6 22 695 624 165 638
7 15 436 259 621 521
7 20 1100 477 443 376
8 17 436 195 346 770
8 19 467 113 636 373
9 10 471 791 57 346
9 12 630 892 625 469
9 16 889 1062 426 393
9 17 678 687 576 507
10 16 826 919 475 709
10 17 704 528 577 606
11 13 63 35 211 140
11 16 755 679 521 530
11 17 530 568 548 543
11 19 281 509 762 335
11 20 278 654 909 198
11 22 290 292 442 403
12 15 529 366 943 441
12 20 618 616 568 500
12 21 188 479 229 814
13 17 523 553 677 447
13 18 446 268 763 533
13 19 226 491 960 399
14 19 94 103 163 686
14 22 510 216 779 661
15 18 365 548 478 354
15 20 815 251 935 331
16 20 1019 897 832 543
17 19 437 82 476 846
17 20 792 463 371 741
18 20 714 456 463 440
18 21 700 670 351 754
19 22 444 310 937 85
