15 4
0 4 886 911 683 371
0 5 261 413 891 562
0 7 1043 994 530 491
0 10 444 687 490 584
0 11 635 98 372 959
1 7 732 737 99 1040
1 8 470 428 298 739
1 14 201 861 201 685
2 3 795 1066 608 514
2 6 686 908 308 285
2 13 500 783 668 413
2 14 1007 126 599 559
3 5 474 252 788 627
3 6 127 462 645 739
4 11 283 882 693 840
4 13 373 838 528 424
5 9 573 848 853 293
5 10 221 512 1091 244
5 13 561 488 728 594
6 10 685 642 869 628
6 12 329 122 592 453
6 14 334 939 646 838
7 10 1260 318 596 571
8 12 360 695 532 636
9 10 794 353 619 518
10 12 735 582 898 379
11 13 90 181 423 927
12 13 81 193 483 750
13 14 593 776 343 687
