13 3
0 1 317 604 660
0 2 277 445 406
0 3 348 628 1050
0 7 85 403 365
0 8 343 540 552
0 11 467 466 1044
1 4 435 760 776
1 5 372 504 816
1 8 190 1015 775
1 9 475 486 338
1 11 706 254 611
2 3 77 762 703
2 5 433 280 675
2 6 591 583 192
2 7 343 734 479
2 8 473 274 576
2 11 192 532 703
2 12 482 350 752
3 5 509 483 656
3 6 660 209 702
3 7 408 351 871
3 12 553 585 89
4 6 896 509 696
4 7 607 922 759
4 8 607 828 618
4 10 377 639 674
4 11 1126 563 281
5 6 351 306 507
5 7 203 514 403
5 9 534 245 497
6 8 814 844 386
6 9 778 229 312
6 10 823 136 535
6 12 474 488 730
7 8 279 912 191
7 11 526 361 858
8 9 336 732 513
8 12 388 489 767
9 11 276 267 390
9 12 527 517 433
10 11 802 90 462
10 12 349 434 530
