18 2
0 1 411 902
0 2 361 348
0 4 645 612
0 5 167 340
0 7 626 811
0 10 398 514
0 11 489 390
0 13 397 833
0 14 85 709
1 2 269 804
1 3 356 1074
1 5 279 788
1 10 103 721
1 14 490 576
1 15 452 559
1 17 150 592
2 4 341 414
2 6 457 735
2 7 542 474
2 9 223 305
2 10 350 181
2 11 402 49
2 14 408 411
2 16 191 273
2 17 286 231
3 4 327 695
3 5 465 550
3 8 417 975
3 9 262 781
3 10 449 436
3 12 385 717
3 16 74 338
3 17 401 564
4 5 547 401
4 7 836 642
4 14 712 223
4 15 194 174
4 17 424 189
5 6 793 728
5 8 131 663
5 11 332 65
5 12 96 167
5 13 255 663
5 16 532 291
6 8 756 479
6 9 568 680
6 10 716 567
6 11 717 727
6 13 652 357
6 16 291 821
6 17 708 520
7 8 621 925
7 14 586 452
7 15 999 570
8 9 285 435
8 11 434 704
8 12 68 630
8 13 336 124
8 15 770 435
8 16 475 901
8 17 219 471
9 12 300 199
9 14 308 432
9 15 748 169
9 17 412 234
10 14 482 240
10 15 527 198
10 16 522 299
11 12 367 230
11 14 573 401
11 15 470 269
11 16 556 228
11 17 215 242
12 13 268 661
12 14 210 506
12 15 707 257
12 16 449 444
12 17 154 289
13 14 478 405
14 17 359 218
15 17 601 67
