12 2
0 1 115 432
0 2 90 858
0 3 603 460
0 4 466 923
0 5 354 766
0 7 342 976
0 8 517 972
0 9 493 946
0 11 262 467
1 2 99 426
1 3 710 178
1 4 572 512
1 5 389 345
1 6 513 361
1 7 304 626
1 9 604 553
1 10 374 283
1 11 229 346
2 3 680 469
2 5 294 152
2 6 433 661
2 7 252 453
2 8 554 679
2 9 565 301
2 10 308 625
2 11 172 624
3 4 138 475
3 10 411 157
4 5 659 354
4 8 329 489
4 11 695 581
5 6 384 648
5 7 225 576
5 8 501 778
5 10 364 593
5 11 219 617
6 7 565 592
6 9 294 614
6 11 512 45
7 9 773 158
7 10 491 623
7 11 80 548
8 9 261 410
8 10 257 605
9 11 703 569
10 11 424 105
