18 2
0 4 199 392
0 6 622 646
0 8 833 352
0 11 860 164
0 12 770 103
0 13 340 817
0 14 414 675
0 16 797 683
0 17 305 849
1 2 456 589
1 3 187 645
1 4 369 834
1 5 443 682
1 6 872 271
1 8 501 539
1 9 624 400
1 10 878 374
1 11 487 817
1 12 551 877
1 13 266 671
1 15 700 670
1 16 561 289
1 17 294 52
2 3 609 969
2 4 702 927
2 6 794 348
2 7 275 487
2 8 74 390
2 10 784 354
2 11 30 544
2 12 218 631
2 15 1041 565
2 16 202 305
3 4 455 359
3 5 590 585
3 6 1047 668
3 7 337 769
3 9 791 843
3 10 1054 615
3 11 639 763
3 12 731 759
3 13 421 1104
3 14 835 968
3 15 738 561
3 16 738 731
3 17 441 599
4 5 703 398
4 6 705 731
4 7 496 916
4 8 713 537
4 9 446 866
4 10 721 624
4 12 683 493
4 13 197 1069
4 14 479 921
4 15 344 379
4 16 706 789
4 17 169 801
5 6 818 469
5 7 260 702
5 8 104 183
5 9 663 542
5 11 52 182
5 12 247 208
5 13 511 693
5 14 702 545
5 15 1043 24
5 16 232 509
5 17 544 673
6 7 836 238
6 8 738 298
6 9 263 180
6 10 28 130
6 11 797 572
6 12 594 643
6 13 630 461
6 14 226 353
6 15 827 465
6 16 620 63
6 17 619 292
7 9 617 301
7 10 836 366
7 11 306 811
7 12 404 881
7 14 661 498
7 16 407 223
7 17 366 198
8 10 727 170
8 11 62 278
8 12 150 345
8 13 516 532
8 14 643 384
8 15 1045 187
8 16 131 331
8 17 547 541
9 12 490 675
9 14 45 199
9 17 357 436
10 11 786 448
10 12 581 515
10 14 241 354
10 15 850 335
10 16 607 174
11 12 212 87
11 14 694 532
11 15 1066 205
11 16 193 597
11 17 566 816
12 13 490 755
12 14 520 618
12 15 994 227
12 16 30 672
12 17 514 873
13 14 414 149
13 15 532 705
13 17 35 712
14 15 633 557
14 16 550 312
14 17 399 631
15 16 1019 507
