15 2
0 3 412 632
0 5 349 201
0 7 248 677
0 8 590 798
0 9 119 327
0 10 468 106
0 11 307 550
1 4 656 671
1 5 428 540
1 6 93 126
1 7 397 623
1 8 534 225
1 9 338 541
1 12 759 390
1 14 653 180
2 3 153 539
2 4 385 310
2 6 342 801
2 7 86 546
2 8 366 1134
2 10 376 535
2 11 224 367
2 13 623 545
2 14 284 806
3 4 249 490
3 6 407 482
3 9 511 860
3 10 508 534
3 14 386 402
4 6 647 547
4 9 758 572
4 11 572 359
4 13 315 491
4 14 513 591
5 7 138 482
5 10 402 128
5 11 263 350
5 12 522 301
5 14 291 467
6 7 326 531
6 8 543 345
6 10 596 379
6 11 426 545
6 12 773 279
6 13 934 474
7 9 310 910
7 10 315 581
7 12 659 267
7 13 688 57
8 9 701 722
8 10 713 717
8 11 584 836
8 12 231 573
8 14 576 335
9 11 313 826
9 12 927 652
9 13 998 855
10 12 880 359
11 13 743 179
11 14 181 502
