18 4
0 1 748 789 654 254
0 4 916 929 182 367
0 6 457 927 508 447
0 7 761 955 277 903
0 9 606 692 640 515
0 10 852 1056 673 815
0 11 149 229 734 922
0 12 600 478 309 753
0 13 742 1049 658 746
0 14 628 640 497 584
0 15 869 653 502 419
1 3 554 224 589 189
1 5 372 545 666 670
1 6 369 352 274 478
1 7 287 492 853 782
1 8 177 345 547 641
1 9 780 835 332 340
1 10 123 448 163 606
1 11 736 562 89 834
1 12 547 311 675 637
1 14 433 307 643 331
1 15 357 349 752 312
1 17 371 537 686 684
2 3 540 603 644 165
2 4 1006 919 824 378
2 6 393 476 332 421
2 8 586 974 564 591
2 9 898 258 299 252
2 10 831 531 214 527
2 11 173 752 102 747
2 12 832 676 685 549
2 13 854 750 475 599
2 14 819 910 700 310
2 16 869 341 889 451
2 17 614 354 737 596
3 4 652 408 539 237
3 5 545 417 78 768
3 6 417 395 329 299
3 8 466 372 512 737
3 9 373 656 754 318
3 10 674 522 516 625
3 13 474 469 367 556
3 15 586 355 185 215
3 16 343 527 247 504
3 17 709 338 128 591
4 5 171 743 551 893
4 6 631 503 682 82
4 7 573 654 102 611
4 8 453 332 280 861
4 9 731 1036 716 387
4 10 334 567 837 675
4 11 944 700 882 596
4 12 493 463 260 472
4 13 177 318 839 414
4 14 379 332 668 664
4 16 470 696 569 507
4 17 659 735 458 495
5 6 635 350 404 885
5 7 657 279 652 695
5 8 487 788 561 32
5 10 454 441 589 312
5 13 137 609 422 799
5 14 233 725 127 362
5 15 52 772 121 647
5 16 307 290 171 480
5 17 738 217 98 691
6 7 304 152 762 542
6 9 771 675 525 379
6 10 439 130 190 644
6 11 397 734 308 518
6 12 608 519 654 409
6 14 545 640 369 686
6 15 646 686 480 247
6 16 633 193 575 467
7 8 221 816 312 673
7 9 984 583 733 449
7 10 257 176 907 386
7 11 693 786 939 128
7 15 644 810 758 489
7 16 784 44 669 275
7 17 87 467 559 116
8 9 763 1009 437 476
8 11 572 475 635 795
8 12 556 325 148 624
8 13 351 608 698 772
8 15 488 33 682 615
8 16 569 859 656 453
9 11 737 671 401 519
9 12 242 686 504 312
9 14 362 943 850 351
9 15 619 985 937 141
9 16 261 580 974 199
9 17 1035 323 807 363
10 11 826 864 144 507
10 13 345 279 267 495
10 14 548 749 538 429
10 16 661 195 761 187
10 17 344 602 631 381
11 12 698 251 764 208
11 13 778 829 411 182
11 14 703 423 673 843
11 15 916 443 787 526
11 16 738 820 882 373
11 17 676 399 741 157
12 13 344 580 846 154
12 14 120 259 774 638
12 15 387 299 800 339
12 16 43 642 753 177
12 17 835 364 606 51
13 14 225 582 329 746
13 15 145 619 447 370
13 16 331 452 581 319
13 17 606 695 496 132
14 15 282 48 119 445
14 16 113 806 256 474
14 17 742 620 224 688
16 17 848 489 168 224
