12 3
0 1 422 494 422
0 4 362 306 221
0 6 861 416 483
0 9 239 315 394
0 10 813 322 102
0 11 661 184 193
1 3 118 722 903
1 7 295 585 506
1 8 429 449 489
1 10 685 802 515
1 11 408 676 311
2 3 647 465 921
2 5 114 748 684
2 6 550 508 314
2 7 627 1007 747
2 8 825 219 284
3 6 803 623 925
3 8 418 350 648
3 9 312 602 145
4 5 368 511 295
4 7 311 781 323
4 9 123 555 467
4 11 361 240 33
5 7 614 281 269
5 8 721 529 452
6 8 1162 348 441
6 9 720 583 805
6 10 56 732 567
6 11 361 599 338
7 11 223 560 297
8 10 1106 642 512
