12 2
0 1 707 556
0 3 198 253
0 4 59 506
0 7 764 571
0 8 195 426
0 9 738 665
0 10 591 278
0 11 552 234
1 2 780 312
1 3 712 781
1 4 670 190
1 5 252 122
1 6 588 157
1 8 524 288
1 9 291 790
1 10 267 833
2 3 485 485
2 4 249 302
2 5 548 420
2 6 344 181
2 8 399 230
2 9 697 647
2 10 758 523
2 11 769 103
3 4 241 690
3 6 678 628
3 8 216 679
3 9 816 857
3 10 528 142
3 11 441 438
4 5 418 205
4 6 459 135
4 7 735 115
4 8 178 404
4 9 685 903
4 10 573 770
4 11 550 271
5 6 441 246
5 7 333 95
5 9 357 905
5 10 245 934
5 11 339 433
6 7 726 160
6 9 403 769
6 10 686 688
7 8 570 371
7 9 442 877
7 10 211 845
7 11 356 343
8 9 602 506
8 10 397 682
8 11 374 329
9 10 521 771
10 11 156 503
