15 4
0 1 192 585 680 222
0 2 445 560 826 234
0 3 522 561 784 694
0 4 629 784 548 309
0 6 558 272 603 660
0 9 637 697 695 301
0 10 468 742 99 462
0 11 825 658 1120 351
0 12 403 172 538 773
1 3 652 370 440 703
1 4 758 678 158 514
1 5 728 933 286 547
1 6 578 314 81 752
1 7 993 320 383 220
1 9 584 810 724 454
1 11 969 420 747 129
1 12 567 580 740 614
1 13 918 964 835 710
1 14 207 534 707 248
2 4 392 527 279 465
2 5 261 65 423 637
2 6 114 675 269 851
2 7 581 568 512 330
2 8 145 401 496 29
2 9 283 272 917 520
2 11 609 620 874 195
2 12 389 402 936 733
2 13 497 91 1031 817
2 14 271 473 826 347
3 4 107 317 528 912
3 5 416 641 198 344
3 6 359 399 420 272
3 7 349 254 622 642
3 8 355 342 432 854
3 9 587 451 386 488
3 11 320 98 352 750
3 12 181 449 505 566
3 13 285 666 530 195
3 14 488 451 880 676
4 5 427 587 414 588
4 6 407 693 116 790
4 7 243 537 237 726
4 9 640 277 737 429
4 10 751 204 474 604
4 12 266 628 712 1079
4 13 185 595 827 801
4 14 588 662 559 759
5 6 150 724 298 221
5 7 506 624 575 603
5 10 527 406 773 23
5 11 593 685 462 645
5 12 562 439 655 740
5 13 425 37 706 214
6 7 555 156 313 770
6 8 38 274 234 880
6 9 232 709 668 375
6 11 609 494 749 837
6 12 469 305 670 807
6 13 469 759 772 80
7 8 527 187 195 346
7 9 775 564 701 564
7 10 944 574 237 624
7 11 144 351 974 150
7 12 502 268 615 404
7 13 86 657 751 710
7 14 813 237 324 44
8 9 251 466 527 547
8 10 441 500 358 689
8 11 588 433 783 205
8 12 477 108 476 750
9 10 286 82 735 178
9 12 672 525 192 788
9 13 690 326 147 374
10 11 971 410 1119 668
10 12 674 572 594 752
10 13 859 407 738 197
11 13 183 706 687 787
11 14 807 547 1224 156
12 14 450 72 676 398
13 14 734 548 819 750
