11 4
0 1 665 863 332 289
0 4 533 780 290 248
0 5 779 538 104 595
0 6 479 841 323 67
0 7 694 906 348 93
0 8 331 52 548 677
0 9 499 72 363 750
0 10 525 243 310 228
1 2 162 844 144 68
1 3 324 755 756 1035
1 4 769 663 265 439
1 5 171 1102 428 838
1 6 372 443 560 310
1 7 29 896 311 203
1 9 279 792 692 998
1 10 426 658 65 393
2 3 449 556 900 992
2 4 815 248 302 372
2 6 437 401 703 272
2 7 174 171 324 164
2 9 129 977 809 970
2 10 265 798 202 379
3 5 256 352 508 640
3 6 184 501 199 725
3 7 339 441 862 833
3 8 446 430 940 551
3 9 515 442 489 260
3 10 671 293 701 694
4 5 768 635 331 403
4 6 398 249 609 307
4 7 795 235 63 315
4 8 622 736 428 860
4 10 911 556 304 462
5 6 385 838 337 628
5 8 481 536 644 975
5 9 448 563 264 827
5 10 597 522 411 739
6 8 327 791 751 613
6 9 456 785 409 701
6 10 598 598 507 161
7 8 371 870 452 700
7 9 296 880 599 807
7 10 439 714 357 229
8 9 189 30 908 316
8 10 289 192 249 472
9 10 157 188 673 614
