10 3
0 1 603 811 786
0 2 611 1110 376
0 3 947 206 537
0 4 242 568 695
0 5 242 298 654
0 6 364 212 134
0 7 622 490 247
0 8 571 450 732
0 9 441 394 658
1 2 249 856 690
1 3 353 841 521
1 4 421 562 791
1 5 412 638 860
1 6 557 611 915
1 7 293 422 582
1 8 44 377 271
1 9 578 418 202
2 3 409 965 720
2 4 374 549 320
2 5 371 813 295
2 6 414 1044 423
2 7 44 697 215
2 8 216 819 513
2 9 405 889 662
3 4 739 454 985
3 5 733 213 1001
3 6 820 337 662
3 7 433 448 508
3 8 378 464 670
3 9 814 438 319
4 5 11 270 108
4 6 204 498 727
4 7 382 189 515
4 8 381 317 536
4 9 269 372 841
5 6 215 273 667
5 7 381 234 506
5 8 373 269 617
5 9 279 265 889
6 7 399 360 353
6 8 514 277 843
6 9 77 207 792
7 8 260 130 490
7 9 383 193 500
8 9 535 75 399
