20 2
0 1 1088 375
0 2 706 721
0 3 710 264
0 4 522 343
0 5 848 297
0 6 544 163
0 8 706 131
0 9 964 335
0 10 917 634
0 11 1030 422
0 14 419 613
0 17 802 674
0 18 895 775
0 19 542 702
1 2 482 489
1 3 461 320
1 4 654 138
1 5 250 558
1 6 598 236
1 7 371 460
1 8 462 504
1 9 389 660
1 10 523 737
1 11 58 741
1 12 647 871
1 14 672 798
1 15 580 158
1 17 287 847
1 19 625 381
2 3 444 478
2 4 493 406
2 5 248 695
2 6 433 565
2 7 317 561
2 8 27 842
2 9 621 837
2 10 249 592
2 11 435 885
2 13 500 463
2 14 369 736
2 16 664 377
2 17 287 754
2 18 664 62
2 19 169 210
3 4 206 199
3 5 319 260
3 7 140 142
3 8 418 370
3 9 259 388
3 10 663 437
3 11 407 456
3 12 234 590
3 13 497 358
3 14 312 479
3 16 221 260
3 18 237 536
3 19 457 510
4 5 467 454
4 6 64 181
4 7 290 341
4 8 474 473
4 9 446 573
4 10 739 600
4 13 328 495
4 14 190 668
4 15 725 45
4 18 375 451
5 6 404 333
5 7 184 135
5 8 225 307
5 9 407 142
5 11 197 198
5 15 412 414
5 16 508 359
5 18 483 757
5 19 377 762
6 7 230 262
6 10 678 587
6 11 541 507
6 12 69 743
6 16 322 413
6 19 384 540
7 8 291 360
7 9 317 276
7 10 524 338
7 11 313 331
7 12 276 503
7 13 504 297
7 14 311 348
7 15 535 305
7 17 96 404
7 18 347 622
7 19 366 629
8 10 266 676
8 11 415 366
8 13 496 656
8 14 357 622
8 16 638 598
8 17 260 685
8 19 175 832
9 11 360 87
9 13 755 503
9 14 571 372
9 16 209 498
9 17 337 432
9 18 134 898
9 19 683 897
10 12 676 168
10 13 729 130
10 14 616 165
10 16 874 243
10 18 859 649
11 12 590 611
11 13 804 514
11 14 614 336
11 17 229 391
11 18 477 947
11 19 573 959
12 13 266 238
12 14 107 281
12 16 387 358
12 17 366 242
12 18 437 687
13 15 683 482
13 16 645 122
13 17 575 291
13 18 701 521
13 19 347 621
14 15 587 640
14 17 385 62
14 18 533 796
15 18 878 485
15 19 338 402
16 17 419 392
16 19 673 513
17 18 399 812
17 19 380 905
18 19 693 198
