15 2
0 1 810 326
0 2 791 474
0 3 521 299
0 4 251 298
0 5 919 636
0 6 820 534
0 7 298 58
0 8 836 329
0 9 947 698
0 10 731 575
0 11 521 544
0 12 766 723
0 13 407 125
0 14 672 236
1 2 579 441
1 3 663 523
1 4 566 499
1 5 845 380
1 6 354 252
1 7 532 312
1 8 879 283
1 9 794 519
1 10 369 296
1 11 314 342
1 12 346 464
1 13 911 217
1 14 784 277
2 3 303 772
2 4 591 769
2 5 267 374
2 6 244 381
2 7 539 417
2 8 316 168
2 9 224 295
2 10 211 713
2 11 634 782
2 12 234 432
2 13 603 388
2 14 288 626
3 4 381 40
3 5 400 890
3 6 448 770
3 7 340 356
3 8 334 623
3 9 427 982
3 10 361 658
3 11 563 560
3 12 404 977
3 13 306 399
3 14 174 262
4 5 770 870
4 6 580 748
4 7 54 356
4 8 716 615
4 9 779 969
4 10 494 622
4 11 302 521
4 12 526 956
4 13 439 389
4 14 554 231
5 6 504 131
5 7 723 595
5 8 129 358
5 9 89 202
5 10 477 508
5 11 878 634
5 12 500 87
5 13 616 512
5 14 255 656
6 7 528 499
6 8 559 305
6 9 444 309
6 10 94 392
6 11 501 508
6 12 55 212
6 13 750 409
6 14 505 529
7 8 673 276
7 9 729 647
7 10 441 580
7 11 291 564
7 12 473 681
7 13 433 96
7 14 514 275
8 9 211 373
8 10 513 570
8 11 865 624
8 12 544 437
8 13 503 227
8 14 164 459
9 10 431 700
9 11 856 815
9 12 448 198
9 13 673 584
9 14 308 778
10 11 451 150
10 12 43 565
10 13 659 494
10 14 436 405
11 12 459 698
11 13 722 493
11 14 726 332
12 13 702 599
12 14 475 741
13 14 364 246
