18 2
0 1 229 402
0 2 371 422
0 3 346 459
0 4 586 715
0 5 55 656
0 6 517 385
0 7 883 675
0 8 350 381
0 9 432 164
0 10 626 703
0 11 547 383
0 12 951 682
0 13 537 525
0 14 553 647
0 15 650 715
0 16 741 281
0 17 527 426
1 2 275 650
1 3 442 233
1 4 521 796
1 5 221 565
1 6 421 91
1 7 660 740
1 8 225 681
1 9 377 347
1 10 402 913
1 11 506 597
1 12 731 593
1 13 393 457
1 14 458 965
1 15 510 618
1 16 657 661
1 17 491 366
2 3 309 530
2 4 246 340
2 5 323 470
2 6 690 578
2 7 627 323
2 8 496 122
2 9 109 581
2 10 404 284
2 11 235 54
2 12 676 482
2 13 643 389
2 14 726 340
2 15 282 509
2 16 387 305
2 17 222 370
3 4 368 593
3 5 297 333
3 6 838 148
3 7 935 535
3 8 650 598
3 9 265 487
3 10 709 755
3 11 308 478
3 12 982 361
3 13 830 237
3 14 875 868
3 15 534 386
3 16 518 647
3 17 288 172
4 5 533 329
4 6 934 707
4 7 693 58
4 8 741 456
4 9 155 855
4 10 540 275
4 11 62 352
4 12 715 318
4 13 880 359
4 14 969 540
4 15 214 327
4 16 158 645
4 17 81 431
5 6 553 476
5 7 860 276
5 8 376 584
5 9 379 747
5 10 605 573
5 11 493 440
5 12 926 29
5 13 563 132
5 14 589 782
5 15 604 59
5 16 688 722
5 17 473 238
6 7 804 651
6 8 196 619
6 9 796 369
6 10 602 833
6 11 924 524
6 12 887 505
6 13 116 367
6 14 37 901
6 15 876 531
6 16 1056 622
6 17 910 276
7 8 710 442
7 9 688 810
7 10 258 309
7 11 739 325
7 12 83 268
7 13 691 301
7 14 820 558
7 15 485 279
7 16 685 626
7 17 745 374
8 9 601 545
8 10 475 340
8 11 729 144
8 12 792 598
8 13 187 492
8 14 233 285
8 15 698 626
8 16 868 196
8 17 715 454
9 10 488 864
9 11 129 539
9 12 728 775
9 13 752 616
9 14 833 808
9 15 270 807
9 16 309 432
9 17 114 509
10 11 571 331
10 12 330 570
10 13 501 554
10 14 626 287
10 15 372 585
10 16 588 529
10 17 570 583
11 12 766 454
11 13 878 349
11 14 961 390
11 15 268 483
11 16 211 303
11 17 21 322
12 13 774 160
12 14 904 788
12 15 503 33
12 16 689 741
12 17 774 266
13 14 129 722
13 15 800 191
13 16 991 609
13 17 866 107
14 15 908 810
14 16 1090 389
14 17 947 710
15 16 217 772
15 17 279 297
16 17 232 542
