19 4
0 1 921 818 652 472
0 2 636 116 771 624
0 3 845 242 287 179
0 4 583 407 648 620
0 5 417 327 302 596
0 6 556 481 687 407
0 7 440 459 326 325
0 8 259 353 388 605
0 9 482 186 244 532
0 10 611 265 761 769
0 11 543 140 56 575
0 12 316 686 243 545
0 13 807 453 403 654
0 14 703 762 378 331
0 15 866 589 704 229
0 16 205 393 679 222
0 17 746 469 369 554
0 18 110 549 728 332
1 2 770 899 762 918
1 3 85 742 466 428
1 4 745 552 208 156
1 5 688 762 630 813
1 6 644 953 637 602
1 7 482 390 362 740
1 8 751 775 650 558
1 9 806 960 521 817
1 10 508 1022 895 666
1 11 409 912 609 694
1 12 667 544 412 360
1 13 115 896 455 830
1 14 629 488 523 160
1 15 161 685 245 688
1 16 843 519 279 654
1 17 372 837 362 304
1 18 1022 705 668 770
2 3 741 355 882 521
2 4 57 431 941 1067
2 5 241 437 474 158
2 6 910 572 126 319
2 7 551 559 805 348
2 8 720 462 391 541
2 9 162 71 892 101
2 10 857 150 187 644
2 11 440 195 721 322
2 12 689 697 730 693
2 13 683 551 418 219
2 14 162 783 405 855
2 15 834 573 993 483
2 16 752 505 1012 432
2 17 879 574 860 759
2 18 732 528 96 759
3 4 710 511 393 584
3 5 636 88 487 457
3 6 562 287 771 248
3 7 405 352 110 315
3 8 667 116 561 427
3 9 761 422 59 422
3 10 426 502 929 591
3 11 350 224 280 408
3 12 583 784 153 388
3 13 58 243 464 504
3 14 611 836 485 337
3 15 112 738 442 294
3 16 760 231 409 241
3 17 299 238 108 413
3 18 944 707 813 494
4 5 184 587 718 955
4 6 856 797 815 749
4 7 499 380 322 896
4 8 663 614 759 667
4 9 121 472 452 966
4 10 806 514 1055 749
4 11 397 544 619 826
4 12 633 282 412 457
4 13 653 751 581 966
4 14 170 356 640 293
4 15 800 240 60 841
4 16 696 446 72 809
4 17 834 731 287 389
4 18 681 224 850 903
5 6 684 215 404 216
5 7 342 377 453 391
5 8 479 28 86 387
5 9 144 501 474 120
5 10 648 580 462 486
5 11 289 285 257 166
5 12 451 855 351 553
5 13 582 165 200 79
5 14 286 901 135 773
5 15 708 818 779 513
5 16 513 244 774 447
5 17 700 151 513 621
5 18 522 790 442 797
6 7 366 580 689 316
6 8 298 193 330 294
6 9 822 623 785 221
6 10 138 694 278 446
6 11 519 381 634 171
6 12 260 1068 619 389
6 13 564 56 308 256
6 14 870 1116 310 557
6 15 509 1024 867 394
6 16 367 444 886 321
6 17 300 122 742 449
6 18 606 992 42 664
7 8 292 393 516 608
7 9 486 627 160 284
7 10 307 700 869 762
7 11 166 533 300 463
7 12 216 571 104 659
7 13 369 524 389 468
7 14 505 586 422 629
7 15 434 609 377 136
7 16 377 136 355 103
7 17 367 474 60 701
7 18 540 601 730 414
8 9 597 526 552 466
8 10 361 604 377 165
8 11 448 305 343 221
8 12 84 880 418 211
8 13 643 140 196 357
8 14 729 925 126 594
8 15 663 846 819 668
8 16 94 257 819 596
8 17 510 122 576 282
8 18 318 817 366 914
9 10 791 80 926 586
9 11 423 242 246 257
9 12 581 725 170 603
9 13 705 606 476 198
9 14 286 816 488 754
9 15 840 588 501 414
9 16 617 575 467 355
9 17 843 634 167 666
9 18 574 541 827 697
10 11 435 313 719 329
10 12 294 750 779 307
10 13 432 680 486 434
10 14 795 845 447 729
10 15 372 599 1111 829
10 16 447 653 1122 757
10 17 167 711 928 365
10 18 679 551 267 1079
11 12 378 824 208 399
11 13 298 367 347 144
11 14 360 898 324 681
11 15 419 729 676 558
11 16 526 437 655 485
11 17 438 401 349 470
11 18 651 688 675 833
12 13 559 1019 312 543
12 14 682 103 334 429
12 15 580 184 470 676
12 16 178 676 452 614
12 17 434 992 163 72
12 18 391 226 661 875
13 14 553 1065 71 805
13 15 163 980 640 586
13 16 735 388 645 519
13 17 322 72 446 614
13 18 909 950 351 870
14 15 712 287 700 557
14 16 780 703 702 534
14 17 788 1032 481 393
14 18 808 329 351 613
15 16 757 685 51 73
15 17 219 965 339 706
15 18 959 48 901 285
16 17 600 339 311 647
16 18 239 668 921 352
17 18 825 938 783 886
