10 3
0 1 388 1024 140
0 3 544 550 435
0 4 587 806 349
0 6 655 523 134
0 7 571 455 293
0 9 1024 614 456
1 2 692 892 549
1 3 413 927 371
1 4 431 540 382
1 5 319 858 505
1 6 515 1034 267
1 7 185 873 158
1 8 249 555 566
1 9 684 612 587
2 3 303 673 670
2 4 315 801 418
2 5 855 149 62
2 6 266 681 283
2 7 735 233 682
2 8 894 371 273
2 9 803 400 42
3 5 645 524 658
3 6 114 117 477
3 7 433 881 301
3 8 643 772 816
3 9 586 876 693
4 5 678 685 419
4 6 84 570 309
4 7 431 923 424
4 8 668 669 612
4 9 544 779 434
5 6 759 534 238
5 7 492 370 645
5 8 155 404 227
5 9 1003 467 102
6 7 507 902 409
6 8 752 833 342
7 8 387 319 723
7 9 522 276 718
8 9 908 112 299
