15 4
0 4 875 170 290 269
0 5 315 635 574 424
0 6 885 369 737 193
0 9 905 619 957 720
0 10 690 495 358 137
0 11 293 502 253 275
0 12 733 675 824 236
0 13 665 280 669 515
0 14 351 138 258 381
1 2 773 502 111 453
1 3 565 186 172 568
1 5 587 586 270 623
1 8 267 600 878 332
1 9 421 571 417 761
1 12 321 487 247 493
1 14 301 154 564 829
2 3 277 484 271 157
2 4 1056 910 759 284
2 5 723 510 303 399
2 6 1096 403 820 173
2 7 476 604 304 841
2 9 1184 505 510 745
2 10 840 381 536 155
2 11 121 353 976 262
2 13 577 473 688 532
2 14 697 618 617 380
3 4 873 559 648 128
3 5 456 718 382 523
3 6 897 374 582 327
3 7 207 492 458 755
3 9 950 704 245 671
3 10 670 513 486 233
3 11 157 131 876 241
3 13 560 259 460 579
4 5 872 796 509 643
4 6 87 538 447 455
4 8 312 749 221 357
4 9 304 781 708 612
4 12 365 709 607 205
4 13 626 437 383 626
4 14 590 292 298 254
5 6 851 353 718 260
5 7 248 392 117 1238
5 8 621 1176 730 445
5 10 747 204 267 509
5 11 608 628 706 400
5 12 862 1049 417 660
5 13 883 500 583 827
6 7 852 203 835 986
6 8 256 825 461 186
6 9 219 338 471 884
6 10 274 157 546 250
6 11 997 311 592 337
6 12 442 702 501 418
6 13 697 150 136 578
6 14 578 259 684 502
7 8 672 892 829 804
7 10 674 275 366 739
7 11 360 473 791 987
7 13 693 234 701 622
8 9 186 1161 841 700
8 10 343 972 464 65
8 11 894 577 152 386
8 14 375 684 500 497
9 10 440 191 622 635
9 11 1074 616 925 908
9 13 868 485 391 511
9 14 560 558 775 860
10 11 749 426 443 412
10 12 199 844 472 197
10 13 430 307 430 377
10 14 461 405 157 500
11 12 710 438 833 436
11 13 541 247 568 788
11 14 576 366 429 188
13 14 660 145 577 851
