22 3
0 5 251 257 288
0 6 993 556 261
0 8 871 571 164
0 9 590 811 185
0 12 463 25 191
0 17 661 871 483
1 10 365 262 429
1 11 449 395 425
1 12 916 645 160
1 14 1176 344 45
1 15 950 257 291
1 21 163 217 499
2 4 970 309 520
2 12 166 570 108
2 13 825 323 580
2 15 147 471 233
2 19 501 84 353
2 20 850 169 424
3 5 369 390 646
3 9 709 783 530
3 10 885 740 458
3 13 763 726 535
3 15 338 741 738
3 18 104 410 446
3 21 771 687 311
4 11 358 258 808
4 12 838 824 533
4 15 886 214 676
4 16 319 697 252
4 20 268 286 113
4 21 170 107 458
5 7 456 644 580
5 12 404 232 193
5 13 412 932 655
5 18 389 293 333
5 20 548 653 433
5 21 463 852 754
6 8 129 744 314
6 12 732 572 450
7 8 803 705 448
7 9 653 826 242
7 17 837 846 206
7 18 559 584 250
7 19 483 419 630
8 12 643 554 221
8 15 801 781 373
8 16 638 248 277
8 19 939 353 513
9 11 51 282 315
9 16 336 518 280
9 19 651 408 390
10 18 898 809 492
10 19 826 460 795
10 20 32 374 295
11 17 278 206 588
11 18 753 637 401
12 13 697 839 484
13 17 35 439 115
14 18 768 469 51
14 20 938 275 310
15 19 355 455 151
20 21 388 266 419
