9 4
0 1 924 428 901 442
0 2 781 109 259 577
0 3 91 294 667 381
0 4 252 295 375 589
0 5 805 529 218 867
0 6 699 353 359 157
0 7 609 308 194 1079
0 8 270 136 246 276
1 2 589 361 929 271
1 3 846 692 805 161
1 4 742 262 787 448
1 5 943 244 1058 462
1 6 330 776 581 425
1 7 352 121 728 733
1 8 688 558 1080 488
2 3 754 332 897 427
2 4 529 301 611 716
2 5 1258 508 450 316
2 6 705 419 507 483
2 7 368 249 247 908
2 8 705 239 187 716
3 4 235 588 292 310
3 5 733 822 633 611
3 6 611 127 446 424
3 7 545 580 673 706
3 8 180 239 910 347
4 5 900 244 367 823
4 6 595 634 247 687
4 7 399 180 404 552
4 8 273 386 618 389
5 6 624 876 479 792
5 7 900 280 402 803
5 8 627 630 349 950
6 7 342 658 260 1128
6 8 433 251 588 425
7 8 424 437 356 933
