19 4
0 1 272 652 221 341
0 2 427 622 282 703
0 3 285 64 289 719
0 5 293 970 269 398
0 7 192 16 506 372
0 8 694 306 552 852
0 10 165 431 358 479
0 14 236 586 103 878
0 15 244 311 425 449
0 17 703 372 373 615
0 18 309 763 238 203
1 2 273 292 134 547
1 3 63 591 483 492
1 4 435 474 169 114
1 5 563 488 469 254
1 6 640 354 62 375
1 9 478 474 375 686
1 10 111 237 139 451
1 12 734 407 325 415
1 13 724 48 593 653
1 14 82 427 129 542
1 15 494 685 273 257
1 16 457 642 451 651
1 18 449 424 404 232
2 5 700 348 550 319
2 7 557 633 251 746
2 9 245 719 381 327
2 12 813 152 448 465
2 13 490 337 478 407
2 14 226 147 181 577
2 16 197 511 452 131
2 18 394 167 387 502
3 4 488 295 634 492
3 5 566 906 29 321
3 6 701 779 532 140
3 7 291 75 774 682
3 8 889 273 803 195
3 10 121 376 621 365
3 11 556 654 459 631
3 12 748 472 252 317
3 15 486 289 580 719
3 17 783 367 605 687
3 18 498 702 391 517
4 5 471 913 616 325
4 6 279 533 108 398
4 7 521 314 180 204
4 8 402 529 435 682
4 9 260 323 454 659
4 10 393 244 108 530
4 11 171 566 391 145
4 12 509 581 494 342
4 14 354 634 248 455
4 15 501 563 377 228
4 17 383 654 386 240
4 18 51 759 458 344
5 6 736 787 516 182
5 7 334 981 760 450
5 8 696 784 776 461
5 9 720 962 295 548
5 10 453 673 608 205
5 11 642 390 460 417
5 12 215 461 257 429
5 13 866 509 786 561
5 15 117 835 579 512
5 16 766 844 311 441
5 17 841 920 577 565
6 7 792 823 250 572
6 8 317 911 489 296
6 10 632 423 108 260
6 11 145 422 300 526
6 13 131 311 549 392
6 14 561 777 156 469
6 16 274 899 464 277
6 18 315 772 408 377
7 9 690 636 630 861
7 11 657 724 431 61
7 12 546 545 592 542
7 13 906 689 642 810
7 14 334 600 405 643
7 16 701 242 702 847
7 17 892 387 555 252
7 18 501 776 637 371
8 10 790 490 543 416
8 13 394 674 81 345
8 14 756 365 500 578
8 15 779 57 800 908
8 16 578 83 508 20
8 18 396 556 432 650
9 11 109 572 518 804
9 13 248 455 493 127
9 14 406 814 246 404
9 15 731 862 607 884
9 16 82 782 76 238
9 17 251 962 286 809
9 18 311 877 70 742
10 11 489 324 305 612
10 12 629 402 444 586
10 13 732 260 611 637
10 16 493 476 572 398
10 17 723 650 479 769
10 18 394 537 515 301
11 13 249 120 834 751
11 15 666 710 122 95
11 16 189 677 589 799
11 17 236 818 651 218
12 14 684 56 296 144
12 15 332 376 335 545
12 16 831 383 463 485
12 17 825 470 624 440
12 18 458 237 472 574
13 15 904 730 861 823
13 16 298 684 501 346
13 17 35 841 211 725
13 18 443 462 431 748
14 15 475 415 374 631
14 16 393 429 322 571
14 18 370 191 280 716
15 17 882 111 697 193
15 18 462 606 651 447
16 17 309 180 307 865
16 18 374 619 80 630
