11 4
0 1 657 895 777 332
0 2 531 865 586 346
0 3 310 423 670 558
0 4 418 82 893 595
0 5 373 384 942 841
0 6 623 706 831 676
0 7 472 564 714 631
0 8 707 973 642 276
0 9 512 850 698 681
0 10 223 641 545 459
1 2 394 118 535 317
1 3 590 606 257 257
1 4 259 856 448 292
1 5 700 631 250 539
1 6 119 192 321 387
1 7 638 995 268 520
1 8 175 778 168 117
1 9 746 651 191 675
1 10 871 256 238 175
2 3 291 533 653 362
2 4 240 836 920 394
2 5 776 563 784 597
2 6 469 209 800 434
2 7 263 904 291 284
2 8 299 659 538 383
2 9 368 534 349 371
2 10 746 233 462 490
3 4 339 439 271 38
3 5 650 40 285 285
3 6 615 459 169 131
3 7 163 412 462 402
3 8 559 569 123 372
3 9 225 434 381 613
3 10 493 371 195 315
4 5 567 401 284 248
4 6 278 665 127 100
4 7 418 630 702 412
4 8 291 1002 382 405
4 9 521 872 619 628
4 10 640 607 466 336
5 6 608 477 192 167
5 7 810 404 516 496
5 8 825 603 306 650
5 9 870 471 441 720
5 10 403 391 410 552
6 7 690 867 575 383
6 8 292 769 264 502
6 9 796 626 492 608
6 10 825 88 356 434
7 8 562 593 340 619
7 9 108 543 83 226
7 10 643 779 316 664
8 9 667 149 259 753
8 10 930 708 104 183
9 10 654 561 247 838
