14 2
0 2 785 581
0 3 231 452
0 6 492 426
0 7 442 566
0 9 667 741
0 10 332 216
0 11 476 414
0 12 207 389
1 2 662 289
1 3 715 159
1 6 735 492
1 7 430 745
1 8 324 83
1 10 276 292
1 11 255 564
1 12 442 331
1 13 659 306
2 3 752 133
2 4 520 794
2 5 836 649
2 6 466 770
2 7 1004 827
2 8 344 211
2 11 875 655
2 12 866 593
2 13 43 22
3 4 238 663
3 6 345 648
3 8 702 90
3 11 695 579
3 12 438 478
4 5 353 281
4 6 211 409
4 7 667 633
4 8 478 608
4 11 625 529
4 12 454 467
4 13 483 805
5 6 548 605
5 7 405 382
5 8 666 518
5 9 685 595
5 10 364 405
5 12 174 577
5 13 805 654
6 7 878 987
6 8 566 561
6 9 771 1160
6 10 471 233
6 11 829 840
7 8 712 782
7 9 576 321
7 11 181 182
7 12 235 946
7 13 987 822
8 9 259 794
8 10 304 372
8 12 630 389
9 11 398 347
9 12 585 1071
9 13 607 741
10 11 374 622
11 12 294 781
12 13 841 613
