16 4
0 1 342 767 461 459
0 2 352 605 655 464
0 3 513 585 880 572
0 5 643 309 560 151
0 7 460 645 415 759
0 10 349 270 561 278
0 11 132 617 482 312
0 13 630 233 482 595
0 14 691 189 237 288
1 3 718 308 650 418
1 8 67 411 470 290
1 10 539 510 316 246
1 12 509 366 383 580
1 14 494 738 229 171
1 15 349 343 139 526
2 3 784 90 272 299
2 4 317 495 551 521
2 5 601 296 416 401
2 6 127 515 397 874
2 7 120 300 339 761
2 8 94 404 375 729
2 11 407 478 451 429
2 13 634 482 173 740
2 14 590 488 595 488
3 4 510 453 811 325
3 7 852 212 610 498
3 9 534 409 434 401
3 12 634 207 743 653
3 14 712 495 764 424
4 6 234 554 224 712
4 10 337 81 554 326
4 13 584 43 389 228
5 7 573 399 179 615
5 8 528 243 310 594
5 9 77 274 457 446
5 11 546 457 88 409
5 13 83 234 350 473
5 14 110 217 659 156
5 15 689 396 880 377
6 7 194 215 222 907
6 8 129 377 91 902
6 9 503 796 202 765
6 11 302 962 349 651
6 13 523 511 225 674
6 14 505 760 262 513
6 15 292 498 485 116
7 8 68 298 134 33
7 9 600 600 296 169
7 10 672 395 431 544
7 12 602 241 315 878
7 15 457 289 700 816
8 9 549 516 234 150
8 14 506 398 350 455
9 12 824 418 310 709
9 13 20 494 120 165
9 14 186 277 353 305
9 15 662 450 474 666
10 11 222 677 577 587
10 12 504 195 429 395
11 12 326 595 415 219
11 13 521 676 351 881
11 14 608 429 601 564
11 15 189 557 834 571
12 14 903 375 195 408
13 15 680 564 591 590
