17 4
0 2 672 491 335 589
0 7 746 332 758 400
0 11 195 663 824 370
0 12 340 553 449 543
0 16 218 435 351 302
1 2 687 98 323 276
1 3 797 831 483 163
1 4 516 747 558 854
1 7 88 734 707 798
1 14 876 810 290 990
2 3 271 733 395 114
2 12 386 694 542 253
2 14 445 713 37 936
3 4 524 687 672 767
3 5 358 306 484 755
3 6 525 429 549 341
3 9 330 564 600 570
3 10 932 707 515 709
3 15 624 567 421 430
5 8 206 243 796 214
5 11 741 688 788 49
5 12 502 253 182 536
5 13 607 175 550 295
5 14 396 202 551 207
6 9 228 296 815 568
6 10 482 287 988 372
7 10 675 315 641 211
7 15 702 752 642 777
8 15 191 635 764 795
9 11 591 803 911 711
9 13 372 415 641 725
9 16 515 309 324 511
10 13 571 398 608 150
10 16 284 547 322 319
11 12 268 837 624 549
12 14 341 144 533 734
14 15 103 573 198 955
