15 2
0 1 710 1071
0 5 706 305
0 7 532 1034
0 10 390 573
0 11 108 211
1 2 485 629
1 5 39 1091
1 6 846 303
1 7 432 38
1 8 827 533
1 9 259 196
1 12 832 541
1 13 363 745
1 14 100 623
2 3 408 365
2 4 318 617
2 6 624 488
2 8 433 382
2 11 236 464
2 12 404 176
2 13 456 119
2 14 427 468
3 4 363 291
3 8 751 60
3 10 630 670
3 11 545 451
3 12 754 435
3 13 323 469
3 14 90 169
4 5 435 870
4 6 423 384
4 8 431 247
4 10 302 903
4 11 263 453
4 12 460 719
4 14 439 149
5 6 856 907
5 8 822 716
5 10 697 344
6 9 757 139
6 10 223 790
6 13 507 605
7 8 620 499
7 9 180 160
7 12 584 506
8 12 80 472
8 14 805 113
9 10 651 748
9 11 435 723
9 12 632 419
9 13 399 584
9 14 186 438
10 11 426 628
10 14 716 756
11 12 211 636
11 13 433 463
12 13 626 246
12 14 800 577
13 14 412 550
