18 2
0 1 609 402
0 2 619 361
0 4 258 423
0 5 211 224
0 7 463 246
0 8 180 381
0 9 531 376
0 10 169 341
0 11 482 247
0 12 332 375
0 15 280 507
0 17 327 409
1 2 151 645
1 4 704 22
1 7 897 639
1 9 189 330
1 10 569 734
1 12 826 745
1 13 513 322
1 14 293 581
1 15 871 490
1 16 436 156
1 17 869 210
2 6 534 366
2 7 971 255
2 9 323 731
2 10 538 462
2 11 314 115
2 12 778 202
2 14 144 731
2 15 855 399
2 17 913 523
3 4 180 231
3 5 219 204
3 6 422 159
3 7 39 603
3 8 506 601
3 9 700 527
3 10 598 755
3 11 889 447
3 12 690 670
3 13 1170 450
3 14 1043 726
3 15 532 265
3 16 422 92
3 17 186 21
4 6 290 312
4 7 218 659
4 9 562 345
4 11 708 562
4 12 554 765
4 13 991 343
4 14 869 600
4 15 426 494
4 16 274 163
4 17 182 211
5 6 307 73
5 8 304 496
5 9 570 447
5 10 379 552
5 11 674 268
5 13 961 314
5 16 282 164
5 17 170 197
6 7 460 448
6 8 237 563
6 9 279 509
6 11 591 288
6 12 672 511
6 15 616 239
6 16 53 155
7 8 545 581
7 9 738 601
7 10 631 208
7 11 926 202
7 12 713 147
7 14 1082 519
7 15 549 588
7 16 462 562
7 17 197 599
8 9 357 97
8 10 210 543
8 11 390 627
8 12 461 726
8 13 664 190
8 14 545 194
8 15 454 802
8 16 185 510
8 17 462 581
9 11 520 616
9 12 807 743
9 13 675 176
9 14 467 286
9 15 810 745
9 16 289 435
9 17 739 506
10 11 335 406
10 12 262 307
10 13 629 450
10 14 582 417
10 15 318 783
10 16 389 696
10 17 487 746
11 13 294 443
11 14 286 626
11 15 638 388
11 16 548 430
12 13 780 568
12 14 794 664
12 15 190 594
13 15 923 623
13 17 1101 431
14 15 899 885
14 17 1005 708
15 16 571 335
15 17 354 284
16 17 450 72
