17 3
0 1 612 531 206
0 3 964 269 313
0 4 665 396 431
0 5 244 499 407
0 6 809 244 265
0 7 574 689 436
0 8 431 655 217
0 9 857 456 287
0 10 618 321 160
0 12 622 512 357
0 13 661 125 618
0 14 661 390 417
0 15 317 497 145
1 2 179 505 561
1 3 402 299 284
1 4 73 641 244
1 5 467 150 284
1 6 202 690 169
1 8 220 851 102
1 9 552 690 310
1 11 776 301 319
1 13 597 490 621
1 15 829 907 87
1 16 535 91 831
2 3 237 208 457
2 8 301 527 516
2 9 410 327 382
2 12 741 413 674
2 13 530 20 927
2 15 898 426 477
2 16 415 414 732
3 4 329 369 489
3 5 761 233 566
3 6 232 487 124
3 7 597 820 687
3 8 532 612 182
3 9 415 426 76
3 10 386 590 439
3 12 876 569 287
3 15 1107 611 227
3 16 466 209 981
4 5 501 519 164
4 6 145 622 366
4 7 287 500 831
4 8 250 263 320
4 15 863 303 331
4 16 490 559 943
5 7 519 1010 747
5 8 251 710 384
5 9 614 562 593
5 10 391 820 281
5 14 456 753 16
5 15 363 803 360
6 8 395 870 69
6 10 352 195 355
6 11 893 681 179
6 14 822 516 447
7 8 332 470 649
7 10 488 650 475
7 11 899 870 856
7 12 904 288 792
7 13 770 651 719
7 15 851 209 580
7 16 739 1027 383
8 9 505 200 215
8 11 573 554 238
8 14 553 440 387
9 10 288 652 430
9 12 523 189 345
9 13 286 345 889
9 14 440 319 597
10 12 524 611 374
10 14 471 410 295
11 13 282 348 934
11 14 141 632 554
12 13 242 433 731
12 16 439 769 991
13 15 613 446 662
13 16 199 399 571
14 15 534 123 365
14 16 358 752 821
15 16 791 818 808
