20 4
0 1 468 103 1021 801
0 7 153 314 938 884
0 8 95 532 991 327
0 12 455 974 587 812
0 13 242 327 745 362
0 14 505 148 857 170
0 16 339 578 819 490
0 17 616 730 326 535
0 18 427 860 805 996
1 2 356 379 583 455
1 3 709 822 849 143
1 4 641 766 901 619
1 7 589 361 146 469
1 9 821 707 814 328
1 12 757 955 789 514
1 14 959 65 246 675
1 15 53 448 403 284
1 16 531 475 529 807
1 17 528 693 695 284
2 3 777 560 269 373
2 4 865 496 387 788
2 9 821 640 613 215
2 10 687 643 520 235
2 11 844 226 412 177
2 12 772 576 676 163
2 13 657 118 586 675
2 19 1101 601 287 255
3 4 359 65 326 735
3 5 299 366 787 583
3 9 171 390 733 317
3 11 719 365 680 328
3 12 116 579 824 472
3 16 683 616 451 849
3 18 623 47 921 548
4 7 164 768 810 753
4 8 171 675 871 282
4 9 529 394 467 578
4 11 413 300 692 612
4 15 609 622 567 530
4 17 759 326 216 362
5 6 412 376 97 383
5 9 399 680 819 327
5 10 308 538 698 752
5 11 596 196 207 353
5 13 165 501 525 282
5 15 427 445 405 302
5 16 581 788 451 307
5 18 328 325 630 586
5 19 608 955 429 296
6 8 524 179 92 301
6 9 146 717 879 696
6 10 256 698 759 1132
6 11 805 236 277 727
6 12 137 518 855 784
6 13 260 131 560 338
7 8 226 236 130 585
7 9 385 885 799 192
7 11 507 484 193 153
7 12 325 728 795 106
7 13 150 159 530 648
7 16 470 750 383 607
8 9 606 894 787 458
8 10 590 860 667 867
8 11 282 375 186 480
8 12 543 505 765 501
8 14 538 510 225 167
8 15 447 112 375 437
8 19 513 807 489 393
9 10 141 237 122 442
9 12 67 922 114 195
9 13 288 732 367 460
9 14 417 660 581 562
9 15 824 803 414 63
9 17 540 656 362 254
9 19 454 681 866 181
10 11 862 490 491 407
10 13 256 754 271 896
10 19 559 863 759 481
11 12 823 420 603 162
11 14 782 514 139 591
11 16 55 615 467 552
12 13 221 648 308 612
12 14 410 895 546 643
12 15 759 554 407 255
12 16 790 1030 933 504
12 17 505 294 446 427
12 18 661 546 283 186
13 18 480 634 124 794
13 19 446 574 738 526
14 15 938 402 194 525
14 16 731 448 606 365
14 18 894 723 350 827
14 19 51 297 579 537
15 16 480 731 574 550
15 19 925 699 548 223
16 18 562 606 888 649
17 18 422 338 564 599
