13 3
0 1 740 600 892
0 2 579 623 773
0 3 497 674 336
0 5 112 642 799
0 7 656 698 655
0 8 424 50 646
0 9 684 771 878
0 10 638 276 612
0 11 402 344 761
1 4 955 390 200
1 5 769 501 93
1 6 635 504 80
1 8 317 583 633
1 9 341 793 505
1 10 467 600 441
1 11 825 446 539
2 3 315 999 627
2 4 775 691 716
2 5 638 281 488
2 6 427 661 571
2 7 316 1006 319
2 8 213 573 929
2 9 158 155 942
2 10 567 348 197
2 11 779 347 17
2 12 312 818 634
3 4 719 674 731
3 5 499 802 485
3 6 467 797 657
3 7 607 31 393
3 8 148 681 388
3 9 473 1084 565
3 10 259 789 432
3 11 526 673 620
3 12 374 716 646
4 5 258 410 280
4 6 358 127 146
4 7 787 658 486
4 9 858 674 481
4 10 847 755 641
4 11 518 588 728
4 12 465 133 94
5 6 318 393 174
5 7 752 802 210
5 9 758 297 483
5 10 593 423 373
5 11 293 298 496
5 12 372 539 186
6 8 342 903 693
6 9 500 617 538
6 11 581 626 582
6 12 117 185 81
7 8 470 703 624
7 9 211 1087 625
7 10 866 805 166
7 11 974 684 321
7 12 384 696 392
8 9 366 721 281
8 10 403 226 739
8 11 568 297 928
8 12 237 966 638
9 10 722 499 778
9 11 926 470 946
9 12 399 791 465
10 11 478 170 192
10 12 606 886 549
11 12 596 718 645
