12 3
0 1 111 740 948
0 2 492 612 185
0 3 77 148 682
0 5 798 680 121
0 7 766 603 757
0 9 382 871 792
0 10 907 1070 607
0 11 70 881 883
1 2 429 500 974
1 3 126 592 434
1 4 565 802 576
1 5 739 62 876
1 6 755 864 603
1 7 846 522 672
1 8 815 721 119
1 10 866 654 670
2 5 309 478 125
2 7 854 26 648
2 8 740 580 935
2 10 450 464 503
2 11 448 585 935
3 6 747 714 344
3 7 720 500 261
3 8 696 129 347
3 9 311 727 152
4 5 197 780 383
4 7 975 281 680
4 8 846 682 592
4 9 535 685 515
4 10 378 575 560
4 11 589 884 489
5 7 987 499 637
5 9 610 307 696
6 7 1003 342 496
6 8 850 728 576
6 9 628 739 437
6 10 193 603 364
6 11 774 943 560
7 8 176 570 567
7 9 479 435 380
8 9 406 844 196
8 10 769 1039 582
8 11 790 862 240
9 11 401 249 361
