11 4
0 2 816 433 498 22
0 4 690 194 652 479
0 9 817 549 585 403
0 10 98 122 282 148
1 2 852 494 321 744
1 3 599 699 995 363
1 5 128 603 795 755
1 7 94 196 733 318
1 8 302 820 963 1071
2 3 595 377 824 546
2 4 217 298 183 473
2 5 727 453 491 396
2 8 582 425 811 423
2 9 594 399 240 389
3 4 378 156 793 708
3 5 497 208 570 747
3 6 523 532 501 573
3 8 549 148 64 765
3 10 650 281 748 525
4 5 600 158 348 865
4 7 677 722 286 727
4 8 507 292 794 132
4 10 730 219 372 612
5 6 255 597 123 196
5 8 206 353 597 796
5 9 741 657 261 782
6 7 365 549 182 394
7 10 179 788 529 382
8 9 757 792 629 262
8 10 257 425 719 568
