14 2
0 3 626 492
0 4 1015 752
0 5 858 349
0 6 567 581
0 7 587 420
0 9 866 553
0 12 588 30
0 13 508 542
1 3 906 360
1 4 511 658
1 6 444 380
1 8 563 706
1 9 345 152
1 10 434 469
1 11 771 252
1 13 866 377
2 3 242 258
2 4 519 556
2 6 782 482
2 8 364 698
2 9 934 202
2 10 496 547
2 11 192 175
2 13 246 275
3 5 1140 498
3 8 494 735
3 10 723 764
3 11 189 195
3 13 119 53
4 6 887 1038
4 8 710 936
4 9 855 695
4 10 79 1063
4 11 705 484
5 6 304 265
5 7 462 361
5 8 693 640
5 9 8 268
5 10 775 306
5 11 973 344
5 12 460 374
5 13 1072 524
6 7 374 365
6 8 468 838
6 9 312 382
6 10 808 320
6 12 373 601
6 13 867 756
7 9 469 621
7 10 450 56
7 11 531 624
7 12 2 422
7 13 628 848
8 9 701 857
8 10 651 571
8 11 307 572
8 12 311 275
9 11 981 376
9 12 467 582
10 11 675 580
10 12 451 402
10 13 742 800
11 12 533 330
