18 2
0 2 784 980
0 3 558 420
0 4 744 821
0 5 312 488
0 6 555 784
0 7 475 709
0 10 885 178
0 11 553 360
0 12 289 764
0 13 471 136
0 14 765 550
0 15 236 218
0 17 880 735
1 2 747 531
1 3 235 385
1 4 866 441
1 7 319 803
1 9 540 422
1 10 800 638
1 11 430 455
1 12 585 884
1 13 505 494
1 14 900 126
1 15 448 506
1 16 567 462
1 17 817 625
2 3 727 578
2 5 642 621
2 6 564 724
2 7 436 733
2 8 402 315
2 9 275 154
2 10 142 933
2 11 327 970
2 12 735 799
2 13 317 935
2 14 423 657
2 15 596 797
2 16 387 630
3 4 944 411
3 5 258 352
3 6 907 678
3 8 659 525
3 9 468 569
3 10 738 355
3 11 405 557
3 12 784 517
3 13 577 418
3 14 984 444
3 15 624 220
3 17 770 345
4 6 270 688
4 7 636 586
4 8 325 314
4 9 592 227
4 11 567 847
4 12 559 658
4 13 369 787
4 14 44 566
4 15 508 631
4 16 304 461
4 17 466 329
5 6 675 337
5 7 223 788
5 9 449 524
5 10 701 552
5 12 526 868
5 13 398 385
5 14 795 92
5 15 371 428
5 16 464 422
5 17 715 642
6 7 632 1102
6 8 257 410
6 9 683 578
6 10 706 878
6 11 607 510
6 12 313 1183
6 14 266 249
6 15 332 762
6 16 250 753
7 9 226 812
7 10 481 547
7 11 112 965
7 12 593 81
7 13 275 777
7 14 676 880
7 15 415 508
7 16 385 380
7 17 499 261
8 9 443 170
8 10 532 851
8 11 354 729
8 13 122 758
8 14 355 386
8 15 208 710
8 16 22 601
8 17 509 615
9 10 271 919
9 12 739 885
9 13 321 873
9 14 636 542
9 15 567 778
9 16 441 635
9 17 302 556
10 12 865 596
10 13 433 292
10 14 556 631
10 15 716 142
10 16 519 309
10 17 56 615
11 12 625 1035
11 13 235 228
11 15 449 472
11 16 357 592
11 17 388 899
12 13 437 840
12 14 566 959
12 15 178 571
12 16 348 456
12 17 842 330
13 14 407 434
13 17 419 758
14 16 335 515
14 17 505 726
15 17 700 517
