21 4
0 3 465 264 686 490
0 5 507 100 742 856
0 6 209 340 559 422
0 7 224 641 155 334
0 13 170 327 242 1071
1 2 154 583 723 774
1 11 268 418 264 691
1 19 633 301 518 330
2 13 80 381 456 811
2 15 43 569 53 212
3 5 79 355 60 497
3 10 511 689 391 204
3 11 626 558 306 213
3 12 398 387 653 567
3 16 245 285 535 614
3 18 588 361 477 739
4 7 184 667 240 711
4 15 273 569 627 543
4 19 360 428 697 566
5 14 339 516 238 609
5 17 462 481 630 476
6 16 212 339 908 430
7 10 248 851 476 95
7 17 208 823 190 192
8 9 989 189 938 851
8 10 665 674 649 714
8 19 773 452 667 493
9 16 587 613 521 868
10 11 323 319 258 194
11 18 215 237 180 565
12 15 168 572 590 638
12 18 630 141 227 707
13 18 370 239 397 953
13 20 149 251 172 1023
14 17 414 325 442 689
14 18 482 526 365 509
14 20 36 594 721 663
16 18 480 118 313 819
16 19 575 478 121 96
16 20 55 110 355 648
19 20 626 587 469 565
