13 3
0 1 403 908 1109
0 2 592 364 498
0 3 456 866 178
0 4 161 645 821
0 5 351 887 865
0 6 378 842 900
0 7 150 821 756
0 8 183 1044 850
0 9 530 902 850
0 10 491 223 560
0 11 369 526 572
0 12 198 883 688
1 2 802 624 751
1 3 621 422 931
1 4 542 409 528
1 5 639 97 367
1 6 294 376 465
1 7 255 230 709
1 8 553 138 849
1 9 136 337 272
1 10 125 694 794
1 11 599 529 728
1 12 576 591 523
2 3 1035 742 367
2 4 665 287 725
2 5 254 577 668
2 6 938 702 765
2 7 665 619 264
2 8 692 762 935
2 9 858 738 562
2 10 797 165 100
2 11 226 162 76
2 12 455 828 571
3 4 377 680 665
3 5 783 504 694
3 6 349 50 739
3 7 468 199 630
3 8 353 460 744
3 9 749 98 673
3 10 746 713 449
3 11 818 737 443
3 12 587 170 523
4 5 411 335 164
4 6 436 632 89
4 7 289 502 861
4 8 28 536 326
4 9 674 639 317
4 10 641 427 817
4 11 459 139 756
4 12 211 814 157
5 6 718 456 127
5 7 451 306 758
5 8 438 202 490
5 9 728 425 166
5 10 671 666 749
5 11 90 464 683
5 12 202 670 187
6 7 273 151 877
6 8 432 423 385
6 9 409 75 292
6 10 417 681 852
6 11 714 691 788
6 12 575 214 217
7 8 303 302 1123
7 9 386 137 612
7 10 352 632 199
7 11 441 580 188
7 12 338 364 722
8 9 687 364 640
8 10 656 831 1035
8 11 487 661 984
8 12 238 628 413
9 10 61 731 630
9 11 675 712 562
9 12 691 264 262
10 11 616 319 68
10 12 643 767 664
11 12 261 851 605
