16 2
0 1 257 478
0 2 536 512
0 3 702 993
0 4 688 917
0 8 543 595
0 10 753 933
0 11 533 840
0 12 422 515
0 13 391 707
0 14 240 121
0 15 443 756
1 2 290 717
1 4 584 747
1 5 49 381
1 7 464 257
1 8 287 593
1 9 569 275
1 13 181 717
1 14 205 549
1 15 218 405
2 6 522 482
2 8 145 267
2 9 330 869
2 10 479 538
2 11 187 545
2 12 237 118
2 13 165 294
2 15 109 705
3 7 88 656
3 8 481 406
3 10 156 97
3 11 187 181
3 12 561 734
3 15 328 527
4 5 614 469
4 7 167 536
4 8 620 356
4 10 85 166
4 11 290 78
4 12 665 721
4 14 783 1038
5 6 586 112
5 7 501 340
5 8 330 215
5 10 661 514
5 12 213 470
5 15 264 363
6 10 210 556
6 11 337 403
6 12 677 581
6 14 752 605
7 8 456 501
7 10 172 665
7 14 669 751
8 9 284 671
8 13 253 128
8 14 412 715
8 15 215 462
9 12 422 966
9 13 493 774
9 14 687 821
11 13 165 272
11 14 550 960
11 15 144 361
12 13 247 404
12 14 267 605
12 15 241 817
13 14 386 825
13 15 57 540
14 15 417 861
