10 3
0 1 617 748 279
0 2 172 970 248
0 3 622 492 709
0 4 570 496 138
0 5 540 646 846
0 6 445 601 96
0 8 625 160 829
1 3 726 297 468
1 4 204 373 406
1 5 602 219 576
1 6 356 236 336
1 8 904 594 549
1 9 729 594 498
2 3 513 479 956
2 4 615 494 185
2 5 460 529 1093
2 7 527 828 895
2 9 608 829 901
3 4 529 101 801
3 5 126 333 213
3 7 388 355 397
3 8 235 332 349
3 9 104 353 651
4 6 183 143 79
4 7 869 386 711
4 8 722 342 953
4 9 526 378 857
5 6 253 345 877
5 7 477 478 606
5 8 323 513 186
5 9 172 491 576
6 8 549 441 879
6 9 404 463 803
7 9 467 22 970
8 9 320 61 409
