13 4
0 1 249 433 709 244
0 2 580 350 753 292
0 3 539 302 487 663
0 4 838 520 403 329
0 5 749 472 909 377
0 6 361 279 544 582
0 7 755 385 47 332
0 8 702 86 592 709
0 9 622 336 919 687
0 10 717 119 389 635
0 11 827 436 460 636
0 12 819 425 211 163
1 2 368 569 227 533
1 3 321 656 342 675
1 4 779 89 493 139
1 5 629 542 272 369
1 6 486 485 360 780
1 7 637 701 706 575
1 8 774 403 339 761
1 9 593 735 322 740
1 10 849 394 499 609
1 11 795 827 443 691
1 12 651 25 762 249
2 3 49 617 518 812
2 4 575 651 653 619
2 5 362 816 167 591
2 6 626 629 555 478
2 7 372 710 736 122
2 8 769 431 206 812
2 9 483 601 166 791
2 10 917 461 435 821
2 11 629 694 617 746
2 12 309 548 742 400
3 4 605 730 155 573
3 5 398 372 611 308
3 6 608 213 69 584
3 7 408 94 504 737
3 8 773 272 498 134
3 9 496 115 653 127
3 10 913 268 498 112
3 11 654 179 102 117
3 12 357 658 624 503
4 5 227 577 758 283
4 6 588 547 174 781
4 7 218 768 433 637
4 8 417 485 597 674
4 9 222 814 797 655
4 10 620 473 536 494
4 11 90 904 68 608
4 12 385 105 579 256
5 6 595 201 632 566
5 7 10 333 894 552
5 8 555 387 371 394
5 9 259 487 67 374
5 10 747 356 602 260
5 11 301 526 713 326
5 12 175 557 907 214
6 7 597 224 565 356
6 8 345 200 555 507
6 9 371 324 680 494
6 10 366 172 566 656
6 11 546 390 107 473
6 12 731 492 690 535
7 8 551 341 567 721
7 9 257 178 902 701
7 10 744 331 355 760
7 11 293 194 485 659
7 12 180 705 166 392
8 9 306 334 357 22
8 10 203 33 236 246
8 11 336 430 582 73
8 12 728 400 548 559
9 10 490 341 592 237
9 11 207 100 755 51
9 12 427 734 902 537
10 11 538 434 549 217
10 12 917 393 313 472
11 12 468 827 624 486
