19 3
0 2 490 1054 439
0 7 470 473 558
0 14 221 688 529
0 15 368 407 753
0 17 220 1104 157
1 5 218 527 482
1 7 526 772 724
1 8 517 168 186
1 9 538 563 367
1 10 542 879 605
1 11 131 1000 433
1 12 568 315 905
1 16 381 647 203
2 4 862 230 590
2 5 602 480 296
2 6 557 247 141
2 8 754 69 685
2 10 241 864 754
2 11 911 1107 766
2 13 323 910 519
2 14 545 921 683
2 15 783 722 983
2 16 400 693 390
2 17 705 141 548
2 18 734 576 811
3 4 908 388 367
3 6 607 592 255
3 7 643 569 249
3 11 835 634 492
3 12 617 153 385
3 14 206 782 315
3 17 520 624 342
3 18 922 532 514
4 7 513 593 267
4 17 508 258 688
4 18 317 362 766
5 8 368 412 529
5 9 348 828 690
5 12 351 686 423
6 7 283 682 310
6 11 375 1054 625
6 18 354 397 671
7 8 353 760 780
7 9 196 683 938
7 11 650 480 741
7 12 56 709 216
7 14 657 241 491
7 15 555 549 793
7 16 275 129 521
7 17 601 814 583
7 18 333 296 758
8 11 591 1062 278
8 12 404 465 931
8 13 484 845 496
8 15 569 697 736
8 17 727 118 211
8 18 38 509 352
9 10 95 987 523
9 12 170 254 1066
9 14 485 915 672
9 15 547 141 721
9 17 516 815 355
10 11 672 832 246
10 13 131 288 245
10 17 473 796 344
10 18 586 317 203
11 12 694 780 832
11 15 136 473 463
11 17 340 1151 229
12 13 164 833 466
12 14 648 910 493
12 16 282 610 703
12 17 622 583 722
13 14 487 133 176
13 15 486 676 465
14 15 549 785 307
16 17 348 686 194
16 18 492 189 484
17 18 689 539 290
