11 3
0 1 251 706 759
0 2 303 429 274
0 3 571 227 395
0 4 598 444 629
0 5 476 627 177
0 6 602 541 433
0 7 586 492 669
0 8 624 170 356
0 9 280 827 571
0 10 480 370 469
1 2 528 286 729
1 3 567 510 708
1 4 564 406 615
1 5 226 577 918
1 6 696 718 338
1 7 568 731 888
1 8 496 831 418
1 9 492 662 194
1 10 517 610 528
2 3 540 269 630
2 4 595 186 388
2 5 737 545 420
2 6 437 608 479
2 7 567 597 396
2 8 722 545 430
2 9 52 703 574
2 10 426 447 640
3 4 69 375 889
3 5 625 434 414
3 6 254 408 405
3 7 32 377 1015
3 8 290 390 350
3 9 492 629 530
3 10 114 223 193
4 5 596 724 795
4 6 322 764 560
4 7 38 743 284
4 8 228 505 567
4 9 545 888 558
4 10 174 588 816
5 6 815 202 583
5 7 614 251 799
5 8 443 797 503
5 9 695 200 726
5 10 616 268 549
6 7 284 61 768
6 8 542 702 80
6 9 404 357 145
6 10 203 185 269
7 8 262 648 749
7 9 518 417 802
7 10 143 155 990
8 9 670 997 224
8 10 360 537 248
9 10 378 466 365
