16 4
0 2 772 291 242 478
0 3 905 448 517 657
0 4 640 284 278 293
0 5 130 405 419 883
0 6 367 660 281 553
0 10 685 618 432 355
0 11 270 410 488 687
0 14 496 427 325 722
0 15 752 662 666 384
1 2 995 110 314 711
1 3 838 465 856 726
1 4 842 466 475 320
1 5 615 561 61 423
1 6 682 573 418 661
1 7 680 572 714 716
1 8 457 348 451 348
1 9 180 297 512 283
1 11 312 265 124 387
1 12 197 241 197 448
1 15 433 497 508 195
2 4 153 549 168 699
2 6 405 494 119 155
2 7 519 462 434 537
2 8 674 284 373 515
2 9 1020 221 498 877
2 10 174 361 444 515
2 12 827 139 122 1026
2 13 391 273 357 307
3 5 1035 391 799 789
3 6 615 335 440 105
3 7 741 640 250 757
3 8 753 233 744 643
3 9 778 295 782 951
3 10 623 482 934 559
3 11 935 380 923 485
3 12 748 400 659 1114
3 13 490 301 900 485
3 14 417 295 235 136
4 7 402 958 274 470
4 8 530 572 479 185
4 9 873 583 510 221
4 10 216 814 600 298
4 11 787 622 550 647
4 12 674 618 278 334
4 13 239 630 523 410
4 14 229 252 328 835
4 15 659 875 424 132
5 8 287 564 408 735
5 9 781 596 507 668
5 10 780 822 314 528
5 12 462 658 141 807
5 13 560 632 111 834
5 14 624 111 691 689
5 15 869 893 492 618
6 7 131 389 315 654
6 9 765 277 474 870
6 10 339 260 561 482
6 11 548 334 497 475
6 12 490 365 221 1029
6 13 140 221 469 381
6 14 213 629 380 209
6 15 655 336 394 711
7 8 230 417 742 368
7 11 488 338 806 879
7 15 731 84 441 580
8 9 585 72 852 384
8 10 618 260 254 213
8 12 263 185 400 516
8 13 302 70 418 228
8 14 354 491 539 680
9 10 1056 231 820 393
9 11 487 87 636 670
9 12 328 113 454 169
9 13 671 59 592 611
9 14 648 532 825 945
9 15 325 298 99 160
10 13 387 191 255 329
10 14 411 751 757 555
11 14 585 600 791 394
11 15 647 255 631 554
12 13 438 149 250 744
12 14 450 609 566 1112
13 14 75 561 778 561
13 15 525 266 588 460
14 15 471 826 732 794
