13 3
0 1 563 298 566
0 2 540 216 793
0 3 618 379 383
0 4 590 820 467
0 5 163 971 902
0 6 529 236 583
0 7 98 737 666
0 8 299 48 40
0 9 432 770 862
0 10 341 666 823
0 11 465 333 111
0 12 493 491 544
1 2 45 407 287
1 3 704 230 561
1 4 64 533 514
1 5 582 729 436
1 6 1027 283 53
1 7 595 684 184
1 8 565 340 578
1 9 169 665 511
1 10 754 420 350
1 12 806 370 532
2 3 659 352 848
2 4 53 851 801
2 6 992 159 242
2 7 578 575 392
2 8 525 185 814
2 9 175 636 289
2 10 749 653 489
2 11 542 147 840
3 4 669 501 115
3 5 463 596 991
3 6 641 194 606
3 7 716 455 545
3 9 725 438 1026
3 10 958 302 642
3 11 158 289 491
3 12 281 141 832
4 5 592 313 949
4 6 1032 692 563
4 7 630 729 465
4 9 224 623 1005
4 10 802 235 542
4 12 792 513 859
5 6 447 782 387
5 7 260 597 544
5 8 146 994 926
5 9 490 468 192
5 10 498 309 630
6 7 578 503 226
6 8 487 237 598
6 10 716 496 384
6 12 360 268 498
7 8 398 730 667
7 9 446 130 660
7 10 243 504 173
7 11 562 428 755
7 12 584 319 716
8 9 514 771 893
8 10 640 692 820
8 11 170 315 140
8 12 252 501 583
9 10 587 410 776
9 11 584 493 873
9 12 766 298 416
10 11 805 567 917
