25 3
0 4 220 493 372
0 7 938 361 811
0 9 567 464 225
0 14 384 509 665
0 17 138 530 405
0 19 700 156 795
1 6 271 367 130
1 8 166 563 649
1 14 321 307 104
1 15 545 591 559
1 16 513 293 353
2 3 851 631 482
2 8 135 321 201
2 20 207 451 573
2 24 705 404 206
3 5 1051 663 658
3 7 1134 771 61
3 9 736 442 552
3 11 589 833 493
3 14 510 832 309
3 23 957 981 272
4 7 772 213 968
4 12 193 284 493
4 15 43 553 766
4 16 52 66 1019
4 19 481 475 888
4 20 488 523 370
4 22 799 649 323
4 24 334 534 653
5 8 394 252 402
6 8 156 199 692
6 9 904 332 551
6 15 606 506 662
6 17 772 338 421
6 21 777 416 449
7 11 740 459 497
7 16 824 174 132
7 17 840 508 427
7 18 126 476 557
7 19 517 410 167
7 24 779 659 322
8 14 277 304 574
8 17 658 453 305
8 20 86 769 670
8 22 653 703 513
9 11 148 391 415
9 12 636 637 142
9 15 555 207 340
9 20 937 437 568
9 23 591 564 738
9 24 293 197 279
10 17 778 573 222
10 19 198 638 416
10 24 775 724 271
11 12 501 354 553
11 19 775 642 361
11 20 884 715 405
11 21 293 293 347
12 15 162 814 317
12 16 149 245 760
12 19 667 740 663
13 17 453 107 326
13 20 772 413 293
13 21 458 427 402
14 17 419 472 270
14 22 784 738 458
14 23 576 180 337
15 17 195 171 282
15 24 301 27 252
16 23 637 197 81
16 24 352 598 404
17 19 678 403 391
17 20 719 503 580
17 24 138 154 105
18 20 634 787 726
19 20 214 104 766
19 21 683 745 328
19 22 510 510 634
21 23 685 568 487
