8 4
0 1 874 397 879 388
0 2 897 154 796 383
0 3 1022 337 632 885
0 4 835 525 680 842
0 5 973 306 606 493
0 6 685 265 853 984
0 7 251 274 578 716
1 2 613 411 209 183
1 3 194 731 723 938
1 4 561 569 918 577
1 5 210 687 459 199
1 6 647 656 123 1073
1 7 641 126 487 452
2 3 555 359 804 1093
2 4 1099 671 992 755
2 5 474 408 271 382
2 6 1106 352 307 1221
2 7 670 288 304 632
3 4 744 739 196 721
3 5 83 201 824 795
3 6 841 156 618 149
3 7 777 606 822 709
4 5 770 561 987 383
4 6 191 586 813 868
4 7 729 547 980 129
5 6 850 62 520 938
