14 3
0 1 780 459 754
0 2 882 61 430
0 3 266 574 932
0 4 978 291 250
0 5 230 669 202
0 6 757 388 129
0 7 420 328 466
0 8 849 445 674
0 9 676 317 696
0 10 414 237 199
0 11 271 393 640
0 12 693 637 685
0 13 856 835 644
1 2 438 400 653
1 3 567 366 251
1 4 700 517 732
1 5 854 511 954
1 6 182 118 628
1 7 364 254 356
1 8 511 695 413
1 9 226 150 458
1 10 701 672 951
1 11 574 228 186
1 12 641 888 855
1 13 361 1014 625
2 3 784 540 896
2 4 268 305 200
2 5 836 645 574
2 6 615 328 356
2 7 589 290 576
2 8 103 474 349
2 9 633 257 857
2 10 584 296 534
2 11 797 335 651
2 12 347 670 1025
2 13 77 860 899
3 4 947 419 954
3 5 452 145 1125
3 6 509 457 816
3 7 212 251 476
3 8 782 528 661
3 9 424 427 415
3 10 507 686 1131
3 11 16 570 292
3 12 705 675 844
3 13 738 735 607
4 5 869 459 374
4 6 873 512 225
4 7 781 270 550
4 8 193 186 518
4 9 881 435 823
4 10 598 283 334
4 11 962 575 678
4 12 297 387 907
4 13 345 559 822
5 6 878 600 330
5 7 532 368 652
5 8 779 519 860
5 9 807 564 854
5 10 271 741 55
5 11 463 711 834
5 12 572 628 748
5 13 831 646 767
6 7 347 283 363
6 8 680 698 556
6 9 87 79 618
6 10 777 617 323
6 11 511 114 525
6 12 778 897 685
6 13 539 1045 599
7 8 602 443 545
7 9 275 221 281
7 10 471 480 662
7 11 222 378 191
7 12 579 634 546
7 13 536 765 352
8 9 688 621 783
8 10 517 334 832
8 11 796 761 507
8 12 254 201 1084
8 13 168 389 895
9 10 725 542 877
9 11 425 156 288
9 12 757 821 429
9 13 561 973 192
10 11 522 630 839
10 12 301 483 793
10 13 591 701 801
11 12 721 962 670
11 13 750 1124 442
12 13 386 222 238
