25 4
0 8 669 260 962 322
0 10 530 224 649 97
0 14 107 548 972 483
0 15 666 492 984 371
0 19 535 113 269 350
0 23 712 495 651 508
1 5 698 427 337 738
1 23 669 157 267 518
2 3 649 558 1067 621
2 9 151 527 764 908
2 10 491 211 622 127
2 12 148 365 496 471
2 14 484 515 451 502
2 15 623 409 166 396
2 24 712 380 469 193
3 4 578 751 567 555
3 6 29 447 632 458
3 16 325 292 978 304
3 19 536 737 289 567
3 20 258 238 267 739
3 24 130 333 602 481
4 11 323 125 677 335
4 18 594 619 300 637
5 9 422 602 270 256
5 18 928 731 346 394
5 21 1050 524 348 576
5 23 722 572 70 260
5 24 773 458 419 608
6 9 713 458 221 159
6 10 319 327 775 746
6 13 956 145 485 527
6 15 248 488 751 588
6 20 230 440 382 324
6 22 389 452 817 545
6 24 108 319 465 608
7 10 75 779 653 380
7 11 726 938 606 708
7 16 151 210 345 887
7 17 634 646 560 553
7 19 474 783 659 818
7 24 240 298 357 473
8 11 1057 159 304 422
8 14 564 582 671 166
8 15 352 747 116 71
8 17 843 505 986 285
8 21 77 915 451 176
9 14 355 466 348 482
9 16 699 36 777 331
10 16 203 704 501 749
10 24 315 527 323 166
11 13 699 630 652 176
11 14 713 739 797 486
12 22 470 636 880 494
13 16 833 344 321 498
13 19 616 421 759 429
13 20 779 314 707 643
13 21 745 413 200 106
13 22 569 332 640 348
14 20 575 396 714 378
15 16 75 635 70 654
15 21 405 392 381 246
16 23 135 272 621 464
16 24 223 177 376 591
17 23 729 504 251 385
19 21 823 750 559 444
19 24 612 594 342 405
20 21 435 382 517 659
22 24 421 191 355 331
23 24 134 236 415 349
