18 4
0 1 353 113 392 410
0 2 468 278 116 180
0 3 698 160 344 298
0 4 924 247 494 661
0 5 878 828 198 227
0 6 1070 477 372 418
0 7 633 221 474 162
0 8 67 588 386 263
0 9 245 451 421 164
0 10 656 541 560 517
0 11 561 254 376 573
0 12 638 473 324 188
0 13 331 482 431 857
0 14 589 209 208 741
0 15 1027 316 413 698
0 16 698 575 368 511
0 17 706 284 213 452
1 2 151 308 494 551
1 3 440 267 685 270
1 4 589 146 742 251
1 5 584 846 561 559
1 6 717 588 597 127
1 7 283 186 311 331
1 8 299 692 735 328
1 9 132 561 655 246
1 10 315 569 212 150
1 11 208 343 204 454
1 12 442 488 430 322
1 13 259 572 401 526
1 14 406 163 258 368
1 15 675 289 47 621
1 16 445 643 666 114
1 17 457 313 451 533
2 3 292 245 334 356
2 4 457 442 525 797
2 5 434 550 84 68
2 6 623 476 425 524
2 7 247 168 589 342
2 8 404 513 271 442
2 9 222 449 465 313
2 10 192 265 672 629
2 11 142 184 441 752
2 12 313 196 418 368
2 13 247 340 538 1029
2 14 286 192 324 839
2 15 572 152 519 873
2 16 509 353 385 661
2 17 310 8 290 614
3 4 332 407 226 479
3 5 193 761 371 338
3 6 590 322 211 188
3 7 431 291 615 343
3 8 631 428 477 411
3 9 469 295 209 196
3 10 257 473 794 290
3 11 352 119 716 659
3 12 129 430 353 354
3 13 381 333 496 795
3 14 161 293 432 485
3 15 524 354 689 818
3 16 748 451 92 381
3 17 23 253 246 645
4 5 196 960 578 799
4 6 273 723 145 291
4 7 395 293 573 571
4 8 861 835 701 545
4 9 679 697 87 497
4 10 274 694 792 197
4 11 397 489 828 545
4 12 461 606 322 558
4 13 658 717 432 402
4 14 490 266 488 220
4 15 205 386 732 699
4 16 684 785 144 164
4 17 347 445 306 706
5 6 469 818 491 517
5 7 480 668 673 388
5 8 811 736 187 489
5 9 640 802 526 334
5 10 309 289 747 622
5 11 437 652 485 798
5 12 309 358 500 414
5 13 571 575 621 1054
5 14 350 694 407 823
5 15 401 574 590 925
5 16 798 405 435 672
5 17 197 544 368 673
6 7 448 591 445 388
6 8 1014 158 640 414
6 9 834 28 58 262
6 10 435 576 655 105
6 11 510 297 687 579
6 12 717 589 184 386
6 13 859 243 310 631
6 14 739 600 344 322
6 15 68 623 588 745
6 16 629 417 126 214
6 17 608 483 168 636
7 8 581 656 860 100
7 9 411 562 493 148
7 10 179 403 237 467
7 11 105 298 503 410
7 12 509 313 266 26
7 13 489 497 143 711
7 14 499 26 267 694
7 15 416 103 271 540
7 16 322 521 557 410
7 17 454 169 378 314
8 9 183 169 665 220
8 10 595 535 928 476
8 11 504 361 629 310
8 12 572 573 677 76
8 13 266 191 804 631
8 14 523 670 594 695
8 15 968 665 768 440
8 16 673 333 559 382
8 17 639 517 541 234
9 10 412 556 709 356
9 11 326 269 744 498
9 12 434 565 237 159
9 13 169 229 355 720
9 14 389 572 402 582
9 15 787 596 645 647
9 16 563 404 117 351
9 17 481 456 224 452
10 11 131 367 406 587
10 12 350 98 471 462
10 13 424 348 376 569
10 14 351 429 373 228
10 15 382 325 169 753
10 16 501 227 753 175
10 17 280 259 547 682
11 12 414 339 552 385
11 13 387 230 566 414
11 14 400 310 354 754
11 15 467 327 251 167
11 16 399 333 724 422
11 17 374 191 522 246
12 13 308 383 145 687
12 14 50 340 199 687
12 15 651 229 414 516
12 16 811 298 291 395
12 17 116 189 139 296
13 14 258 516 248 606
13 15 803 490 371 490
13 16 704 175 429 418
13 17 386 343 279 658
14 15 674 126 258 912
14 16 792 544 409 338
14 17 154 192 193 888
15 16 629 478 664 586
15 17 541 148 450 284
16 17 771 352 215 553
