16 2
0 3 122 398
0 4 435 540
0 9 103 570
0 12 496 180
0 13 194 493
1 4 349 890
1 5 873 583
1 8 859 328
1 11 639 846
1 13 682 865
1 15 396 792
2 3 147 277
2 4 461 464
2 5 689 759
2 6 634 614
2 9 110 587
2 11 251 283
2 12 491 266
2 14 237 55
3 6 543 688
3 7 592 722
3 9 87 419
3 11 249 128
4 5 1041 719
4 8 913 598
4 12 870 700
5 6 180 214
5 7 720 40
5 8 326 594
5 12 200 755
5 13 813 760
5 14 590 709
5 15 692 269
6 8 407 409
6 9 526 529
6 13 782 719
6 14 481 570
6 15 512 429
7 8 846 562
7 9 652 445
7 10 567 262
7 14 503 670
8 10 395 612
8 11 242 519
8 12 183 166
8 13 551 557
8 14 498 236
9 10 538 205
9 11 174 544
9 14 153 535
10 11 427 707
10 12 218 776
10 15 540 106
11 12 245 549
11 14 269 284
12 13 612 641
12 15 661 863
13 15 909 643
