25 3
0 4 758 574 376
0 6 398 399 138
0 8 446 757 351
0 12 995 689 201
0 14 776 633 228
0 17 660 652 664
0 23 682 445 262
1 7 578 342 758
1 12 374 38 666
1 17 546 462 105
1 19 722 401 1114
2 3 909 390 524
2 10 997 486 316
2 12 983 481 468
2 13 594 460 240
2 16 298 103 284
2 19 226 593 825
3 12 220 295 57
3 21 382 297 487
3 23 408 466 101
4 5 480 737 554
4 7 686 754 423
4 9 189 446 562
4 11 143 708 740
4 16 499 432 898
4 19 769 729 877
5 6 264 388 348
5 9 512 291 9
5 10 878 127 549
5 12 606 141 387
5 16 558 514 494
5 19 766 234 835
6 10 844 454 450
6 13 725 240 628
7 16 271 325 579
7 21 818 352 664
7 24 497 223 344
8 17 250 145 630
8 24 374 564 547
9 15 535 470 539
9 16 677 338 492
9 17 907 749 344
9 18 581 365 423
9 20 399 331 750
10 14 325 553 351
10 15 584 586 259
10 18 636 596 564
10 23 606 451 488
11 13 854 479 706
12 15 595 422 576
12 21 279 240 439
13 17 127 302 720
13 18 449 681 749
13 24 525 152 497
14 19 682 669 524
14 22 687 542 247
14 24 381 456 47
15 16 144 223 266
15 22 345 313 303
16 18 96 320 514
16 19 271 646 576
16 21 584 590 89
16 23 473 204 450
18 20 183 277 400
18 22 372 272 463
19 23 735 544 331
19 24 598 876 570
20 23 228 172 236
21 23 116 686 529
22 23 29 109 402
