16 2
0 2 581 463
0 7 444 448
0 9 451 308
0 11 399 1012
1 2 902 539
1 10 672 858
1 11 707 928
1 14 888 554
1 15 314 649
2 5 608 436
2 10 278 814
2 15 603 111
3 6 892 57
3 7 95 197
3 13 743 651
3 14 309 531
3 15 816 632
4 5 227 493
4 6 156 868
4 8 780 711
4 9 693 543
4 14 652 474
5 6 102 588
5 8 811 237
5 12 530 228
6 7 883 178
6 8 850 454
6 9 748 380
6 13 253 600
6 14 704 508
7 8 89 332
7 12 802 307
7 13 711 510
7 15 804 500
8 9 124 532
8 11 363 530
8 13 660 196
9 13 545 727
10 15 411 860
11 15 426 552
