20 2
0 1 808 404
0 6 271 485
0 7 969 302
0 8 84 200
0 12 123 352
0 13 796 476
0 15 77 206
0 19 560 479
1 9 972 678
2 5 656 250
2 7 783 479
2 9 1064 508
2 13 39 354
2 19 318 664
3 6 1070 750
3 7 324 361
3 8 831 680
3 14 890 1098
3 15 906 623
3 16 400 597
3 17 694 692
4 9 675 738
4 11 150 397
4 14 636 753
4 15 560 758
5 6 1098 397
5 7 127 398
5 9 777 389
5 10 931 380
5 19 832 443
6 9 817 736
6 11 829 506
6 12 390 622
6 14 749 529
6 15 214 688
6 17 852 814
6 18 292 868
6 19 519 687
7 10 1025 608
7 12 913 607
7 18 898 403
8 10 198 637
8 17 557 165
9 11 605 409
9 16 1051 164
10 11 666 348
10 15 148 644
10 18 129 834
11 14 579 875
12 17 482 410
13 15 753 607
13 18 608 779
17 18 627 74
