25 4
0 7 178 634 531 144
0 11 362 498 401 505
0 13 452 595 56 510
0 22 386 243 135 555
1 8 257 858 766 499
1 14 71 237 555 513
1 20 401 831 819 282
2 9 189 183 114 354
2 16 324 242 688 843
2 20 357 598 566 468
3 8 303 250 360 480
3 10 450 573 111 31
3 11 186 499 563 545
3 23 261 555 370 528
3 24 337 712 234 342
4 7 300 766 775 325
4 8 599 339 697 536
4 12 774 102 125 822
4 16 678 640 735 211
4 22 628 618 565 422
5 24 461 544 169 508
6 11 314 286 777 696
6 16 563 224 779 825
6 17 568 370 249 410
6 19 469 789 198 644
6 24 8 597 649 194
7 9 133 373 663 174
7 16 437 127 853 535
7 18 540 839 810 553
7 19 477 792 558 258
7 20 310 742 102 50
7 22 403 413 471 576
8 17 1005 828 271 227
8 18 787 255 753 250
8 21 400 483 273 887
9 12 531 650 178 569
10 13 853 626 328 395
10 18 634 548 415 538
12 14 290 606 586 794
12 22 285 717 441 611
12 24 448 821 665 382
13 19 83 791 372 627
13 23 878 764 259 846
13 24 546 309 346 263
14 15 509 734 602 82
15 17 547 834 622 432
15 18 322 120 560 164
15 23 484 572 370 165
16 21 575 472 820 635
16 22 63 366 389 415
17 23 972 628 394 293
18 22 727 724 341 149
20 23 404 740 304 502
22 23 170 452 220 147
