14 2
0 1 491 541
0 2 438 592
0 3 251 506
0 8 175 40
0 10 242 492
0 11 671 554
0 13 271 556
1 2 484 215
1 3 267 473
1 4 111 250
1 5 287 484
1 7 589 799
1 8 388 541
1 9 722 158
1 10 525 340
1 12 420 806
2 5 468 627
2 8 518 577
2 12 482 861
2 13 641 93
3 4 168 565
3 8 236 473
3 9 469 606
3 10 264 136
3 13 352 374
4 6 356 117
4 7 490 725
4 8 341 396
4 11 341 553
4 12 358 614
4 13 429 341
5 6 574 140
5 8 637 307
5 10 622 606
5 11 161 691
6 9 270 274
6 10 63 554
6 12 278 550
6 13 449 456
7 8 655 354
7 9 358 864
7 11 366 569
7 12 618 419
7 13 778 756
8 10 377 467
8 12 65 284
9 10 207 479
9 11 668 570
9 13 681 280
10 12 322 747
12 13 173 827
