21 2
0 2 267 372
0 4 847 279
0 9 279 364
0 11 404 715
0 13 362 722
0 16 724 483
0 19 463 545
0 20 616 215
1 7 659 194
1 12 769 26
1 20 106 657
2 4 595 582
2 9 383 286
3 4 529 172
3 7 72 370
3 8 266 441
3 15 171 749
3 16 190 665
4 5 677 721
4 8 765 467
4 12 688 689
4 19 403 760
4 20 273 64
5 7 83 980
5 8 200 620
5 10 646 894
5 12 62 1115
5 15 193 135
5 16 286 934
6 7 524 467
6 14 173 850
6 15 516 527
6 18 646 837
7 17 560 756
8 12 257 497
8 17 700 394
8 18 74 516
8 20 647 406
9 16 546 694
9 17 725 423
10 14 218 178
10 15 648 790
10 17 254 449
10 18 737 187
11 14 296 54
11 16 362 526
11 17 372 218
12 14 496 870
12 15 255 987
12 16 274 339
12 19 602 780
13 17 489 194
13 18 643 233
13 20 341 897
14 16 266 539
14 17 178 271
15 16 361 799
15 20 517 625
16 18 399 405
18 20 656 922
