18 4
0 1 547 441 252 612
0 3 703 851 767 851
0 5 508 684 754 433
0 6 283 421 694 395
0 7 313 566 689 631
0 10 757 340 275 352
0 11 766 875 736 62
0 12 794 722 571 256
0 13 571 678 737 882
0 16 462 372 435 860
0 17 536 844 582 492
1 3 678 904 735 779
1 4 815 703 627 802
1 7 752 678 675 802
1 10 743 109 526 268
1 11 672 874 851 644
1 16 295 651 684 500
1 17 204 564 608 805
2 7 275 576 482 391
2 10 498 196 633 490
2 11 589 857 83 203
2 12 913 751 564 113
2 15 124 742 901 704
2 16 643 442 588 775
3 6 499 828 516 1106
3 7 584 285 85 323
3 8 452 235 730 650
3 9 448 696 560 582
3 14 436 888 287 741
3 16 393 533 910 399
4 5 184 349 202 59
4 6 342 644 409 766
4 10 291 597 697 613
4 11 385 597 370 318
4 12 744 361 812 152
4 14 154 403 164 107
4 16 525 52 756 818
5 6 282 728 291 823
5 7 368 127 206 324
5 8 252 123 577 236
5 14 272 712 352 133
5 16 340 349 774 849
5 17 456 669 195 140
6 8 165 833 358 599
6 9 278 576 219 610
6 10 538 84 593 321
6 11 580 799 81 457
6 12 760 790 543 651
6 13 290 386 43 982
6 15 253 690 853 1037
6 17 550 512 355 861
7 8 170 229 647 403
7 9 271 420 526 362
7 16 543 264 825 614
7 17 656 608 135 186
8 9 113 536 567 80
8 12 816 59 233 153
8 13 145 669 398 766
8 14 108 751 542 191
8 15 107 307 644 681
8 16 524 375 201 740
9 11 542 746 176 237
9 12 865 535 724 230
10 11 113 818 658 392
10 12 542 779 301 555
10 13 362 442 635 663
10 15 388 705 471 719
10 16 459 545 162 649
11 13 451 495 64 879
11 15 471 115 883 828
12 13 786 612 575 915
12 14 852 743 771 72
12 16 338 370 139 888
12 17 263 732 745 298
13 15 39 413 894 229
13 17 658 173 375 761
14 17 708 933 158 256
15 17 649 503 669 603
16 17 120 788 690 731
