21 2
0 11 527 269
0 14 751 249
0 16 339 554
0 19 567 40
1 3 1000 494
1 5 737 574
1 11 845 410
1 13 264 715
1 14 442 409
1 15 1088 356
1 16 466 463
1 18 678 678
2 3 719 311
2 4 370 516
2 6 582 99
2 16 394 1106
2 18 410 310
2 20 364 1118
3 14 806 172
3 19 674 329
3 20 486 808
4 10 580 192
4 12 224 627
4 15 968 571
5 7 664 428
5 10 364 320
5 15 358 594
5 17 561 706
5 19 418 522
6 12 450 116
6 16 223 1042
6 18 280 320
6 19 495 523
7 9 702 862
7 10 344 163
7 11 569 331
7 13 618 99
7 17 350 811
7 19 306 566
8 10 369 563
8 12 600 643
8 15 366 320
8 17 569 100
8 18 61 678
8 20 219 504
9 12 723 1036
9 17 541 548
9 18 155 848
10 12 697 469
11 13 768 369
11 19 467 305
12 14 621 478
12 17 895 704
12 19 453 515
14 17 350 517
15 20 569 758
17 18 521 773
17 19 445 245
