14 2
0 1 766 753
0 2 581 537
0 3 667 680
0 4 924 563
0 5 56 322
0 6 332 323
0 7 703 579
0 8 279 551
0 9 283 371
0 10 257 144
0 11 666 761
0 12 352 1062
0 13 321 409
1 2 226 302
1 3 300 239
1 4 599 302
1 5 754 551
1 6 435 612
1 7 677 265
1 8 869 273
1 9 562 395
1 10 510 840
1 11 791 331
1 12 841 462
1 13 479 752
2 3 375 414
2 4 722 30
2 5 581 266
2 6 258 320
2 7 706 45
2 8 738 30
2 9 345 286
2 10 338 656
2 11 786 533
2 12 734 527
2 13 269 451
3 4 349 430
3 5 634 585
3 6 393 650
3 7 377 399
3 8 673 387
3 9 573 315
3 10 433 730
3 11 497 119
3 12 619 701
3 13 487 808
4 5 879 283
4 6 716 334
4 7 301 36
4 8 830 45
4 9 899 315
4 10 735 684
4 11 443 549
4 12 745 500
4 13 817 457
5 6 325 65
5 7 651 311
5 8 230 290
5 9 308 306
5 10 246 461
5 11 610 696
5 12 298 764
5 13 333 225
6 7 593 365
6 8 485 347
6 9 183 368
6 10 80 466
6 11 629 761
6 12 493 800
6 13 104 161
7 8 554 30
7 9 760 309
7 10 579 695
7 11 147 517
7 12 461 488
7 13 695 491
8 9 525 279
8 10 408 666
8 11 468 505
8 12 100 518
8 13 528 480
9 10 182 445
9 11 778 411
9 12 566 779
9 13 88 528
10 11 597 793
10 12 423 1183
10 13 135 548
11 12 368 783
11 13 726 920
12 13 553 871
