13 2
0 2 215 244
0 5 666 406
0 6 237 340
0 7 251 612
0 8 484 430
0 11 653 318
0 12 813 142
1 2 517 399
1 4 78 492
1 5 241 161
1 6 678 720
1 7 674 389
1 10 595 856
1 11 352 500
1 12 258 425
2 3 584 153
2 4 531 680
2 5 639 277
2 6 162 579
2 7 160 706
2 8 482 446
2 10 187 734
2 11 457 534
2 12 752 360
3 6 700 464
3 7 687 753
3 10 752 615
3 12 628 314
4 5 314 611
4 7 684 238
4 9 261 246
4 10 631 574
4 11 293 231
4 12 298 372
5 6 796 726
5 7 797 543
5 8 185 257
5 10 649 875
5 11 591 562
5 12 175 439
6 7 18 716
6 8 632 662
6 9 922 659
6 10 224 155
6 11 581 291
6 12 914 296
7 8 635 286
7 9 918 109
7 10 237 800
7 11 568 425
8 9 405 181
8 10 468 788
8 11 559 416
8 12 350 375
9 10 821 759
9 11 541 374
9 12 91 415
10 11 623 386
11 12 590 178
