20 3
0 2 630 98 670
0 4 557 242 550
0 5 759 596 258
0 7 345 399 723
0 8 357 981 603
0 9 105 554 1006
0 10 539 486 630
0 11 350 729 477
0 14 664 309 908
0 15 720 636 561
0 18 564 925 81
0 19 512 291 380
1 2 343 832 767
1 3 702 732 312
1 4 708 773 703
1 5 554 213 389
1 6 140 70 416
1 7 642 673 807
1 8 76 798 722
1 10 559 332 625
1 11 326 873 547
1 12 715 421 179
1 13 634 404 810
1 14 735 496 1033
1 15 645 210 708
1 16 291 793 647
1 18 601 763 228
1 19 618 532 447
2 3 599 423 539
2 4 825 163 597
2 5 295 620 430
2 6 204 850 352
2 7 910 492 89
2 8 279 922 150
2 9 684 494 405
2 10 583 530 478
2 11 431 650 244
2 13 921 429 77
2 14 767 345 340
2 15 536 680 424
2 16 417 307 120
2 17 474 590 197
2 18 631 867 663
2 19 710 301 332
3 4 468 535 729
3 5 366 570 337
3 6 654 782 221
3 8 637 1168 550
3 10 243 411 314
3 12 134 358 151
3 13 868 449 601
3 14 294 341 857
3 15 64 525 656
3 17 168 891 485
3 18 249 1114 386
3 19 375 407 214
4 5 734 563 392
4 6 752 779 544
4 8 683 762 449
4 9 653 335 699
4 10 271 515 909
4 11 408 488 611
4 12 344 421 646
4 13 487 380 563
4 15 478 656 179
4 17 601 427 411
4 19 118 260 588
5 6 444 234 174
5 7 951 529 495
5 10 463 161 548
5 12 478 224 273
5 14 613 290 650
5 15 311 153 336
5 16 452 608 314
5 17 207 600 264
5 18 502 688 235
5 19 618 319 226
6 9 487 642 732
6 10 558 374 375
6 12 692 454 245
6 13 753 422 402
6 14 743 523 646
6 15 592 268 446
6 16 317 834 235
6 17 572 715 264
6 18 604 708 353
7 8 664 1171 239
7 9 389 795 429
7 10 568 368 439
7 11 512 1016 263
7 13 76 436 148
7 14 594 341 383
7 15 795 463 513
7 16 510 222 182
7 17 894 913 282
7 18 564 1118 724
7 19 450 421 361
8 9 406 428 406
8 10 510 856 571
8 11 284 357 282
8 12 658 843 569
8 17 577 344 83
8 18 555 55 580
8 19 585 762 336
9 10 644 554 868
9 11 449 233 645
9 13 348 404 336
9 14 767 459 104
9 15 820 645 538
9 16 421 717 503
9 18 668 373 975
10 11 235 787 306
10 12 175 100 463
10 13 624 155 556
10 14 187 185 816
10 15 229 150 783
10 16 270 461 433
10 18 48 806 679
10 19 157 255 325
11 12 400 734 370
11 15 372 873 478
11 16 36 914 148
11 17 428 126 242
11 18 276 317 493
11 19 303 598 100
12 13 776 105 646
12 16 435 384 480
12 17 295 619 492
12 19 265 165 271
13 14 663 117 265
13 16 537 454 168
13 17 942 519 195
13 19 515 128 389
14 15 321 335 435
14 16 445 337 425
14 17 448 578 393
15 17 127 748 251
15 18 247 839 504
15 19 376 397 479
16 17 453 830 127
16 18 312 1075 545
17 19 494 492 276
