23 3
0 1 140 659 616
0 7 136 182 874
0 8 665 574 716
0 15 776 336 672
0 19 617 564 535
2 4 424 378 375
2 5 361 362 528
2 11 520 384 98
2 12 174 473 753
2 20 216 254 391
2 22 153 700 53
3 12 537 154 349
3 20 738 679 807
4 7 666 910 833
4 8 138 616 802
4 9 170 311 862
4 15 993 835 330
4 16 947 574 830
4 20 637 625 74
5 13 342 622 211
5 15 472 484 323
5 16 392 303 790
5 17 206 679 395
5 19 449 161 115
5 20 204 336 525
5 22 514 338 515
6 10 862 340 351
6 11 904 428 494
7 12 576 292 309
7 14 636 169 231
7 16 804 671 981
8 11 840 490 574
8 13 692 556 67
8 14 852 302 83
8 17 912 658 500
8 18 537 287 651
8 21 747 367 384
8 22 402 401 667
9 14 572 638 208
9 15 829 659 672
9 17 665 467 474
9 22 146 963 662
10 11 139 201 529
10 12 389 466 130
10 18 583 705 726
11 19 348 701 349
12 13 310 633 201
12 15 727 237 706
12 20 375 587 886
12 21 374 652 531
13 16 369 461 845
13 21 94 575 359
13 22 291 955 684
14 19 132 417 231
14 20 197 613 667
15 21 379 860 176
16 18 604 501 1000
16 20 347 61 846
17 22 525 768 192
18 22 260 115 531
20 21 58 79 382
