11 3
0 1 257 277 387
0 2 44 469 275
0 3 351 176 511
0 4 150 423 500
0 5 602 354 372
0 6 741 919 685
0 7 641 512 469
0 8 173 890 183
0 9 456 860 410
0 10 755 845 230
1 2 294 614 592
1 3 548 170 384
1 4 281 295 449
1 5 525 207 729
1 6 640 698 298
1 7 582 298 193
1 8 371 748 381
1 9 617 632 398
1 10 916 605 169
2 3 309 447 527
2 4 184 472 466
2 5 598 493 447
2 6 739 926 877
2 7 632 629 719
2 8 134 743 216
2 9 416 896 684
2 10 714 912 424
3 4 487 250 98
3 5 569 179 875
3 6 707 744 518
3 7 571 339 576
3 8 183 722 356
3 9 129 686 748
3 10 408 673 352
4 5 728 89 848
4 6 861 514 611
4 7 772 157 641
4 8 319 474 326
4 9 599 465 785
4 10 895 465 382
5 6 144 566 1018
5 7 66 168 744
5 8 529 557 523
5 9 518 510 544
5 10 701 501 594
6 7 140 409 314
6 8 673 308 661
6 9 646 73 592
6 10 794 125 463
7 8 552 464 526
7 9 506 348 278
7 10 663 334 313
8 9 282 339 553
8 10 582 394 217
9 10 303 59 404
