18 4
0 2 337 690 622 357
0 4 875 422 684 767
0 13 723 830 576 722
1 2 269 807 774 110
1 5 192 738 657 262
1 6 562 803 957 452
1 9 255 289 656 402
1 14 608 324 990 313
1 17 461 938 745 708
2 8 225 569 360 707
2 9 125 792 407 478
2 13 544 815 315 620
3 7 1008 217 261 478
3 10 419 568 398 168
3 14 605 761 576 411
4 5 704 215 605 611
4 6 487 172 952 273
4 12 52 198 514 663
5 6 588 385 458 515
5 10 216 264 466 463
5 12 673 239 305 200
6 7 730 230 624 548
6 9 320 660 479 397
6 11 698 546 373 386
6 16 482 445 744 568
7 12 1049 87 200 352
8 9 243 314 132 392
9 14 387 218 348 279
10 12 486 403 288 373
11 12 757 714 271 375
11 14 772 167 623 590
11 15 655 445 259 476
11 16 645 457 512 331
14 17 371 618 482 396
15 16 337 375 336 267
16 17 840 427 581 415
