12 2
0 1 772 571
0 2 459 413
0 3 795 620
0 4 889 474
0 5 932 453
0 6 561 195
0 7 691 619
0 8 796 584
0 9 765 550
0 10 673 855
0 11 800 313
1 2 495 728
1 3 941 121
1 4 661 380
1 5 986 493
1 6 363 589
1 7 763 316
1 8 284 73
1 9 21 105
1 10 131 316
1 11 840 458
2 3 505 828
2 4 441 821
2 5 597 837
2 6 145 222
2 7 337 919
2 8 380 697
2 9 500 766
2 10 364 1044
2 11 443 270
3 4 412 322
3 5 148 441
3 6 590 669
3 7 179 212
3 8 710 191
3 9 953 70
3 10 816 236
3 11 128 558
4 5 377 120
4 6 412 611
4 7 298 179
4 8 382 447
4 9 679 282
4 10 564 504
4 11 283 588
5 6 656 618
5 7 262 288
5 8 729 555
5 9 1000 399
5 10 868 622
5 11 155 630
6 7 412 726
6 8 242 577
6 9 372 602
6 10 233 899
6 11 503 180
7 8 539 389
7 9 775 213
7 10 637 337
7 11 111 662
8 9 303 177
8 10 216 354
8 11 595 431
9 10 139 306
9 11 853 497
10 11 719 774
