18 4
0 1 165 354 155 304
0 3 732 426 496 675
0 5 703 315 545 834
0 16 625 542 532 883
0 17 639 222 560 236
1 6 215 923 253 282
1 8 615 436 350 402
1 13 183 715 346 829
1 16 674 538 425 899
1 17 632 548 553 198
2 8 47 375 436 594
2 15 574 402 501 333
2 17 34 178 227 314
3 10 309 578 450 202
3 12 263 499 830 297
3 13 713 309 858 792
3 14 428 511 111 452
4 5 552 357 195 674
4 7 237 168 504 316
4 12 144 213 224 923
4 13 517 686 99 504
4 14 484 776 648 726
6 9 561 787 355 32
6 11 36 756 691 284
6 14 807 333 286 352
6 15 853 139 647 189
6 16 858 599 667 714
6 17 775 686 452 106
7 13 662 624 578 719
7 17 270 445 584 249
8 10 180 130 260 207
8 11 763 739 282 621
8 14 504 619 486 494
8 16 175 812 492 732
9 16 581 189 342 696
10 12 110 597 392 445
11 17 766 726 486 349
13 16 736 189 108 114
