20 2
0 1 310 191
0 2 171 447
0 3 582 356
0 4 486 783
0 5 751 618
0 6 730 358
0 7 830 616
0 8 382 32
0 9 881 570
0 10 887 392
0 11 433 565
0 12 506 260
0 13 818 592
0 14 448 477
0 15 151 884
0 16 627 330
0 17 338 475
0 18 417 238
0 19 688 504
1 2 474 328
1 3 542 446
1 4 295 773
1 5 485 732
1 6 543 181
1 7 525 718
1 8 80 191
1 9 593 600
1 10 586 204
1 11 235 494
1 12 517 72
1 13 518 477
1 14 165 611
1 15 171 852
1 16 408 285
1 17 93 592
1 18 362 183
1 19 423 680
2 3 711 434
2 4 598 517
2 5 921 691
2 6 891 199
2 7 998 654
2 8 549 466
2 9 1052 434
2 10 1056 249
2 11 602 195
2 12 622 281
2 13 987 150
2 14 596 629
2 15 322 566
2 16 739 170
2 17 486 581
2 18 563 506
2 19 858 789
3 4 835 486
3 5 509 288
3 6 313 504
3 7 719 272
3 8 520 388
3 9 667 246
3 10 735 565
3 11 338 411
3 12 105 476
3 13 676 517
3 14 675 196
3 15 499 606
3 16 932 268
3 17 634 155
3 18 184 580
3 19 476 373
4 5 657 507
4 6 788 707
4 7 590 453
4 8 321 814
4 9 707 242
4 10 658 764
4 11 511 327
4 12 812 757
4 13 608 449
4 14 179 576
4 15 411 128
4 16 141 487
4 17 204 513
4 18 657 950
4 19 607 799
5 6 235 789
5 7 227 54
5 8 407 647
5 9 160 315
5 10 228 851
5 11 326 606
5 12 577 764
5 13 177 737
5 14 485 154
5 15 601 634
5 16 679 539
5 17 538 143
5 18 463 853
5 19 63 335
6 7 462 763
6 8 481 365
6 9 376 586
6 10 459 63
6 11 315 392
6 12 403 112
6 13 412 333
6 14 609 693
6 15 597 763
6 16 843 259
6 17 622 659
6 18 345 333
6 19 233 805
7 8 449 646
7 9 142 264
7 10 69 826
7 11 463 560
7 12 774 746
7 13 51 693
7 14 451 178
7 15 681 579
7 16 563 509
7 17 541 146
7 18 638 848
7 19 244 379
8 9 513 602
8 10 508 394
8 11 190 591
8 12 511 262
8 13 440 613
8 14 155 505
8 15 236 914
8 16 412 356
8 17 141 505
8 18 351 213
8 19 346 522
9 10 97 648
9 11 473 303
9 12 737 603
9 13 103 441
9 14 552 345
9 15 730 367
9 16 695 330
9 17 627 280
9 18 622 765
9 19 211 566
10 11 504 444
10 12 797 133
10 13 71 371
10 14 518 752
10 15 736 815
10 16 631 323
10 17 606 720
10 18 669 326
10 19 262 857
11 12 348 461
11 13 434 140
11 14 342 588
11 15 290 372
11 16 597 235
11 17 322 529
11 18 191 677
11 19 265 785
12 13 733 427
12 14 665 652
12 15 444 827
12 16 921 276
12 17 609 627
12 18 161 227
12 19 536 737
13 14 460 704
13 15 667 467
13 16 593 284
13 17 543 649
13 18 602 654
13 19 200 887
14 15 327 704
14 16 257 464
14 17 111 64
14 18 505 715
14 19 432 223
15 16 543 571
15 17 225 640
15 18 318 1034
15 19 538 927
16 17 324 420
16 18 761 464
16 19 638 619
17 18 454 710
17 19 479 287
18 19 412 731
