19 4
0 1 429 399 656 626
0 2 340 294 240 619
0 3 749 378 368 143
0 14 453 585 608 483
0 15 407 103 379 591
1 8 513 114 283 588
1 9 247 657 601 705
1 12 242 382 706 223
1 16 515 420 1177 438
2 12 528 522 296 413
3 9 359 23 307 773
3 11 819 311 622 301
3 12 669 301 172 681
4 6 797 795 779 583
4 7 575 508 519 839
4 8 646 791 774 690
4 13 648 365 88 86
5 7 359 466 220 1113
5 14 773 650 333 624
5 15 723 167 83 356
5 17 583 126 513 798
5 18 409 701 559 489
6 9 494 429 389 362
6 14 524 545 759 334
6 16 163 877 950 67
6 17 605 791 569 390
7 10 303 399 171 419
7 11 89 361 422 358
7 12 210 123 236 744
9 18 666 464 399 326
10 17 378 108 659 183
10 18 397 641 580 477
11 17 218 772 253 441
12 14 586 410 392 637
12 15 534 275 155 436
12 18 296 361 611 205
13 16 605 586 258 573
