18 2
0 1 460 763
0 2 377 176
0 3 302 404
0 4 635 485
0 5 169 32
0 6 609 373
0 7 688 551
0 8 170 749
0 9 635 821
0 10 252 454
0 11 415 332
0 12 165 695
0 13 243 344
0 14 521 425
0 15 121 500
0 16 201 619
0 17 197 500
1 2 365 796
1 3 360 368
1 4 645 655
1 5 604 778
1 6 215 903
1 7 622 466
1 8 627 244
1 9 434 86
1 10 261 586
1 11 58 860
1 12 321 145
1 13 549 915
1 14 834 855
1 15 539 356
1 16 631 281
1 17 604 318
2 3 75 430
2 4 307 647
2 5 543 204
2 6 361 198
2 7 327 681
2 8 523 726
2 9 266 867
2 10 404 606
2 11 370 156
2 12 376 700
2 13 278 174
2 14 503 251
2 15 497 476
2 16 432 711
2 17 389 494
3 4 362 494
3 5 468 424
3 6 399 555
3 7 395 396
3 8 449 358
3 9 339 437
3 10 351 422
3 11 353 509
3 12 312 291
3 13 222 560
3 14 479 526
3 15 423 144
3 16 365 328
3 17 324 115
4 5 782 469
4 6 558 842
4 7 110 199
4 8 743 795
4 9 297 662
4 10 710 74
4 11 663 796
4 12 674 686
4 13 435 821
4 14 466 869
4 15 752 637
4 16 604 382
4 17 559 600
5 6 770 399
5 7 845 546
5 8 68 772
5 9 803 834
5 10 360 442
5 11 553 360
5 12 284 715
5 13 357 369
5 14 576 454
5 15 65 524
5 16 226 624
5 17 255 523
6 7 502 862
6 8 779 782
6 9 283 981
6 10 460 798
6 11 271 48
6 12 502 786
6 13 620 45
6 14 864 100
6 15 708 553
6 16 743 867
6 17 708 585
7 8 812 634
7 9 222 466
7 10 727 147
7 11 649 814
7 12 703 519
7 13 513 850
7 14 574 866
7 15 808 525
7 16 684 187
7 17 639 480
8 9 788 323
8 10 397 721
8 11 579 746
8 12 314 119
8 13 310 805
8 14 511 713
8 15 112 252
8 16 164 471
8 17 198 250
9 10 597 598
9 11 472 937
9 12 598 231
9 13 534 992
9 14 696 936
9 15 754 439
9 16 696 280
9 17 652 399
10 11 204 751
10 12 87 613
10 13 438 780
10 14 738 818
10 15 295 564
10 16 451 319
10 17 439 526
11 12 269 745
11 13 526 59
11 14 818 107
11 15 488 512
11 16 594 819
11 17 570 543
12 13 362 802
12 14 659 729
12 15 219 233
12 16 364 351
12 17 354 207
13 14 300 144
13 15 341 570
13 16 171 865
13 17 126 599
14 15 587 499
14 16 350 849
14 17 331 537
15 16 239 421
15 17 257 49
16 17 45 372
