20 4
0 3 532 222 753 664
0 10 211 108 740 775
0 12 997 132 739 636
0 14 902 447 391 642
0 16 324 167 738 764
0 17 126 601 218 205
0 18 789 769 868 966
1 11 482 434 502 517
1 16 248 451 733 764
1 17 266 606 451 164
2 3 777 381 984 486
2 7 690 685 509 83
2 8 936 189 178 69
2 11 152 645 954 528
2 12 1158 47 1004 533
2 14 912 273 69 544
2 18 931 718 808 840
2 19 873 29 737 295
3 7 239 463 798 495
3 13 892 292 445 101
3 14 1105 644 915 682
4 11 362 204 325 58
4 12 787 795 749 201
4 15 240 919 633 748
4 16 183 591 331 716
5 10 294 456 708 948
5 16 191 208 252 720
5 18 573 820 266 482
5 19 814 507 392 704
6 9 211 137 739 65
6 10 566 456 405 819
6 13 362 566 549 747
6 18 368 277 617 751
7 9 652 277 402 335
7 15 518 762 692 928
7 16 386 465 134 620
8 9 523 576 160 251
8 13 659 615 717 557
8 16 499 283 272 551
8 17 687 719 675 228
8 19 631 206 637 302
9 11 412 228 913 341
10 16 241 251 946 315
11 14 760 808 893 237
12 15 937 277 236 549
13 14 479 879 798 686
13 15 305 803 490 536
14 16 595 572 422 559
14 17 777 927 581 478
16 17 201 436 863 745
17 18 681 683 873 816
17 19 782 693 548 530
18 19 633 691 368 808
