25 2
0 5 641 661
0 6 612 820
0 8 318 383
0 10 64 930
0 15 234 716
0 16 628 714
0 22 162 469
0 24 212 743
1 3 217 769
1 4 619 90
1 10 520 616
1 23 225 337
2 4 826 633
2 7 260 470
2 8 195 546
2 9 246 743
2 14 616 595
2 15 660 442
2 16 759 542
2 17 128 248
2 21 617 616
3 6 634 698
3 7 483 624
3 8 359 421
3 9 325 737
3 22 183 491
4 7 876 638
4 9 584 270
4 16 702 112
4 19 662 703
4 22 440 646
4 24 319 487
5 12 249 555
5 14 341 802
5 15 836 746
5 16 131 249
5 21 236 550
6 7 1110 303
6 8 907 908
6 9 855 652
6 12 441 402
6 15 595 338
6 18 392 443
6 22 696 900
6 24 534 150
7 11 240 648
7 22 438 980
7 23 439 330
8 9 53 580
8 13 45 995
8 17 274 758
8 18 576 490
8 20 394 773
9 12 650 712
9 13 98 792
10 11 301 821
10 12 568 481
10 14 628 122
10 15 258 264
11 15 556 624
11 18 555 426
11 23 278 587
11 24 379 629
12 16 348 437
12 21 359 447
12 23 375 325
13 14 534 159
13 17 231 657
13 18 620 559
13 20 433 390
14 15 867 163
14 18 553 672
14 19 1052 987
14 21 178 325
14 24 488 196
15 17 770 440
15 20 126 200
16 21 148 301
16 23 349 204
17 20 664 269
17 21 603 740
17 22 473 826
17 23 528 636
19 21 950 894
19 23 742 742
20 23 397 382
22 23 160 778
