20 3
0 2 361 514 583
0 3 638 305 588
0 4 242 386 351
0 7 492 877 353
0 8 229 361 313
0 10 725 335 797
0 12 845 828 511
0 13 543 184 997
0 14 180 643 126
0 15 319 765 809
0 16 80 714 783
0 17 279 114 323
0 19 748 434 226
1 2 748 736 515
1 3 838 706 394
1 4 732 806 189
1 8 600 550 102
1 9 189 567 254
1 15 411 181 607
1 16 555 342 637
1 17 325 805 196
1 18 909 903 430
2 4 152 143 671
2 5 567 320 316
2 6 21 782 683
2 7 154 816 246
2 8 161 460 525
2 10 579 519 887
2 11 657 453 553
2 13 273 349 815
2 14 441 263 685
2 15 341 556 578
2 18 284 1060 247
3 4 462 152 428
3 5 832 200 229
3 6 303 732 406
3 8 409 272 318
3 9 803 146 646
3 11 901 226 500
3 12 591 747 86
3 13 138 126 442
3 15 460 537 224
3 18 108 844 180
3 19 659 547 510
4 5 446 178 359
4 6 160 841 54
4 7 306 857 438
4 11 548 364 259
4 13 409 245 730
4 14 291 372 291
4 15 359 628 600
4 16 199 767 449
4 17 493 305 354
4 18 433 990 530
4 19 791 694 140
5 6 562 928 367
5 7 691 924 122
5 8 425 427 212
5 11 118 299 310
5 13 725 185 669
5 14 255 524 443
5 16 275 799 755
5 17 213 203 66
5 18 841 913 203
5 19 812 627 377
6 7 146 114 458
6 8 149 550 163
6 9 631 599 354
6 10 559 589 402
6 11 649 726 308
6 14 446 544 345
6 15 322 233 564
6 16 288 292 412
7 8 266 519 295
7 9 707 613 478
7 11 769 693 310
7 13 147 756 779
7 14 592 598 444
7 15 369 298 553
7 16 417 200 860
7 17 653 788 87
7 18 153 747 250
7 19 673 620 419
8 9 487 240 334
8 10 549 74 501
8 11 505 176 214
8 12 693 494 232
8 13 318 245 689
8 14 360 419 310
8 15 211 424 520
8 17 406 269 209
8 18 417 610 391
8 19 642 322 193
9 10 647 307 755
9 12 687 651 562
9 13 668 243 1015
9 15 343 394 854
9 16 406 534 682
9 18 855 849 678
9 19 522 558 161
10 11 865 158 699
10 12 171 496 454
10 13 333 258 413
10 15 411 484 452
10 16 651 379 320
10 18 529 543 652
10 19 266 251 596
11 12 938 653 420
11 13 784 123 900
11 15 477 588 718
11 16 362 536 702
11 17 178 105 259
11 18 921 628 513
12 14 1020 692 536
12 15 526 427 297
12 16 777 121 648
12 18 698 583 217
13 14 675 459 996
13 15 327 603 238
13 18 220 751 576
13 19 542 457 857
14 15 495 312 829
14 16 244 592 690
14 18 724 1015 646
15 16 252 359 748
15 18 513 888 339
15 19 443 669 707
16 19 691 420 557
17 18 805 711 257
17 19 614 424 347
18 19 759 297 573
