9 3
0 1 300 174 168
0 2 641 381 376
0 3 738 754 274
0 4 606 304 276
0 5 804 569 472
0 6 253 695 102
0 7 623 695 218
0 8 786 299 446
1 2 432 214 542
1 3 707 639 395
1 4 435 218 369
1 5 509 448 639
1 6 312 534 95
1 7 600 531 384
1 8 487 127 522
2 3 450 627 353
2 4 87 334 343
2 5 560 449 141
2 6 741 423 472
2 7 396 412 159
2 8 430 130 437
3 4 369 449 488
3 5 1003 191 361
3 6 947 309 300
3 7 115 331 279
3 8 879 554 650
4 5 634 267 482
4 6 735 438 361
4 7 309 445 241
4 8 511 206 171
5 6 709 252 558
5 7 930 269 273
5 8 148 365 576
6 7 833 22 318
6 8 739 412 527
7 8 815 408 384
