15 3
0 2 495 694 473
0 7 419 831 410
0 9 767 365 232
0 11 648 505 682
0 13 844 350 304
1 10 832 549 510
1 12 296 205 207
2 3 276 460 165
2 6 662 53 620
2 11 483 492 744
2 12 430 371 688
3 8 687 367 695
3 10 178 635 251
3 11 752 116 904
4 6 391 884 641
5 6 364 714 703
5 7 339 839 421
5 10 594 1003 358
5 14 832 785 544
6 7 462 353 729
6 10 786 410 684
6 12 247 421 685
6 14 882 521 305
8 10 526 697 517
8 11 141 462 322
8 13 369 625 658
8 14 703 608 169
9 12 298 81 36
9 14 891 541 403
10 11 579 579 786
12 13 411 566 453
