20 3
0 1 875 771 62
0 2 642 797 851
0 3 860 92 289
0 4 740 629 628
0 5 735 730 644
0 6 897 699 752
0 7 685 541 480
0 8 897 674 160
0 9 409 369 228
0 10 853 264 230
0 11 677 411 450
0 12 568 755 547
0 13 727 209 534
0 14 825 603 479
0 15 1103 478 564
0 16 699 559 713
0 17 467 473 533
0 18 636 231 369
0 19 598 473 112
1 2 493 699 821
1 3 893 747 339
1 4 418 380 639
1 5 207 383 672
1 6 689 670 724
1 7 204 270 418
1 8 1103 345 215
1 9 690 697 288
1 10 429 954 222
1 11 241 701 490
1 12 377 206 587
1 13 372 737 476
1 14 91 761 417
1 15 501 294 502
1 16 560 324 740
1 17 659 658 569
1 18 259 900 427
1 19 712 964 137
2 3 423 710 1126
2 4 117 335 527
2 5 288 318 716
2 6 301 99 98
2 7 446 755 716
2 8 615 356 860
2 9 276 1022 1031
2 10 220 768 1025
2 11 494 1052 789
2 12 182 873 820
2 13 136 605 568
2 14 403 250 727
2 15 473 620 721
2 16 90 432 707
2 17 220 329 764
2 18 450 727 964
2 19 221 578 957
3 4 475 564 818
3 5 697 664 770
3 6 250 611 1028
3 7 869 539 731
3 8 233 612 283
3 9 467 441 116
3 10 490 225 286
3 11 917 482 549
3 12 601 756 628
3 13 522 117 810
3 14 802 511 727
3 15 644 454 813
3 16 340 505 844
3 17 423 384 640
3 18 873 179 353
3 19 281 393 215
4 5 226 101 189
4 6 291 292 460
4 7 419 426 825
4 8 688 55 539
4 9 392 750 703
4 10 113 714 856
4 11 473 774 317
4 12 210 540 311
4 13 50 499 743
4 14 327 388 833
4 15 364 300 880
4 16 148 106 192
4 17 337 313 259
4 18 437 661 536
4 19 326 640 735
5 6 513 305 649
5 7 207 488 938
5 8 901 66 517
5 9 493 841 654
5 10 273 809 871
5 11 264 862 221
5 12 185 568 163
5 13 177 596 880
5 14 119 435 945
5 15 440 378 1003
5 16 359 192 75
5 17 457 389 132
5 18 240 757 440
5 19 505 716 738
6 7 709 693 641
6 8 483 326 763
6 9 490 934 933
6 10 263 672 929
6 11 763 965 704
6 12 476 830 741
6 13 340 506 499
6 14 601 166 652
6 15 394 553 654
6 16 215 376 648
6 17 430 230 685
6 18 726 629 872
6 19 316 493 859
7 8 1054 426 618
7 9 566 427 703
7 10 479 762 484
7 11 57 434 821
7 12 277 216 912
7 13 369 564 153
7 14 197 726 12
7 15 633 143 84
7 16 531 324 988
7 17 551 589 875
7 18 54 711 827
7 19 639 838 517
8 9 563 775 174
8 10 717 767 364
8 11 1097 796 307
8 12 778 518 401
8 13 731 551 647
8 14 1012 436 619
8 15 876 312 701
8 16 543 127 590
8 17 540 367 396
8 18 1049 714 212
8 19 419 695 226
9 10 496 630 318
9 11 594 41 434
9 12 312 584 515
9 13 399 542 762
9 14 610 889 701
9 15 748 473 787
9 16 306 649 729
9 17 62 741 525
9 18 543 600 248
9 19 192 833 202
10 11 536 671 670
10 12 314 978 765
10 13 138 221 594
10 14 344 529 477
10 15 253 666 560
10 16 214 679 942
10 17 439 452 757
10 18 507 55 545
10 19 402 271 138
11 12 320 577 98
11 13 424 582 796
11 14 248 924 825
11 15 688 490 896
11 16 581 671 296
11 17 584 776 91
11 18 51 641 225
11 19 680 874 533
12 13 177 778 879
12 14 299 893 917
12 15 548 332 985
12 16 273 457 232
12 17 284 770 55
12 18 273 927 285
12 19 361 1042 628
13 14 281 397 165
13 15 377 455 156
13 16 188 459 920
13 17 348 276 836
13 18 388 166 844
13 19 356 299 597
14 15 447 583 86
14 16 469 441 994
14 17 576 149 880
14 18 248 492 828
14 19 622 329 513
15 16 454 194 1049
15 17 689 448 946
15 18 675 612 909
15 19 636 711 599
16 17 245 334 206
16 18 538 625 513
16 19 188 647 809
17 18 533 406 309
17 19 142 328 620
18 19 631 264 410
