11 4
0 2 882 683 542 490
0 3 950 540 628 342
0 4 386 345 465 85
0 5 591 477 303 677
0 6 793 533 529 151
0 9 797 799 195 117
1 3 274 681 695 525
1 6 375 240 662 122
2 3 613 376 706 316
2 4 523 947 833 494
2 6 572 943 98 442
2 7 442 1129 614 282
2 9 132 889 736 578
2 10 844 839 96 417
3 7 366 773 557 537
3 8 768 277 309 661
3 10 947 675 620 712
4 7 857 407 915 767
5 6 202 292 536 602
5 7 603 464 761 170
5 8 410 342 341 366
5 9 445 327 384 752
5 10 590 553 548 303
6 7 452 191 533 721
6 8 611 599 828 486
6 9 446 411 722 160
6 10 791 523 12 607
7 8 984 729 867 536
7 9 407 467 1102 860
9 10 764 855 734 767
