17 3
0 2 185 645 581
0 3 609 224 370
0 4 818 342 449
0 5 748 577 266
0 7 271 386 515
0 9 417 370 313
0 10 628 782 361
0 13 428 537 549
0 14 802 612 388
0 15 130 808 530
0 16 167 635 262
1 2 805 107 432
1 3 908 566 351
1 4 780 486 479
1 5 1107 409 568
1 7 370 189 78
1 9 964 527 662
1 11 9 253 321
1 13 765 439 783
1 14 933 690 914
1 16 459 109 586
2 4 909 591 810
2 5 706 409 775
2 6 97 295 343
2 7 452 269 354
2 8 467 322 128
2 9 305 631 471
2 11 800 359 532
2 12 282 175 163
2 13 453 452 453
2 14 844 782 937
2 15 202 171 654
3 4 434 540 142
3 5 202 433 250
3 7 755 377 391
3 8 237 449 623
3 9 399 575 643
3 10 118 598 545
3 11 899 394 166
3 12 339 470 505
3 13 184 378 847
3 14 259 821 669
3 16 611 671 572
4 5 588 738 239
4 6 849 708 942
4 7 821 439 527
4 8 444 282 765
4 9 794 45 747
4 10 317 977 678
4 11 770 276 294
4 12 640 527 647
4 15 946 710 272
4 16 726 522 681
5 6 713 122 819
5 7 930 310 586
5 9 427 783 578
5 10 303 243 588
5 11 1098 468 263
5 12 467 279 624
5 13 356 65 814
5 14 363 1005 436
5 15 860 548 443
6 7 359 268 633
6 9 349 753 284
6 10 630 323 277
6 11 703 432 651
6 13 421 180 120
6 14 808 959 805
7 8 520 174 263
7 9 670 485 609
7 11 367 164 327
7 12 487 113 221
7 13 576 314 715
7 14 882 697 902
7 15 295 439 314
8 10 222 727 307
8 11 677 57 510
8 12 197 246 155
8 14 394 525 988
8 15 537 466 576
8 16 379 282 505
9 10 491 1022 257
9 11 957 321 481
9 12 219 572 435
9 14 657 247 523
9 15 494 746 758
10 13 212 254 340
10 14 179 1248 704
11 14 923 537 599
11 15 662 511 292
11 16 453 331 408
12 13 171 306 501
12 14 562 766 834
12 15 398 344 500
12 16 337 237 369
13 14 391 999 739
13 15 553 599 930
13 16 430 539 288
14 15 931 858 859
14 16 757 687 530
