17 4
0 1 556 795 430 572
0 2 377 380 775 434
0 3 590 223 462 125
0 5 620 186 189 856
0 6 222 774 982 551
0 8 188 61 867 881
0 9 721 369 526 653
0 13 371 869 714 736
1 2 892 797 490 259
1 3 109 833 54 532
1 7 373 149 769 178
1 8 471 850 577 488
1 9 418 705 621 604
1 11 203 908 384 570
1 12 517 370 673 462
1 13 899 189 770 637
1 15 380 874 616 466
2 5 456 469 667 511
2 6 351 742 207 344
2 8 424 371 93 450
2 9 919 92 550 375
2 11 741 319 151 355
2 12 532 708 618 278
2 14 610 558 346 157
2 15 732 374 552 278
3 7 349 824 817 502
3 9 311 206 674 730
3 10 506 192 583 655
3 12 581 662 726 238
3 13 908 858 823 809
3 14 720 649 436 431
3 15 297 201 670 704
4 5 714 533 599 944
4 7 438 60 231 414
4 8 308 768 416 756
4 10 844 611 190 385
4 11 437 844 270 656
4 14 776 456 184 309
4 15 656 793 203 717
5 6 416 633 872 808
5 8 502 247 759 332
5 10 510 254 485 621
5 11 831 339 528 682
5 13 496 743 753 132
5 16 757 414 254 877
6 7 204 214 481 283
6 9 581 650 709 711
6 12 381 400 774 476
6 13 369 132 691 752
6 15 391 849 713 584
6 16 506 858 833 488
7 8 146 806 431 408
7 10 419 633 398 211
7 11 313 877 414 445
7 13 572 337 245 469
7 14 467 428 409 112
7 15 218 830 370 303
7 16 673 892 656 478
8 10 536 264 575 378
8 12 317 597 679 717
8 13 436 918 615 388
8 14 503 739 429 508
8 15 360 25 615 288
9 11 544 348 434 470
9 12 780 628 68 494
9 15 190 384 8 165
9 16 1074 253 341 683
10 12 830 489 146 555
10 13 852 677 268 599
10 16 1035 260 267 642
11 12 315 682 502 122
11 15 433 86 434 502
12 13 519 531 193 575
12 14 818 515 326 337
12 16 427 728 360 189
13 15 755 940 196 173
