20 4
0 1 854 235 540 741
0 2 798 336 633 518
0 3 786 381 782 369
0 4 802 331 764 528
0 6 508 360 1146 811
0 7 475 525 873 334
0 8 507 273 319 699
0 9 720 202 137 402
0 12 995 439 874 457
0 13 688 92 739 228
0 14 753 265 583 732
0 16 611 571 1110 231
0 17 181 90 669 314
0 19 782 626 140 502
1 2 372 567 828 329
1 4 395 254 1007 312
1 5 687 627 883 521
1 7 809 689 904 557
1 8 347 508 597 396
1 9 421 423 522 652
1 11 613 202 925 434
1 13 743 160 684 753
1 16 439 672 911 670
1 17 719 261 527 735
1 18 225 642 413 196
1 19 150 703 405 773
2 3 35 710 164 608
2 4 23 634 180 17
2 5 655 89 231 411
2 6 313 577 818 404
2 7 957 506 300 245
2 8 412 88 317 206
2 12 697 772 799 633
2 13 980 409 336 457
2 14 997 381 51 534
2 15 920 549 359 216
2 16 672 653 691 375
2 17 622 358 438 420
2 18 165 357 723 155
2 19 227 732 680 761
3 4 19 129 213 607
3 5 648 751 85 1016
3 6 313 320 720 703
3 7 963 676 150 567
3 9 69 514 647 34
3 10 438 679 352 751
3 11 820 352 542 883
3 12 728 204 782 93
3 13 995 343 285 573
3 14 1013 446 209 496
3 15 944 704 434 675
3 16 689 598 572 537
3 17 608 355 433 640
3 19 258 603 814 160
4 5 662 663 297 409
4 6 324 191 933 387
4 7 972 548 358 261
4 8 428 553 466 206
4 9 87 420 642 620
4 10 448 550 338 336
4 12 720 322 964 630
4 13 999 325 479 472
4 14 1016 330 220 521
4 16 692 471 785 390
4 17 625 278 605 436
4 19 250 481 831 760
5 6 352 581 637 559
5 7 434 453 69 572
5 8 339 119 500 206
5 9 584 244 680 1027
5 11 433 425 457 135
5 12 836 831 722 1033
5 13 605 473 228 768
5 14 663 376 267 825
5 19 619 699 835 1166
6 7 654 366 585 634
6 9 261 345 1030 696
6 11 529 352 223 486
6 12 635 510 411 671
6 13 714 400 490 830
6 14 744 205 827 305
6 16 433 282 183 746
6 17 348 274 482 812
6 18 235 404 1118 265
6 19 281 303 1083 809
7 9 915 354 736 591
7 10 526 64 465 595
7 11 209 542 396 445
7 13 244 609 227 214
7 14 315 268 335 690
7 15 517 45 465 123
7 16 384 198 428 136
7 17 554 449 391 177
7 18 828 154 927 400
7 19 823 281 883 726
8 11 401 306 833 71
8 12 535 712 744 835
8 15 591 481 237 286
8 17 382 280 440 525
8 18 285 295 408 210
8 19 296 650 366 966
9 10 388 404 308 749
9 12 739 620 788 60
9 13 960 294 606 605
9 14 982 153 450 478
9 15 928 398 338 698
9 16 660 453 983 567
9 17 541 166 548 670
9 18 196 245 233 674
9 19 271 525 195 140
10 11 406 578 781 388
10 12 606 860 779 731
10 13 592 644 409 801
10 14 627 301 145 400
10 15 636 39 275 562
10 16 330 147 799 717
10 17 308 483 440 771
10 18 330 218 535 200
10 19 354 226 493 870
11 12 573 406 541 904
11 13 188 68 377 648
11 14 234 277 687 725
11 16 177 576 40 579
11 17 549 96 446 579
11 18 663 466 1107 262
11 19 646 628 1067 1035
12 13 622 364 497 653
12 14 585 595 782 435
12 17 907 454 361 714
12 18 543 823 803 672
12 19 471 803 776 140
13 14 71 344 339 834
13 16 313 638 391 84
13 19 801 686 719 719
14 15 238 308 322 729
14 16 324 314 710 759
14 17 781 182 423 850
14 18 840 232 672 464
15 16 309 186 647 243
16 17 566 482 446 104
16 19 488 85 1068 689
17 18 582 383 661 575
17 19 629 536 622 791
18 19 76 418 44 809
