11 3
0 2 492 809 107
0 4 359 654 429
0 5 926 783 826
0 6 1006 38 614
0 8 515 556 841
0 9 749 544 762
0 10 187 185 1146
1 3 555 494 606
1 4 681 478 393
1 5 440 582 275
1 6 793 240 39
1 7 544 174 62
1 8 534 374 749
1 9 480 420 220
1 10 620 167 633
2 3 407 314 794
2 5 570 159 760
2 6 528 847 536
2 7 554 438 571
2 8 161 311 859
2 9 360 609 666
3 4 294 99 376
3 5 715 172 509
3 7 760 335 582
3 8 356 420 161
3 10 105 638 566
4 5 645 270 493
4 6 653 689 380
4 7 647 341 410
4 9 441 220 613
4 10 375 635 752
5 6 382 821 241
5 7 109 408 214
5 9 211 483 350
6 8 504 591 718
6 9 337 572 239
6 10 963 210 598
7 8 450 255 731
7 10 864 303 573
8 9 242 585 948
9 10 665 587 675
