21 2
0 5 617 1057
0 6 893 244
0 10 753 67
0 15 473 529
0 17 522 689
0 18 920 719
1 5 609 517
1 10 717 637
1 15 435 481
2 4 335 174
2 6 697 632
2 13 774 252
2 17 526 81
2 18 735 230
2 19 526 863
3 13 474 514
3 14 219 270
3 19 547 266
4 11 776 440
5 6 666 850
5 10 183 1112
5 11 348 911
5 15 197 717
6 8 692 466
6 12 335 234
6 20 493 60
7 12 745 358
7 18 774 450
8 10 244 699
8 13 388 244
8 14 744 309
8 15 173 343
8 16 505 724
8 17 162 470
8 18 687 333
8 20 835 515
9 19 564 670
10 11 521 267
10 15 283 552
10 16 326 144
11 12 789 336
12 16 138 496
12 17 450 525
12 20 773 283
13 15 366 114
14 16 547 742
16 18 205 828
16 20 637 216
17 19 126 898
