17 2
0 1 586 578
0 8 787 140
0 16 168 538
1 4 517 540
1 8 288 443
1 13 86 301
1 14 494 737
2 7 585 606
2 10 548 480
2 13 526 451
2 16 618 782
3 11 601 342
3 16 816 637
4 6 514 304
4 11 923 545
4 15 723 877
5 7 347 864
5 14 911 998
5 16 821 1099
6 7 279 38
6 8 492 465
6 9 152 81
6 10 195 185
6 12 351 109
6 14 316 186
6 16 337 282
8 11 888 669
9 10 65 166
9 12 421 69
9 14 455 262
9 16 419 353
10 14 508 349
11 14 115 435
11 16 546 513
12 13 513 944
12 14 521 253
13 15 353 70
13 16 513 1136
15 16 518 1160
