11 4
0 2 848 287 625 494
0 4 608 550 543 133
0 6 634 862 753 939
0 8 613 396 34 674
0 10 715 593 467 791
1 3 545 331 613 866
1 5 437 834 465 158
1 6 575 864 719 355
1 7 543 271 167 858
1 10 646 617 400 333
2 3 795 146 393 241
2 4 338 356 166 395
2 5 553 581 383 541
2 6 733 761 286 506
2 7 580 283 453 452
2 10 785 315 173 699
3 4 661 243 229 250
3 6 369 620 281 742
3 7 627 172 469 302
3 8 660 197 573 546
3 10 446 310 281 803
4 6 767 430 225 812
4 7 749 330 399 58
4 8 17 235 576 542
4 9 604 177 135 201
4 10 843 252 96 673
5 6 192 460 390 340
5 8 629 506 414 180
5 9 557 246 236 869
5 10 232 314 220 273
6 7 309 594 622 859
6 9 748 267 358 1009
7 8 734 130 217 581
7 9 497 443 281 168
7 10 299 473 311 680
8 9 587 318 479 743
8 10 832 433 501 388
9 10 772 394 40 843
