11 3
0 1 467 454 443
0 2 672 333 302
0 3 800 678 873
0 4 840 728 551
0 5 741 92 724
0 6 297 162 755
0 7 51 514 604
0 8 596 378 783
0 9 244 533 498
0 10 432 375 243
1 2 229 122 715
1 3 344 901 789
1 4 379 619 717
1 5 419 535 477
1 6 464 395 741
1 7 515 766 162
1 8 154 358 661
1 9 496 230 545
1 10 67 286 364
2 3 132 830 887
2 4 176 626 453
2 5 263 415 863
2 6 692 281 741
2 7 716 685 875
2 8 231 295 836
2 9 637 265 518
2 10 292 247 534
3 4 47 550 461
3 5 312 618 369
3 6 799 835 153
3 7 845 165 831
3 8 294 1030 132
3 9 768 1095 383
3 10 401 619 1015
4 5 351 736 580
4 6 827 813 308
4 7 885 530 838
4 8 313 916 450
4 9 813 849 199
4 10 433 392 766
5 6 854 247 401
5 7 773 453 478
5 8 483 465 241
5 9 616 624 392
5 10 484 416 784
6 7 332 671 811
6 8 523 219 183
6 9 526 407 257
6 10 400 428 919
7 8 646 870 699
7 9 238 948 652
7 10 481 495 502
8 9 649 246 319
8 10 165 527 905
9 10 493 501 669
