13 3
0 1 334 561 477
0 4 531 340 593
0 6 583 554 738
0 8 396 670 534
0 10 488 730 480
1 4 260 440 139
1 5 665 510 156
1 7 647 840 566
1 8 208 277 363
1 9 685 744 488
1 10 244 433 294
2 4 675 425 326
2 6 336 16 509
2 10 281 712 87
2 11 375 538 728
2 12 346 434 595
3 4 610 341 471
3 8 258 623 898
3 11 485 377 38
3 12 331 265 257
4 5 880 456 292
4 7 854 545 431
4 8 444 402 478
4 12 329 497 292
5 6 841 699 371
5 7 47 999 710
5 8 650 237 232
5 9 664 893 643
6 7 839 547 367
6 9 560 483 373
6 11 403 525 438
6 12 218 419 177
7 11 492 785 71
7 12 675 909 196
8 9 491 818 817
9 12 606 820 263
