19 4
0 1 300 132 274 374
0 3 276 816 294 707
0 6 590 778 673 382
0 8 165 884 294 310
0 9 522 780 197 278
0 10 357 352 825 406
0 11 478 171 678 292
0 13 258 441 815 742
0 16 266 166 209 159
0 17 447 834 807 834
0 18 270 814 296 274
1 2 661 433 40 115
1 3 479 827 248 668
1 4 243 466 242 676
1 5 291 800 621 290
1 7 784 881 334 550
1 9 323 783 111 293
1 10 601 249 565 706
1 11 411 167 477 297
1 12 821 1015 636 685
1 13 187 437 576 658
1 14 431 694 371 584
1 15 239 419 482 516
1 17 428 833 635 788
2 3 182 429 283 610
2 5 688 424 639 177
2 7 755 541 375 611
2 8 595 511 241 162
2 9 693 402 130 311
2 11 912 267 477 309
2 12 739 660 646 771
2 13 501 141 535 587
2 15 858 70 443 583
2 16 692 527 124 565
2 17 876 460 640 722
3 4 276 832 248 1049
3 6 726 205 403 1086
3 7 707 189 170 636
3 8 426 114 46 651
3 9 536 62 298 450
3 10 134 703 618 621
3 11 751 665 407 437
3 13 322 391 795 86
3 14 123 518 407 957
3 15 681 414 667 652
3 16 541 956 307 866
3 17 723 79 518 128
3 18 209 643 320 606
4 5 266 1062 678 942
4 6 656 663 631 98
4 7 612 780 179 441
4 8 151 823 247 621
4 9 454 771 181 638
4 10 378 253 784 573
4 11 480 484 632 653
4 13 192 531 798 1093
4 14 196 975 577 99
4 15 410 578 721 410
4 17 459 794 760 1173
4 18 316 1201 274 489
5 6 585 672 151 929
5 8 128 632 446 329
5 10 608 835 577 821
5 11 224 653 288 374
5 12 568 762 121 897
5 15 259 484 831 690
5 17 194 593 211 620
5 18 493 145 689 719
6 7 72 127 476 504
6 8 644 160 430 602
6 9 1110 147 699 657
6 10 684 582 703 652
6 11 695 611 408 672
6 12 20 263 273 356
6 14 617 644 556 140
6 15 838 395 919 468
6 16 548 935 707 224
6 17 625 140 361 1213
7 9 1063 163 326 328
7 11 623 731 573 338
7 12 63 137 624 235
7 14 593 696 574 364
7 15 771 504 802 46
7 16 483 1050 338 327
7 17 553 112 670 753
7 18 518 832 392 54
8 10 520 727 584 645
8 13 269 445 750 649
8 15 276 483 622 452
8 16 159 1032 276 403
8 17 315 51 513 774
9 10 669 648 672 445
9 12 1090 260 733 532
9 13 264 346 618 473
9 14 564 533 481 540
9 15 525 378 553 313
9 16 647 925 13 433
9 17 750 59 739 578
9 18 705 676 102 337
10 11 832 231 295 451
10 14 186 741 212 514
10 16 611 508 667 500
10 18 163 970 582 134
11 13 570 278 736 459
11 15 222 254 553 324
11 16 226 335 585 447
11 17 70 675 173 565
11 18 714 777 528 345
12 13 828 586 953 928
12 14 598 771 402 236
12 15 821 629 770 227
12 16 531 1178 737 288
12 17 611 201 92 986
12 18 509 877 698 267
13 14 315 463 552 998
13 16 428 595 606 900
13 18 456 682 526 668
14 15 604 401 372 328
14 16 431 666 479 124
14 17 614 586 353 1082
14 18 142 229 402 416
15 16 292 548 543 284
15 17 270 433 710 772
15 18 707 625 452 98
16 17 184 981 741 993
