21 3
0 9 565 872 484
0 15 736 874 272
0 19 333 681 487
0 20 667 636 216
1 14 170 450 222
1 16 293 258 291
2 3 613 366 33
2 4 508 678 216
2 5 316 628 409
2 18 845 691 286
2 19 363 149 273
2 20 601 26 621
3 5 636 262 390
3 9 61 556 602
3 14 782 408 451
3 19 326 382 242
4 10 510 574 732
4 16 445 123 214
5 7 191 251 316
5 9 622 668 505
5 10 584 622 1131
5 11 308 690 582
5 14 324 326 655
5 20 381 655 665
6 7 123 465 407
6 11 177 606 1006
6 12 231 658 622
6 16 116 348 810
7 8 277 152 826
7 9 451 469 191
7 14 336 576 445
7 17 101 513 153
8 14 134 424 382
8 17 363 497 940
8 18 897 363 523
10 12 355 730 300
10 17 547 89 1038
10 19 325 13 726
11 16 191 598 282
13 17 512 673 636
13 18 704 207 305
14 19 545 757 256
15 16 677 359 750
16 17 319 448 593
16 20 664 634 476
17 18 534 518 443
