22 2
0 2 98 100
0 8 431 444
0 11 885 589
0 14 710 381
0 17 134 295
0 20 162 59
1 10 98 860
1 13 302 299
1 15 482 166
1 19 558 481
2 4 373 615
2 11 855 507
2 13 664 627
2 18 648 66
3 7 172 292
3 9 371 394
3 15 130 371
3 19 205 452
4 5 428 719
4 8 331 340
4 13 354 472
4 15 391 731
4 21 320 615
5 9 338 796
5 15 794 566
5 16 302 968
5 18 259 220
5 19 875 319
5 21 117 182
6 7 920 306
6 10 472 872
6 11 817 826
6 12 175 752
6 17 924 422
7 9 477 428
7 12 747 450
7 13 684 471
7 16 626 724
7 18 756 214
7 19 297 208
8 14 481 92
8 17 531 173
8 19 766 560
9 10 24 886
9 12 313 844
9 13 266 148
9 18 480 576
9 20 353 555
9 21 261 614
10 18 502 441
11 13 413 681
12 13 400 835
12 15 639 601
12 18 672 268
12 19 704 333
12 20 663 312
12 21 441 230
14 21 185 382
15 18 872 367
17 18 758 239
17 20 239 307
