20 3
0 1 539 260 619
0 3 875 678 897
0 4 570 812 639
0 10 789 236 454
0 11 715 174 161
0 15 602 410 619
0 16 780 709 733
1 3 565 426 929
1 4 606 581 555
1 6 599 410 959
1 11 509 281 688
1 14 379 180 980
1 16 257 449 252
1 19 131 227 366
2 3 863 302 700
2 6 487 299 421
2 10 765 728 264
2 11 689 450 358
2 15 502 434 579
2 17 653 240 402
3 10 114 748 476
3 15 553 342 922
4 5 734 236 163
4 8 206 517 663
4 17 181 875 688
4 19 736 680 224
5 6 726 372 569
5 7 498 234 685
5 8 911 364 814
5 9 224 62 349
6 7 482 251 660
6 9 553 339 222
6 10 343 732 454
6 11 275 617 685
6 15 122 326 955
6 19 729 625 621
7 11 254 442 307
7 12 366 490 136
7 16 433 270 535
7 18 561 329 674
8 17 38 371 717
8 19 895 494 449
9 12 248 431 477
9 14 462 472 293
9 16 458 283 731
9 18 370 433 121
10 12 584 914 325
10 16 683 737 469
10 17 365 645 531
11 18 763 644 756
12 13 495 1121 434
15 19 846 319 360
17 18 1023 495 308
