15 3
0 2 540 431 72
0 3 505 441 644
0 9 657 377 549
0 10 579 315 547
0 12 719 496 78
0 13 425 384 561
1 2 745 537 617
1 4 355 657 685
1 14 191 605 274
2 3 308 89 696
2 4 626 851 880
2 5 719 860 234
2 8 241 768 636
2 11 517 264 573
2 12 843 818 140
2 13 143 810 633
3 4 864 853 184
3 7 253 465 350
3 8 531 714 522
3 9 540 792 161
3 10 386 755 723
3 11 823 301 218
3 12 1048 778 566
4 5 503 345 819
4 6 112 733 364
4 10 580 184 860
4 14 452 248 915
5 6 439 663 961
5 7 594 411 957
5 12 492 77 269
6 8 492 540 434
6 10 662 666 658
6 13 715 681 411
6 14 402 579 753
7 8 300 413 491
7 9 344 327 510
7 10 216 336 718
7 11 604 272 567
7 14 521 260 808
8 13 328 475 29
8 14 558 592 321
9 11 288 566 58
9 12 725 312 475
9 13 356 34 558
10 13 214 198 255
11 12 613 660 468
11 13 628 571 602
11 14 754 383 788
12 13 853 345 507
12 14 475 505 455
13 14 573 240 343
