14 3
0 1 156 556 399
0 4 377 621 736
0 5 639 204 199
0 7 552 666 333
0 9 76 353 109
0 10 813 545 676
1 2 394 292 369
1 3 569 336 234
1 5 673 355 585
1 6 694 613 736
1 7 438 550 419
1 9 90 671 413
1 10 880 76 291
1 11 455 282 154
2 3 242 454 261
2 6 310 884 439
2 7 663 820 447
2 9 304 956 715
2 10 605 359 236
2 13 176 525 456
3 5 298 626 524
3 6 337 537 518
3 7 688 480 226
3 8 711 696 96
3 9 489 812 465
3 10 363 301 355
3 11 121 373 176
4 5 310 441 768
4 6 382 792 101
4 9 388 807 834
4 12 168 380 72
5 7 584 543 372
5 8 755 191 430
5 10 253 341 845
5 12 215 191 703
5 13 320 89 577
6 7 960 64 508
6 9 604 456 933
6 10 614 537 675
6 12 417 459 171
6 13 366 563 297
7 8 355 464 182
7 9 479 455 436
7 12 683 404 338
7 13 613 512 244
8 10 986 458 428
9 12 553 441 762
9 13 394 445 679
10 13 439 253 662
11 12 205 512 479
