20 3
0 1 595 154 679
0 3 732 388 437
0 5 769 674 243
0 6 750 148 645
0 7 120 247 820
0 9 507 546 115
0 10 296 228 218
0 11 145 547 348
0 12 234 235 669
0 14 749 152 150
0 16 389 414 282
0 17 386 203 87
0 18 291 332 683
0 19 210 526 804
1 2 269 764 278
1 3 304 451 294
1 4 433 269 416
1 5 323 745 684
1 6 285 302 477
1 7 702 260 690
1 8 442 847 744
1 9 396 695 566
1 10 887 274 678
1 11 721 566 862
1 12 362 190 521
1 13 805 495 316
1 14 265 188 595
1 15 233 503 522
1 17 392 262 721
1 18 310 220 349
2 3 572 313 319
2 4 598 569 256
2 5 590 23 435
2 6 550 633 250
2 8 432 88 511
2 9 180 541 393
2 10 864 490 435
2 11 752 296 606
2 12 404 920 294
2 16 684 801 636
2 17 575 875 518
2 18 343 713 198
3 4 434 286 567
3 5 37 295 529
3 6 43 368 568
3 7 851 635 797
3 8 632 396 556
3 9 691 485 338
3 10 1023 177 514
3 12 533 612 611
3 13 959 523 496
3 14 68 540 404
3 16 465 517 683
3 18 509 420 502
3 19 530 415 783
4 5 470 556 580
4 6 463 92 119
4 8 334 657 674
4 9 599 429 618
4 11 398 469 718
4 14 471 275 578
4 15 265 237 245
4 16 87 484 779
4 17 54 306 712
4 18 293 388 68
4 19 212 400 270
5 6 40 622 480
5 7 888 919 614
5 8 666 102 98
5 10 1059 472 25
5 12 568 904 491
5 13 995 713 602
5 14 65 825 137
5 15 223 508 824
5 16 500 779 203
5 17 416 862 179
5 18 542 691 563
5 19 566 465 598
6 7 868 325 230
6 8 641 721 577
6 9 678 402 552
6 10 1042 262 493
6 13 976 701 197
6 14 26 245 497
6 15 206 216 348
6 16 499 549 674
6 18 514 458 148
7 8 265 1021 711
7 9 560 701 743
7 10 186 471 633
7 11 137 789 690
7 12 342 98 186
7 14 867 95 671
7 15 665 533 372
7 16 496 520 779
7 17 503 78 783
7 18 393 477 342
8 9 340 609 227
8 10 450 573 83
8 13 363 786 690
8 14 635 927 153
8 15 449 595 919
8 16 408 870 131
8 19 124 531 695
9 10 728 531 211
9 12 356 747 580
9 13 630 987 600
9 14 661 637 99
9 15 561 193 857
9 16 685 903 349
9 17 592 623 163
9 18 308 802 576
9 19 412 80 727
10 11 216 320 191
10 12 526 439 506
10 14 1043 377 116
10 15 837 351 835
10 16 628 382 200
10 18 578 280 570
10 19 506 480 617
11 12 366 748 606
11 13 197 440 755
11 14 847 695 301
11 17 449 750 261
11 18 426 454 712
11 19 330 588 675
12 13 446 668 234
12 14 538 110 519
12 15 350 567 353
12 16 340 430 679
12 18 62 397 186
12 19 56 740 172
13 14 975 683 575
13 15 772 814 264
13 16 594 250 804
13 17 608 756 713
13 19 433 927 372
14 15 210 459 821
14 16 511 465 284
14 17 417 74 139
14 18 507 408 545
14 19 542 632 655
15 17 212 458 957
15 18 333 614 280
15 19 344 173 375
16 17 116 538 197
16 18 378 102 764
16 19 290 858 764
17 19 230 628 767
18 19 114 757 332
