13 4
0 1 393 323 506 481
0 2 528 530 752 188
0 3 680 624 264 852
0 4 622 173 200 1075
0 5 392 470 522 859
0 6 438 93 405 583
0 7 432 315 292 180
0 8 294 562 183 847
0 9 350 188 300 156
0 10 624 652 594 193
0 11 302 547 466 645
0 12 643 224 45 668
1 2 169 766 267 528
1 3 450 731 744 440
1 4 611 376 335 732
1 5 684 629 128 918
1 6 645 360 719 402
1 7 719 614 753 556
1 8 113 484 660 497
1 9 186 338 354 558
1 10 298 472 329 674
1 11 667 232 512 235
1 12 298 358 466 266
2 3 547 314 1003 815
2 4 763 672 598 991
2 5 849 206 345 676
2 6 814 591 880 486
2 7 885 268 1015 38
2 8 235 604 918 780
2 9 212 706 531 62
2 10 356 788 516 248
2 11 818 992 760 627
2 12 334 739 717 644
3 4 350 795 411 314
3 5 737 169 732 854
3 6 617 710 546 378
3 7 754 500 51 852
3 8 532 379 85 138
3 9 634 811 560 867
3 10 203 566 746 1029
3 11 824 922 517 213
3 12 242 847 290 186
4 5 487 637 328 790
4 6 341 85 553 506
4 7 489 424 418 1029
4 8 636 720 327 238
4 9 756 52 293 1051
4 10 507 788 397 1230
4 11 628 562 334 497
4 12 551 71 155 466
5 6 148 552 796 538
5 7 41 334 732 698
5 8 624 398 651 729
5 9 716 658 441 728
5 10 789 584 201 892
5 11 177 841 415 814
5 12 825 694 478 804
6 7 147 350 595 524
6 8 609 652 508 305
6 9 715 116 365 545
6 10 697 734 933 726
6 11 310 569 866 279
6 12 736 148 436 273
7 8 662 642 109 817
7 9 755 465 591 30
7 10 815 796 732 213
7 11 206 846 489 662
7 12 852 494 312 680
8 9 120 712 482 836
8 10 402 190 675 1010
8 11 583 612 467 264
8 12 407 745 206 234
9 10 481 767 603 186
9 11 652 515 623 674
9 12 476 36 289 693
10 11 835 526 299 826
10 12 44 796 549 848
11 12 865 522 430 30
