15 3
0 1 252 603 568
0 2 253 725 910
0 3 147 333 541
0 5 287 461 243
0 8 18 670 429
0 9 356 460 223
0 10 683 735 803
0 11 614 345 224
0 12 512 504 670
1 2 186 283 448
1 4 414 25 794
1 5 454 686 599
1 6 429 690 417
1 7 504 698 317
1 8 264 73 353
1 9 337 413 762
1 10 442 249 722
1 11 548 258 445
1 13 779 198 523
1 14 545 416 826
2 3 119 411 744
2 4 474 308 697
2 7 450 904 154
2 8 271 245 509
2 9 152 338 1046
2 10 583 53 561
2 11 386 421 711
2 12 273 476 583
2 13 594 379 561
2 14 433 699 1042
3 6 505 311 360
3 7 550 577 620
3 8 164 437 564
3 9 255 134 764
3 10 580 433 987
3 11 502 207 542
3 12 391 417 894
3 14 549 634 882
4 5 455 668 532
4 6 842 699 815
4 7 904 686 632
4 8 208 87 468
4 9 581 432 736
4 10 780 273 151
4 11 840 258 569
4 12 737 183 142
4 13 888 190 289
4 14 907 392 620
5 6 725 717 357
5 7 716 197 682
5 8 295 756 318
5 9 280 807 234
5 10 889 916 591
5 11 492 529 156
5 14 638 395 229
6 8 667 743 394
6 9 459 380 403
6 10 406 739 819
6 11 445 455 248
6 12 378 662 697
6 14 287 832 527
7 8 714 771 364
7 10 540 898 515
7 13 757 837 445
7 14 167 520 904
8 9 374 439 539
8 10 691 202 437
8 11 632 325 210
8 14 704 467 541
9 10 702 373 813
9 11 259 306 339
9 12 165 496 678
9 13 450 600 560
9 14 364 727 171
10 11 803 417 588
10 12 705 448 136
10 13 1145 328 285
10 14 684 664 720
11 12 116 215 459
12 13 460 312 160
12 14 206 237 590
13 14 605 432 505
