15 2
0 1 502 791
0 2 347 561
0 3 501 386
0 4 550 819
0 5 790 338
0 6 504 409
0 7 15 119
0 8 632 656
0 9 119 877
0 10 223 349
0 11 178 276
0 12 128 415
0 13 282 734
0 14 519 344
1 2 610 234
1 3 51 437
1 4 525 430
1 5 588 846
1 6 666 633
1 7 509 781
1 8 330 258
1 9 398 351
1 10 549 559
1 11 588 633
1 12 389 710
1 13 369 748
1 14 949 453
2 3 580 205
2 4 307 477
2 5 581 659
2 6 165 476
2 7 360 547
2 8 541 176
2 9 413 456
2 10 123 378
2 11 190 437
2 12 415 552
2 13 242 685
2 14 378 233
3 4 478 628
3 5 538 572
3 6 626 453
3 7 509 350
3 8 281 270
3 9 404 635
3 10 527 340
3 11 572 359
3 12 395 517
3 13 340 739
3 14 928 161
4 5 274 692
4 6 217 464
4 7 565 870
4 8 300 623
4 9 554 122
4 10 375 474
4 11 459 558
4 12 551 519
4 13 284 380
4 14 667 520
5 6 474 233
5 7 804 455
5 8 260 812
5 9 766 788
5 10 641 288
5 11 724 223
5 12 760 174
5 13 508 468
5 14 935 437
6 7 517 498
6 8 508 645
6 9 554 556
6 10 283 114
6 11 355 138
6 12 554 78
6 13 324 331
6 14 463 294
7 8 645 612
7 9 121 914
7 10 237 420
7 11 188 361
7 12 130 517
7 13 296 829
7 14 523 361
8 9 576 577
8 10 550 541
8 11 623 590
8 12 569 720
8 13 367 860
8 14 918 375
9 10 296 545
9 11 277 631
9 12 9 618
9 13 270 503
9 14 634 554
10 11 84 87
10 12 299 181
10 13 195 426
10 14 401 181
11 12 283 172
11 13 259 469
11 14 368 215
12 13 267 322
12 14 641 360
13 14 592 582
