24 2
0 2 664 304
0 8 355 769
0 12 264 453
0 13 197 523
0 16 117 818
0 18 319 153
0 21 362 181
1 5 629 1034
1 11 565 960
1 12 484 432
1 19 435 886
1 22 511 597
2 3 200 665
2 4 180 777
2 7 367 445
2 12 442 406
2 14 272 420
2 18 550 359
3 6 41 1014
3 12 507 533
3 14 276 804
3 18 461 1004
3 22 720 716
4 7 189 491
4 13 526 940
4 23 486 508
5 6 274 151
5 9 665 407
5 10 644 346
5 13 648 781
5 14 242 401
5 19 276 222
5 23 491 909
6 7 277 655
6 9 830 308
6 10 705 205
6 14 248 250
6 16 534 918
6 21 792 79
7 19 194 625
7 23 402 114
8 11 237 982
8 19 611 916
8 22 260 582
9 13 504 391
9 15 693 321
9 22 190 54
10 12 323 324
10 15 546 221
10 19 627 207
11 17 509 662
11 22 362 424
12 13 391 540
12 18 381 598
12 22 246 338
13 14 421 629
13 18 192 551
13 19 544 739
13 23 312 598
14 19 179 201
14 22 445 284
16 17 225 344
16 21 369 850
16 22 173 651
17 23 257 162
18 20 276 669
19 21 736 64
20 22 571 389
