10 4
0 1 980 810 314 188
0 2 754 394 588 587
0 3 981 564 754 928
0 4 639 97 466 624
0 6 537 1029 1053 884
0 7 432 859 1061 909
0 8 570 331 778 198
0 9 304 948 1096 305
1 2 633 441 409 399
1 3 58 347 469 845
1 4 683 810 234 441
1 5 486 660 335 958
1 6 704 306 742 709
1 7 553 524 747 870
1 8 680 480 465 48
2 3 589 336 304 838
2 4 937 375 180 165
2 6 221 707 663 421
2 8 185 122 477 403
2 9 853 648 710 484
3 5 446 367 474 117
3 6 674 475 360 599
3 7 561 730 402 222
3 8 648 274 210 798
3 9 877 388 407 1104
4 5 815 285 447 795
4 6 822 1050 638 283
4 7 393 800 664 816
4 9 352 976 683 597
5 6 260 842 569 692
5 8 226 211 323 911
5 9 777 755 598 1218
6 7 429 812 71 790
7 8 437 632 283 822
7 9 338 818 63 1135
8 9 694 636 319 313
