20 2
0 2 1005 630
0 3 728 684
0 5 318 434
0 6 483 104
0 8 711 271
0 9 673 530
0 12 622 202
0 17 793 291
0 18 513 602
1 4 336 614
1 5 291 307
1 6 552 476
1 13 224 704
1 14 572 422
1 17 793 456
2 4 959 773
2 5 729 858
2 6 821 658
2 9 432 719
2 11 604 528
2 14 749 505
2 16 1168 71
2 18 892 413
2 19 284 390
3 4 948 726
3 5 646 385
3 6 300 592
3 8 35 574
3 10 487 517
3 13 742 818
4 5 303 409
4 10 623 664
4 12 679 344
4 14 794 875
4 15 450 98
4 16 653 773
4 17 754 425
4 18 124 713
4 19 684 485
5 8 644 216
5 11 374 779
5 13 457 513
6 9 390 437
6 11 240 452
6 13 461 229
6 14 73 721
6 15 353 225
6 17 663 292
6 18 847 560
7 8 639 753
7 9 405 853
7 12 260 364
7 13 765 555
7 18 464 685
8 9 248 430
8 11 270 624
8 13 719 306
8 19 665 474
9 10 494 447
9 11 197 813
9 12 146 503
9 15 423 659
10 11 298 607
10 13 255 700
10 14 253 282
10 17 703 249
10 19 749 183
11 13 535 385
11 14 182 887
11 16 585 569
11 18 692 729
12 13 709 355
12 14 392 616
13 15 354 7
13 16 95 781
13 17 896 452
14 19 684 407
15 16 431 782
15 17 543 452
15 18 494 765
15 19 562 529
16 18 758 348
16 19 993 355
