13 3
0 1 510 526 635
0 2 400 357 723
0 3 284 511 480
0 4 829 437 275
0 5 595 336 318
0 6 614 255 746
0 7 16 661 293
0 8 635 470 670
0 9 716 479 230
0 10 134 234 556
0 11 248 344 708
0 12 726 329 469
1 2 643 849 147
1 3 242 1002 723
1 4 846 98 362
1 5 580 845 341
1 6 354 280 762
1 7 526 463 342
1 8 364 696 72
1 9 373 402 852
1 10 641 574 739
1 11 698 280 188
1 12 410 575 233
2 3 431 468 714
2 4 454 771 449
2 5 296 56 407
2 6 498 600 694
2 7 406 1013 433
2 8 515 419 195
2 9 616 829 924
2 10 390 522 713
2 11 272 603 63
2 12 600 378 373
3 4 735 905 485
3 5 465 413 443
3 6 367 724 299
3 7 300 940 503
3 8 387 855 790
3 9 452 776 486
3 10 407 445 82
3 11 456 855 663
3 12 471 762 710
4 5 272 763 70
4 6 522 185 659
4 7 839 425 22
4 8 523 660 403
4 9 591 330 490
4 10 842 476 535
4 11 724 243 439
4 12 550 527 239
5 6 289 587 597
5 7 607 983 75
5 8 298 462 392
5 9 389 799 518
5 10 638 482 486
5 11 553 610 390
5 12 359 407 267
6 7 630 471 671
6 8 21 568 834
6 9 119 313 784
6 10 708 312 220
6 11 685 217 632
6 12 114 421 836
7 8 651 1038 382
7 9 732 184 511
7 10 121 524 552
7 11 242 649 426
7 12 742 892 217
8 9 101 877 892
8 10 729 703 808
8 11 706 420 247
8 12 93 150 231
9 10 817 345 567
9 11 802 515 900
9 12 45 728 698
10 11 156 499 658
10 12 822 561 750
11 12 798 296 398
