18 4
0 1 460 502 534 397
0 5 190 805 676 297
0 7 754 745 551 288
0 9 236 892 392 318
0 10 414 767 367 379
0 11 487 818 476 465
0 12 414 87 849 378
0 14 678 932 664 608
0 15 1003 287 528 295
0 16 235 124 143 444
1 4 655 123 945 417
1 5 272 459 450 112
1 6 489 540 872 495
1 8 133 246 633 140
1 10 746 494 324 755
1 13 644 706 448 468
1 16 512 483 625 91
2 3 318 136 328 873
2 4 299 538 374 868
2 5 720 741 221 572
2 6 687 913 351 344
2 7 43 1214 770 637
2 8 693 180 23 564
2 10 468 822 824 546
2 11 258 474 354 295
2 13 370 827 884 317
2 16 511 861 840 623
2 17 569 738 747 517
3 5 768 628 138 457
3 6 445 821 621 547
3 7 358 1140 457 277
3 9 850 203 565 660
3 11 458 350 110 927
3 13 585 692 659 896
3 14 727 688 80 822
3 15 366 619 458 620
3 17 648 774 578 764
4 5 478 385 591 364
4 8 550 360 389 555
4 10 201 397 1051 695
4 13 72 675 1071 832
4 14 782 508 676 693
4 17 323 477 896 854
5 7 741 613 593 190
5 8 267 579 212 211
5 9 391 465 699 214
5 10 512 114 699 645
5 11 484 286 220 510
5 13 442 343 786 472
5 16 280 719 815 191
5 17 156 850 688 761
6 7 730 352 989 359
6 9 930 692 973 408
6 10 899 149 958 291
6 11 665 516 591 509
6 14 347 339 633 701
6 16 727 593 820 542
6 17 622 795 795 372
7 8 726 1034 772 401
7 9 647 1033 226 383
7 12 905 666 664 611
7 13 370 905 379 621
7 16 519 622 612 375
8 9 614 261 838 129
8 10 666 652 833 798
8 12 215 745 334 439
8 13 549 717 896 350
9 11 404 180 487 303
9 15 1069 622 782 604
10 11 262 388 484 779
10 12 747 729 819 658
10 14 911 197 641 987
10 15 994 515 767 118
10 16 236 669 388 815
11 14 749 338 189 463
11 17 328 806 472 789
12 13 660 1111 921 153
12 14 312 904 188 550
12 15 815 291 597 542
13 16 170 1053 289 421
13 17 294 1152 188 796
15 16 865 245 661 739
15 17 788 318 616 179
16 17 149 272 166 914
