14 3
0 1 992 665 541
0 2 203 274 591
0 3 695 269 207
0 4 358 210 826
0 5 717 335 143
0 6 290 651 711
0 7 697 110 551
0 8 820 609 383
0 9 292 441 140
0 10 1128 277 258
0 11 662 394 642
0 12 431 138 682
0 13 755 696 210
1 2 878 855 506
1 3 391 645 352
1 4 920 667 400
1 5 291 499 401
1 6 767 721 464
1 7 426 565 181
1 8 172 1037 167
1 9 703 298 657
1 10 256 770 338
1 11 388 287 134
1 12 577 765 141
1 13 341 621 709
2 3 650 238 561
2 4 174 470 902
2 5 630 607 497
2 6 114 564 953
2 7 663 319 671
2 8 709 357 519
2 9 254 576 727
2 10 979 503 372
2 11 606 568 631
2 12 382 330 566
2 13 600 664 799
3 4 758 469 620
3 5 141 526 105
3 6 561 385 525
3 7 44 220 344
3 8 269 417 186
3 9 411 353 307
3 10 624 546 192
3 11 51 364 440
3 12 271 398 492
3 13 428 452 358
4 5 710 202 712
4 6 203 836 248
4 7 779 258 282
4 8 759 817 473
4 9 401 527 900
4 10 975 108 702
4 11 710 453 271
4 12 508 163 355
4 13 603 859 927
5 6 528 840 629
5 7 184 312 431
5 8 138 924 250
5 9 424 440 274
5 10 499 287 131
5 11 112 354 508
5 12 290 353 542
5 13 291 827 338
6 7 580 578 285
6 8 599 457 446
6 9 203 464 751
6 10 865 923 665
6 11 515 538 381
6 12 306 783 494
6 13 486 150 762
7 8 311 613 193
7 9 419 331 638
7 10 663 349 423
7 11 88 287 142
7 12 281 242 248
7 13 471 606 675
8 9 532 739 493
8 10 361 859 230
8 11 249 771 259
8 12 409 686 307
8 13 226 603 542
9 10 857 634 396
9 11 374 88 746
9 12 141 568 798
9 13 501 407 72
10 11 609 561 464
10 12 752 173 471
10 13 379 955 464
11 12 233 511 114
11 13 386 492 790
12 13 426 833 849
