20 2
0 4 419 71
0 6 424 625
0 7 422 713
0 8 332 378
0 10 382 628
0 11 410 1003
0 12 517 364
0 13 266 497
0 14 470 984
0 18 501 112
1 6 458 207
1 7 513 526
1 8 419 217
1 10 382 336
1 11 373 592
1 12 611 409
1 14 404 567
1 15 383 96
1 16 297 288
1 17 361 227
1 18 510 414
2 4 584 212
2 6 329 588
2 9 200 441
2 10 457 513
2 11 954 937
2 13 551 332
2 14 704 933
2 15 448 411
3 5 744 837
3 7 161 134
3 9 512 141
3 11 615 755
3 12 495 353
3 13 664 218
3 15 707 522
3 16 760 369
4 7 124 765
4 8 167 439
4 11 581 1073
4 12 521 404
4 15 710 535
4 16 733 430
4 18 797 141
5 6 904 566
5 7 617 805
5 8 543 223
5 10 820 666
5 11 129 953
5 12 1016 512
5 17 368 405
5 19 561 557
6 7 750 510
6 8 686 376
6 13 273 508
6 15 127 177
6 16 730 410
6 17 736 375
6 18 123 620
6 19 778 401
7 14 892 667
7 15 759 435
8 9 562 661
8 10 687 553
8 11 414 754
8 14 803 711
8 17 177 376
8 19 94 349
9 11 784 681
9 13 353 112
9 16 749 238
9 18 303 677
10 11 755 470
10 12 460 378
10 13 162 280
10 15 8 240
10 17 704 298
10 18 129 673
10 19 781 686
11 12 906 838
11 18 883 1006
12 13 537 144
12 14 705 850
12 15 452 371
12 16 908 131
12 19 683 830
13 15 165 363
13 18 290 581
15 17 703 199
15 19 778 489
16 18 753 441
16 19 634 711
17 19 200 649
