20 3
0 2 163 152 402
0 3 606 584 537
0 4 323 209 715
0 5 314 446 842
0 8 242 443 1017
0 10 404 383 406
0 11 614 24 165
0 12 522 378 458
0 17 343 161 276
0 18 413 431 581
0 19 582 394 786
1 2 425 844 408
1 3 799 551 535
1 4 420 514 569
1 5 552 1042 777
1 6 309 283 478
1 7 365 712 659
1 8 460 550 821
1 10 107 866 359
1 11 817 672 185
1 14 458 523 247
1 15 230 747 290
1 16 656 572 803
1 19 786 1061 619
2 4 243 347 473
2 5 151 380 457
2 6 329 563 201
2 7 77 176 576
2 8 337 537 901
2 9 464 216 118
2 11 453 172 534
2 16 406 272 497
3 4 389 572 462
3 5 300 677 345
3 8 765 807 915
3 12 414 515 520
3 14 374 352 519
3 17 867 745 536
3 18 661 863 763
4 6 493 233 288
4 8 555 271 458
4 9 258 130 362
4 10 493 541 380
4 14 57 240 731
4 17 660 290 511
5 11 303 468 944
5 16 486 545 46
5 18 424 263 864
6 9 749 353 83
6 15 529 657 608
6 16 362 291 331
6 17 217 521 454
6 19 750 792 412
7 10 470 290 485
7 11 529 110 844
7 13 216 153 206
7 14 333 212 832
7 15 505 584 894
7 16 384 174 399
7 17 387 236 598
7 18 381 405 556
7 19 497 350 81
8 13 150 675 562
8 15 671 960 1104
8 18 295 824 527
8 19 733 814 331
9 13 716 320 258
9 15 587 701 537
9 17 904 172 428
9 18 801 507 638
10 11 900 399 512
10 12 587 636 340
10 13 410 182 284
10 14 523 359 403
10 15 187 421 466
10 17 615 499 351
10 19 870 331 490
11 13 743 254 706
11 14 401 233 212
11 15 830 664 211
11 18 645 454 496
12 14 151 280 491
12 15 452 684 545
12 16 852 255 652
12 17 863 476 197
12 18 815 808 244
13 14 517 323 657
13 18 412 304 546
14 16 702 179 871
14 17 717 400 317
14 18 667 611 626
14 19 374 546 809
15 19 802 752 869
16 18 119 553 871
16 19 713 512 472
17 18 335 392 315
17 19 834 392 553
18 19 623 95 482
