18 3
0 1 406 591 635
0 3 459 114 492
0 4 307 15 610
0 5 656 656 113
0 6 521 633 682
0 7 826 548 523
0 9 975 377 298
0 11 618 439 1016
0 13 503 527 890
0 17 559 628 1184
1 2 102 761 477
1 3 182 694 268
1 5 349 418 583
1 6 259 298 624
1 8 624 169 130
1 11 303 525 610
1 12 286 521 510
1 13 193 205 266
1 14 360 673 329
1 15 433 246 266
1 16 393 566 352
1 17 152 64 742
2 3 179 351 313
2 5 435 631 780
2 6 258 669 234
2 7 517 459 491
2 8 579 605 589
2 11 332 752 265
2 12 364 596 67
2 13 271 615 482
2 14 321 112 451
2 15 373 897 575
2 17 249 814 434
3 4 193 100 318
3 5 509 768 488
3 6 80 747 381
3 9 528 476 213
3 11 159 458 542
3 14 500 260 152
3 15 547 903 264
3 16 254 874 96
3 17 226 726 705
4 5 616 671 544
4 7 638 563 780
4 8 424 434 116
4 9 718 386 447
4 10 39 537 754
4 11 334 435 700
4 12 448 277 588
4 13 454 541 331
4 14 435 217 340
4 15 443 806 230
4 17 385 637 831
5 6 571 124 736
5 8 956 410 659
5 9 644 464 326
5 10 655 460 598
5 11 563 837 1027
5 12 422 759 758
5 14 471 600 337
5 15 582 365 318
5 16 742 152 434
5 17 304 478 1192
6 7 466 274 280
6 8 387 317 751
6 10 245 347 261
6 11 105 751 461
6 12 258 691 168
6 14 578 618 460
6 15 621 256 626
6 16 241 269 350
6 17 273 356 617
7 8 819 441 869
7 9 285 476 364
7 12 209 715 428
7 15 826 531 632
7 16 703 229 391
7 17 268 578 897
8 9 738 64 552
8 10 397 118 843
8 12 614 388 628
8 13 815 186 253
8 14 859 511 446
8 15 858 385 346
8 17 660 212 799
9 10 738 150 343
9 12 302 324 434
9 13 633 245 650
9 14 941 487 107
9 15 1021 446 270
9 16 723 612 127
9 17 451 251 887
10 12 476 439 404
10 13 493 233 861
10 14 462 628 437
10 15 463 328 610
10 16 120 612 365
10 17 420 101 876
11 12 186 158 317
11 13 454 620 486
11 14 650 641 691
11 16 337 984 597
11 17 260 514 169
12 13 357 562 540
12 15 719 763 578
13 14 350 546 559
13 15 454 283 531
13 16 586 381 540
14 16 583 675 112
14 17 491 723 856
15 16 581 476 277
15 17 576 263 938
16 17 478 625 764
