17 3
0 1 577 407 438
0 2 562 818 520
0 3 706 209 426
0 4 732 485 372
0 5 756 773 247
0 6 550 711 310
0 7 544 938 468
0 8 1064 177 245
0 9 704 842 514
0 10 1055 627 449
0 11 459 252 352
0 12 183 829 354
0 13 551 742 421
0 14 785 906 180
0 15 430 612 571
0 16 995 730 482
1 2 23 621 685
1 3 197 366 826
1 4 738 466 798
1 5 270 541 467
1 6 128 734 139
1 7 375 650 124
1 8 857 230 269
1 9 414 971 82
1 10 692 464 783
1 11 370 541 765
1 12 426 629 775
1 13 831 820 415
1 14 830 799 259
1 15 149 452 460
1 16 732 731 862
2 3 220 619 834
2 4 748 370 519
2 5 292 94 764
2 6 141 399 645
2 7 385 221 606
2 8 876 704 440
2 9 431 676 712
2 10 714 190 283
2 11 375 728 753
2 12 415 13 491
2 13 831 517 284
2 14 839 231 565
2 15 132 205 363
2 16 752 363 408
3 4 655 276 369
3 5 73 584 392
3 6 157 510 687
3 7 319 760 882
3 8 695 199 671
3 9 277 674 907
3 10 502 430 621
3 11 359 178 82
3 12 532 632 384
3 13 829 554 829
3 14 748 697 578
3 15 316 415 985
3 16 562 525 558
4 5 628 362 538
4 6 611 270 678
4 7 363 551 801
4 8 394 425 554
4 9 390 512 868
4 10 558 200 264
4 11 389 358 304
4 12 600 383 30
4 13 352 355 617
4 14 93 422 548
4 15 712 189 770
4 16 404 273 190
5 6 213 452 333
5 7 318 189 551
5 8 633 645 413
5 9 239 736 549
5 10 429 163 681
5 11 374 711 354
5 12 577 97 530
5 13 831 571 627
5 14 720 322 269
5 15 383 175 761
5 16 498 420 691
6 7 248 620 222
6 8 740 685 206
6 9 294 286 221
6 10 601 346 696
6 11 252 514 627
6 12 377 408 657
6 13 723 120 408
6 14 702 286 131
6 15 178 347 498
6 16 620 40 761
7 8 555 795 247
7 9 163 897 109
7 10 512 351 744
7 11 85 896 814
7 12 365 213 775
7 13 513 738 324
7 14 455 423 305
7 15 362 363 344
7 16 462 584 837
8 9 446 870 324
8 10 297 518 514
8 11 627 345 597
8 12 900 715 528
8 13 745 743 222
8 14 420 830 151
8 15 899 503 348
8 16 140 694 596
9 10 352 629 835
9 11 248 599 845
9 12 523 685 844
9 13 631 168 432
9 14 482 512 337
9 15 456 629 449
9 16 330 316 921
10 11 597 549 548
10 12 874 202 241
10 13 889 461 475
10 14 622 335 578
10 15 778 15 604
10 16 177 324 125
11 12 281 740 316
11 13 474 518 749
11 14 475 755 511
11 15 324 536 905
11 16 542 541 494
12 13 505 526 588
12 14 666 232 527
12 15 290 217 740
12 16 822 372 179
13 14 340 380 372
13 15 742 461 157
13 16 749 154 588
14 15 798 347 496
14 16 457 246 635
15 16 787 327 724
