25 4
0 1 869 207 385 915
0 4 577 595 536 523
0 6 875 126 309 538
0 8 953 577 750 558
0 12 440 612 872 411
0 20 559 651 157 661
0 24 971 849 288 545
1 2 333 719 593 381
1 4 294 715 184 517
1 8 89 721 536 359
1 10 218 233 260 444
1 11 76 1036 415 295
1 13 344 489 461 829
2 11 404 487 807 420
2 20 198 226 594 185
2 21 547 561 779 336
2 22 81 591 614 37
2 24 395 479 758 40
3 8 532 205 739 399
3 19 545 102 611 196
3 20 134 798 136 554
3 21 365 455 194 708
4 5 133 339 399 565
4 11 352 697 578 647
4 16 552 809 636 317
4 19 205 187 524 461
4 24 397 739 378 212
5 10 99 183 424 622
5 22 202 296 511 525
6 7 913 25 567 389
6 21 1204 760 270 220
6 22 755 60 462 259
7 13 388 445 139 672
7 17 644 724 701 628
7 21 388 754 353 263
7 22 158 60 115 250
7 24 470 977 557 231
8 10 305 490 399 152
8 15 872 635 349 685
8 20 565 627 611 156
9 14 37 412 694 796
9 18 530 496 675 797
9 20 229 654 221 411
9 21 375 235 329 376
9 24 511 597 540 418
10 18 158 440 325 607
10 21 739 620 378 461
10 22 259 168 296 154
10 24 340 899 372 164
11 13 397 792 207 873
11 17 476 279 511 635
11 22 431 899 273 452
12 13 416 748 909 436
12 15 869 557 409 818
12 16 597 359 809 597
12 20 675 91 797 380
12 22 644 679 889 216
13 17 256 513 578 411
13 19 155 70 569 599
13 21 654 474 219 565
14 16 590 845 726 352
14 24 503 261 312 523
15 19 698 556 445 915
15 21 72 662 486 469
15 23 633 682 348 818
16 20 417 438 581 218
16 23 528 784 849 472
17 20 566 307 474 561
17 21 879 113 463 689
18 21 821 310 703 430
19 23 124 291 739 122
21 22 501 700 278 309
22 24 387 918 454 19
23 24 465 627 529 156
