24 3
0 5 482 877 102
0 9 628 944 927
0 15 356 507 492
0 23 611 763 569
1 3 248 565 364
1 8 459 507 549
1 9 530 627 835
1 12 498 908 338
1 22 99 366 539
2 3 571 438 143
2 4 752 476 241
2 12 787 579 462
2 22 224 273 626
3 6 414 534 904
3 9 742 691 789
3 20 511 422 786
3 21 100 565 712
3 23 491 716 208
4 7 1047 251 57
4 11 603 311 722
4 13 789 374 105
4 20 582 792 827
4 22 528 397 689
5 10 780 195 227
5 11 744 693 1040
5 13 558 547 528
5 20 463 794 1160
5 21 1067 584 1025
6 9 725 664 424
6 13 588 468 910
6 16 742 702 479
6 17 516 391 872
6 22 572 358 750
7 8 947 198 221
7 15 668 453 739
7 16 710 505 599
7 17 179 561 730
7 22 886 231 745
8 11 597 317 814
8 13 750 76 249
9 12 837 832 504
9 14 643 854 359
9 15 405 670 609
9 21 801 225 227
9 23 310 372 831
10 12 735 703 717
10 16 149 526 475
10 23 87 806 632
11 21 487 113 141
12 16 836 233 363
12 18 676 245 296
12 19 622 597 446
12 20 394 318 344
13 18 463 536 540
13 19 638 610 374
13 21 708 168 672
13 23 283 460 156
14 17 489 242 453
14 18 487 610 167
14 21 461 636 354
15 16 393 269 398
15 20 273 439 921
15 21 436 535 731
16 18 642 241 170
19 21 940 706 529
19 23 845 984 509
21 23 527 537 699
