24 4
0 3 236 682 144 203
0 17 487 920 408 224
1 2 829 353 602 541
1 3 95 265 29 630
1 5 437 643 411 177
1 6 297 187 321 571
1 8 233 361 551 186
1 9 396 574 508 148
1 21 823 261 380 794
1 22 321 174 603 431
2 18 764 777 297 654
3 5 366 452 431 467
3 8 156 239 523 470
3 19 706 589 495 157
3 22 261 357 613 201
3 23 102 211 569 150
4 11 182 365 598 540
4 13 1073 677 383 616
4 17 208 772 473 430
4 21 324 298 245 485
4 23 809 478 89 476
5 8 399 287 833 140
5 10 779 970 752 416
5 12 833 696 589 143
5 17 777 144 773 397
5 20 934 495 873 401
5 23 327 460 880 535
6 10 479 482 502 227
6 12 639 517 185 537
6 14 726 553 295 604
7 10 595 80 831 515
7 16 238 584 110 636
7 19 106 471 800 533
7 22 560 404 1135 542
8 12 700 573 413 276
8 19 633 499 683 515
8 21 607 568 652 663
8 23 85 174 926 571
9 23 243 477 192 700
10 15 111 492 170 579
10 19 669 515 178 53
10 21 111 206 65 203
10 22 421 410 304 183
11 13 1031 762 352 328
12 13 1012 419 144 337
12 15 335 940 162 376
12 16 739 1106 435 394
12 19 556 359 392 521
13 14 1071 672 38 591
13 23 276 208 455 531
14 15 516 143 159 170
14 19 480 836 407 433
14 20 309 212 457 477
15 17 180 516 166 602
15 20 249 241 343 637
15 23 679 374 391 670
16 23 659 550 956 377
17 19 605 670 260 89
17 21 176 737 230 232
18 22 130 612 469 369
19 22 666 240 401 235
19 23 616 385 299 75
20 23 806 414 63 151
21 22 503 248 362 381
