19 4
0 1 804 352 766 744
0 2 637 482 193 243
0 4 696 308 606 485
0 6 87 323 254 570
0 10 831 243 480 846
0 11 467 420 584 465
0 12 767 854 358 658
0 14 819 614 521 671
1 2 308 141 677 518
1 4 887 149 1158 601
1 7 294 270 739 762
1 9 878 345 756 562
1 10 964 548 792 419
1 11 404 364 847 822
1 14 17 273 295 98
1 15 213 254 833 298
1 16 388 103 548 564
1 17 677 600 327 206
1 18 705 169 598 630
2 4 580 210 531 466
2 6 611 654 393 411
2 7 376 395 166 590
2 10 660 654 304 703
2 13 423 251 222 635
2 15 154 384 276 229
2 16 162 183 181 716
2 17 370 740 526 360
3 7 720 322 309 707
3 9 181 426 281 587
3 10 266 610 167 824
3 16 402 208 359 844
3 17 73 589 586 465
3 18 101 251 207 953
4 5 520 403 760 120
4 8 871 355 218 378
4 10 135 448 386 448
4 11 543 220 390 235
4 13 350 106 749 632
4 16 558 47 712 345
4 17 212 601 908 407
4 18 240 183 560 451
5 6 760 345 949 179
5 9 512 508 763 82
5 10 567 641 413 367
5 12 544 599 792 260
5 13 269 508 716 514
6 7 498 377 259 460
6 10 879 509 697 292
6 11 443 726 801 527
6 12 815 939 608 94
6 17 615 173 737 131
7 9 867 148 33 200
7 10 984 289 459 560
7 11 333 349 563 131
7 14 304 526 499 754
8 9 862 169 425 353
8 11 328 417 215 557
8 13 787 402 565 561
8 16 314 367 523 55
8 17 663 324 692 517
9 10 141 223 434 409
9 11 534 247 539 277
9 13 345 245 223 590
9 16 549 257 209 316
10 12 64 1046 379 233
10 13 342 465 504 344
10 14 979 774 708 485
10 15 766 536 78 577
10 18 267 630 221 216
11 13 498 125 604 864
11 15 314 555 160 677
11 17 336 725 554 620
11 18 443 312 311 630
12 14 944 299 831 281
12 15 736 661 301 345
12 17 265 1066 830 147
12 18 248 434 445 413
13 15 479 452 491 426
13 16 505 148 47 516
14 16 405 309 323 610
14 17 694 873 441 184
15 17 502 408 582 197
16 18 452 171 255 112
17 18 169 755 386 554
