21 4
0 16 882 363 719 505
0 18 84 487 349 651
1 2 356 297 835 971
1 4 320 669 430 859
1 8 625 508 533 977
1 15 576 322 788 949
1 16 541 583 796 679
1 18 411 208 420 921
1 19 190 714 395 1102
2 7 358 110 852 454
2 13 387 95 410 802
2 17 272 331 836 857
2 18 742 337 564 448
3 9 130 133 904 489
3 10 126 594 479 445
3 14 468 586 755 946
3 18 344 421 536 628
4 5 634 400 589 394
4 20 922 367 843 447
5 14 211 268 575 443
5 15 680 637 665 780
5 16 825 506 464 200
5 17 408 347 529 358
6 10 452 441 327 156
6 11 720 369 244 419
6 17 247 321 572 443
6 18 334 207 367 510
6 20 776 324 404 501
7 8 690 629 547 100
7 9 507 663 829 450
7 10 284 215 438 654
7 14 865 299 939 472
7 17 419 356 529 483
7 18 743 447 432 61
8 12 285 302 764 571
8 13 509 446 163 513
8 16 761 275 491 507
9 11 350 648 995 351
9 17 364 313 466 420
10 15 249 456 575 667
10 16 349 541 474 431
10 19 257 543 230 778
10 20 490 687 504 493
11 16 547 594 804 172
11 17 616 690 772 162
11 19 503 1032 622 664
13 14 669 386 413 115
14 20 642 613 456 717
15 18 520 167 676 557
16 20 769 154 394 564
17 18 472 421 296 447
17 19 220 372 180 825
