23 3
0 2 687 165 602
0 5 524 872 558
0 7 876 201 228
0 11 427 544 680
0 18 701 786 356
0 21 137 809 190
1 3 622 189 100
1 5 829 701 578
1 9 914 535 852
1 15 366 729 180
1 16 211 477 722
2 6 300 405 559
2 7 343 64 611
2 10 586 428 343
2 11 723 390 851
2 13 632 790 374
2 14 277 562 272
3 5 1078 559 543
3 6 773 237 656
3 15 852 682 81
3 17 542 576 869
4 6 704 402 446
4 8 154 403 927
4 13 539 717 337
4 20 948 1115 662
5 6 466 425 566
5 11 122 686 271
5 19 610 773 551
5 22 531 937 324
6 8 761 364 680
6 19 319 405 127
6 21 550 407 200
6 22 395 631 398
7 8 929 237 865
7 12 586 497 293
7 15 136 814 892
7 19 432 302 286
7 21 741 848 166
8 12 345 494 665
9 10 410 98 528
9 22 351 927 431
10 14 456 669 124
10 16 571 776 660
10 17 686 79 781
10 21 202 655 669
10 22 350 832 99
11 14 545 699 604
11 16 680 805 899
11 21 347 718 851
12 13 332 375 606
12 22 52 796 623
13 15 597 248 673
13 21 184 273 600
14 15 127 756 840
14 16 150 108 736
14 17 295 746 856
14 20 379 461 442
14 21 541 394 758
15 19 418 850 605
16 22 396 438 578
17 18 233 747 682
19 22 170 256 459
20 22 677 846 416
