13 2
0 1 458 342
0 3 529 751
0 4 135 629
0 6 202 751
0 7 395 589
0 8 110 248
0 9 572 287
0 10 54 237
0 11 473 859
0 12 68 555
1 2 635 729
1 3 658 469
1 4 512 498
1 5 524 311
1 6 282 418
1 7 807 279
1 9 186 179
1 10 504 238
1 11 443 596
1 12 446 274
2 4 559 848
2 5 206 803
2 6 543 354
2 7 354 533
2 8 519 1089
2 9 814 840
2 10 401 915
2 11 868 572
2 12 496 601
3 4 408 330
3 5 753 341
3 6 466 463
3 7 855 512
3 10 566 706
3 11 235 134
3 12 461 200
4 5 353 192
4 7 463 688
4 8 117 450
4 9 587 661
4 10 160 695
4 12 83 307
5 6 362 598
5 7 296 532
5 8 319 328
5 9 684 469
5 11 678 421
5 12 291 202
6 8 116 819
6 10 255 570
6 11 328 581
6 12 170 411
7 8 503 692
7 9 951 320
7 10 342 394
7 11 857 644
7 12 451 387
8 9 484 460
8 10 162 442
8 11 365 746
8 12 57 501
9 11 373 774
9 12 541 452
10 11 523 833
