15 4
0 1 45 806 270 258
0 2 567 537 95 486
0 3 313 453 527 384
0 4 548 930 486 333
0 5 733 626 597 254
0 6 237 589 445 519
0 7 859 212 542 269
0 8 353 164 523 297
0 9 399 839 295 578
0 10 827 742 198 280
0 11 119 403 337 364
0 12 637 772 156 627
0 13 415 596 383 56
0 14 447 742 279 216
1 2 607 724 355 352
1 3 301 449 484 388
1 4 589 768 288 558
1 5 755 283 666 64
1 6 209 264 237 631
1 7 854 787 602 124
1 8 391 751 604 531
1 9 445 70 241 326
1 10 857 128 293 538
1 11 144 751 444 571
1 12 615 153 169 511
1 13 439 662 218 278
1 14 417 363 376 65
2 3 603 690 607 225
2 4 34 410 581 819
2 5 408 743 647 295
2 6 665 678 539 966
2 7 844 710 501 243
2 8 219 647 475 620
2 9 324 789 385 338
2 10 344 750 273 704
2 11 477 850 390 850
2 12 870 598 250 837
2 13 309 95 433 536
2 14 804 430 251 409
3 4 602 950 311 689
3 5 570 192 268 325
3 6 132 186 334 902
3 7 556 359 1043 268
3 8 409 339 1033 421
3 9 602 453 256 526
3 10 733 343 333 529
3 11 243 303 275 733
3 12 336 495 401 898
3 13 314 686 701 441
3 14 202 595 785 419
4 5 438 922 567 574
4 6 657 859 51 327
4 7 866 1077 890 599
4 8 206 1014 892 373
4 9 290 838 232 883
4 10 379 854 374 230
4 11 463 1182 447 62
4 12 878 615 331 705
4 13 317 335 469 289
4 14 803 409 661 499
5 6 690 66 580 676
5 7 501 550 1139 60
5 8 454 528 1118 504
5 9 687 271 428 326
5 10 218 161 412 528
5 11 615 479 260 594
5 12 677 372 530 575
5 13 318 714 880 286
5 14 722 527 876 114
6 7 677 534 839 724
6 8 453 505 841 681
6 9 596 269 210 911
6 10 839 161 348 549
6 11 220 487 437 267
6 12 407 328 291 504
6 13 408 648 420 463
6 14 210 469 611 566
7 8 771 63 46 488
7 9 1025 803 789 334
7 10 715 695 735 529
7 11 762 198 879 624
7 12 370 794 643 635
7 13 583 752 454 310
7 14 556 820 263 171
8 9 256 770 780 822
8 10 491 665 718 148
8 11 259 239 858 433
8 12 711 747 632 913
8 13 188 689 470 319
8 14 611 764 248 504
9 10 666 111 144 854
9 11 376 749 235 892
9 12 930 223 149 613
9 13 444 729 458 603
9 14 790 433 533 384
10 11 714 639 160 291
10 12 886 253 129 840
10 13 433 701 486 275
10 14 906 445 472 495
11 12 579 796 287 669
11 13 297 876 645 315
11 14 417 870 617 509
12 13 561 527 358 595
12 14 220 210 385 482
13 14 508 345 309 226
