19 4
0 1 252 824 393 319
0 2 506 574 359 163
0 3 137 333 786 243
0 4 356 587 188 233
0 5 348 748 220 454
0 6 68 433 694 280
0 7 377 516 477 269
0 8 241 490 421 318
0 9 733 332 407 508
0 10 368 790 326 405
0 11 231 765 223 96
0 12 308 322 64 229
0 13 594 316 332 643
0 14 489 867 826 121
0 15 708 710 640 267
0 16 633 697 570 322
0 17 410 188 361 190
0 18 503 565 540 523
1 2 678 380 209 172
1 3 282 664 975 128
1 4 532 745 407 106
1 5 310 707 612 167
1 6 202 412 923 457
1 7 601 817 571 121
1 8 482 336 495 442
1 9 755 503 377 773
1 10 336 451 673 661
1 11 108 442 196 415
1 12 498 502 339 508
1 13 348 508 77 562
1 14 705 375 1019 313
1 15 627 921 904 59
1 16 508 582 575 642
1 17 564 667 569 425
1 18 631 266 368 236
2 3 628 314 774 156
2 4 151 785 274 125
2 5 854 836 547 329
2 6 570 172 733 383
2 7 210 805 366 107
2 8 329 267 291 303
2 9 455 260 169 605
2 10 873 672 550 494
2 11 584 212 150 253
2 12 199 309 335 336
2 13 920 314 148 536
2 14 162 659 818 143
2 15 648 969 725 113
2 16 688 718 367 480
2 17 119 387 392 256
2 18 127 186 200 400
3 4 481 774 623 36
3 5 235 888 725 213
3 6 108 266 127 330
3 7 472 747 409 188
3 8 327 400 483 459
3 9 869 223 613 740
3 10 251 819 536 631
3 11 311 461 808 337
3 12 429 280 835 462
3 13 626 279 901 656
3 14 587 850 44 285
3 15 828 938 223 119
3 16 740 796 467 556
3 17 540 170 433 396
3 18 636 407 732 280
4 5 704 185 295 221
4 6 420 625 546 352
4 7 153 118 289 153
4 8 208 525 235 427
4 9 490 581 247 719
4 10 724 394 277 609
4 11 443 989 212 328
4 12 54 515 220 444
4 13 795 513 330 620
4 14 201 518 665 260
4 15 612 185 510 86
4 16 618 220 386 551
4 17 70 620 190 373
4 18 173 631 407 291
5 6 286 695 611 508
5 7 707 301 530 287
5 8 562 570 501 609
5 9 1037 676 542 933
5 10 26 281 190 822
5 11 401 1025 431 549
5 12 655 612 280 662
5 13 574 612 547 692
5 14 822 404 758 472
5 15 936 258 534 223
5 16 818 127 652 769
5 17 757 749 370 585
5 18 847 661 701 71
6 7 444 637 384 477
6 8 308 142 450 596
6 9 771 102 584 704
6 10 308 573 420 622
6 11 208 384 744 292
6 12 373 139 747 453
6 13 549 144 847 911
6 14 557 590 151 400
6 15 720 806 96 432
6 16 633 585 475 391
6 17 471 259 359 455
6 18 561 147 724 558
7 8 146 559 76 323
7 9 633 576 204 669
7 10 723 503 405 557
7 11 530 1015 422 356
7 12 135 512 505 417
7 13 901 509 500 468
7 14 115 625 453 222
7 15 765 195 402 76
7 16 765 334 134 581
7 17 211 582 166 326
7 18 300 669 341 354
8 9 689 190 134 384
8 10 578 431 402 280
8 11 428 465 348 324
8 12 156 169 443 234
8 13 804 175 424 387
8 14 261 451 527 201
8 15 764 710 457 388
8 16 736 454 153 461
8 17 278 349 167 160
8 18 381 111 288 677
9 10 1062 596 485 112
9 11 648 469 266 435
9 12 535 66 409 280
9 13 819 68 313 716
9 14 617 633 657 462
9 15 301 756 589 714
9 16 427 578 203 351
9 17 424 165 275 349
9 18 336 238 172 1004
10 11 427 829 477 340
10 12 674 546 390 178
10 13 596 549 599 634
10 14 838 126 569 351
10 15 962 531 345 602
10 16 844 176 538 310
10 17 778 722 241 238
10 18 869 487 657 893
11 12 416 521 188 164
11 13 376 526 122 685
11 14 627 790 851 163
11 15 538 1174 717 361
11 16 433 902 465 228
11 17 468 577 385 169
11 18 529 364 348 617
12 13 777 6 284 621
12 14 212 592 876 196
12 15 637 691 697 449
12 16 631 517 586 228
12 17 123 185 405 97
12 18 226 247 526 733
13 14 990 596 945 527
13 15 574 688 827 540
13 16 421 517 514 848
13 17 802 180 492 539
13 18 835 253 331 739
14 15 791 656 243 254
14 16 813 302 508 371
14 17 226 775 475 113
14 18 283 478 774 542
15 16 153 357 511 588
15 17 566 775 336 366
15 18 522 816 742 293
16 17 588 670 298 312
16 18 570 540 268 836
17 18 103 402 445 655
