19 4
0 7 89 641 259 279
0 12 185 193 634 154
17 3 205 52 835 565
17 5 496 821 117 939
17 13 777 348 725 510
17 14 544 849 694 607
17 15 388 399 130 398
17 16 62 955 393 804
18 2 130 175 215 251
18 13 354 117 50 246
6 1 450 683 441 209
6 5 414 425 129 510
6 10 185 850 214 513
6 13 494 390 64 460
8 1 631 487 377 140
8 3 884 302 427 675
8 10 487 488 419 104
8 13 113 631 296 562
8 16 180 893 266 992
9 3 678 615 767 931
9 4 607 822 401 200
11 3 567 844 708 222
11 4 649 153 416 583
11 10 912 330 604 815
11 12 152 905 438 496
