20 4
3 1 535 939 278 752
3 5 717 763 948 680
3 16 571 822 384 428
3 9 170 154 149 835
3 10 61 256 614 656
4 0 683 706 918 318
4 1 601 89 899 153
4 2 984 293 155 558
4 5 304 219 51 881
4 10 963 937 656 893
6 2 269 387 96 207
7 0 677 310 407 289
7 5 975 854 697 786
7 16 256 552 175 916
7 9 371 793 655 682
7 12 328 110 831 374
8 10 387 314 958 95
11 1 795 992 348 305
11 2 736 158 840 720
11 10 412 590 916 905
11 12 527 389 102 101
13 0 127 216 695 456
13 2 985 88 960 755
13 16 670 175 728 909
13 12 915 623 510 985
14 2 954 796 822 355
14 5 211 888 746 881
15 1 454 683 444 386
15 2 773 85 684 150
15 9 585 823 391 379
15 10 418 302 119 181
15 12 663 406 985 426
17 0 157 318 757 637
17 1 580 128 653 966
17 2 689 66 167 994
17 5 658 649 236 578
17 16 173 59 625 510
17 9 742 656 949 138
17 12 561 331 904 721
18 9 975 605 829 627
19 0 446 408 598 694
19 9 382 409 601 197
19 12 711 617 303 173
