22 4
0 10 771 611 900 113
0 11 377 792 210 890
1 14 609 620 140 116
1 16 175 981 600 364
1 19 202 349 780 537
2 5 136 845 951 219
2 6 642 73 274 955
2 12 627 623 497 464
4 6 484 947 341 66
4 9 829 293 848 737
4 10 587 920 561 90
4 14 598 188 342 620
4 15 710 904 661 400
4 19 543 639 261 901
4 20 639 795 156 428
7 10 467 731 697 160
7 14 290 361 400 134
7 20 703 344 795 227
8 6 350 288 218 440
8 11 861 621 937 654
8 16 792 846 749 522
18 3 413 283 334 148
18 9 276 580 410 961
18 10 976 300 686 580
18 14 197 78 595 825
18 17 79 140 757 917
18 19 860 180 940 284
18 20 336 202 350 734
13 15 303 317 67 871
13 16 881 618 53 309
13 21 763 874 423 725
