12 3
0 8 848 253 579
0 10 164 394 201
0 11 372 545 462
0 6 306 910 940
1 8 472 735 185
1 10 966 383 426
1 11 706 395 269
1 6 165 473 877
2 8 376 881 420
2 10 183 605 547
2 11 639 531 50
2 6 675 320 118
3 8 845 847 412
3 10 724 346 305
3 11 562 208 223
3 6 205 177 562
4 8 474 361 202
4 10 433 125 55
4 11 437 366 385
4 6 943 607 265
5 8 945 438 59
5 10 222 912 596
5 11 451 564 990
5 6 232 486 952
7 8 913 911 251
7 10 578 672 146
7 11 675 905 884
7 6 228 858 699
9 8 966 377 921
9 10 555 256 781
9 11 78 870 141
9 6 117 917 810
