12 3
1 0 159 557 973
1 3 736 576 898
1 4 972 255 768
1 5 444 764 961
1 6 625 806 506
1 8 671 513 154
1 11 990 791 131
2 0 784 642 382
2 3 742 192 227
2 4 86 889 194
2 5 220 288 636
2 6 909 829 86
2 8 972 968 705
2 11 829 872 998
9 0 653 974 328
9 3 466 473 869
9 4 628 144 308
9 5 821 724 334
9 6 377 490 373
9 8 251 711 378
9 11 512 217 473
10 0 699 54 888
10 3 769 610 346
10 4 787 122 742
10 5 650 449 89
10 6 909 81 277
10 8 397 139 935
10 11 106 834 936
7 0 869 840 832
7 3 650 494 380
7 4 270 591 125
7 5 608 933 350
7 6 259 549 421
7 8 371 792 336
7 11 182 121 762
