14 4
0 8 781 578 239 521
0 3 782 562 709 191
0 5 790 825 447 982
0 7 218 418 663 822
2 1 901 373 775 50
2 3 344 523 796 610
2 7 841 889 965 116
4 8 472 714 143 338
4 3 937 334 544 881
4 5 272 938 732 321
4 7 673 232 888 354
6 1 643 456 208 257
6 5 51 954 309 987
6 7 467 665 374 948
9 8 614 146 647 133
9 1 190 366 869 67
9 3 483 407 315 949
9 5 403 491 60 617
9 7 848 948 200 321
10 8 204 687 693 425
10 1 553 577 170 809
10 3 439 366 970 799
10 5 909 856 387 679
11 3 879 554 325 102
11 5 460 544 330 383
11 7 732 59 544 883
12 8 738 796 53 906
12 1 776 456 788 395
12 3 125 783 521 785
12 7 525 720 119 930
13 8 142 111 943 634
13 1 63 624 110 311
13 5 960 634 933 787
13 7 940 355 883 793
