15 2
1 0 858 858
1 2 285 939
1 4 952 425
1 7 398 123
1 9 290 957
1 10 869 853
1 12 208 941
3 0 254 804
3 2 755 882
3 4 495 927
3 7 352 690
3 9 658 193
3 10 841 339
3 12 518 196
5 0 247 324
5 2 421 147
5 4 279 262
5 7 420 829
5 9 264 604
5 10 332 209
6 0 703 825
6 2 223 981
6 4 409 574
6 7 826 547
6 9 500 753
8 0 790 99
8 2 174 447
8 4 107 874
8 7 995 618
8 9 314 345
8 10 90 694
8 12 697 339
11 0 714 338
11 2 817 225
11 4 495 219
11 12 281 562
13 2 394 453
13 4 268 221
13 7 629 372
13 9 225 341
13 10 613 174
14 0 881 348
14 2 484 838
14 4 944 352
14 7 735 542
14 9 969 661
14 10 639 312
14 12 324 341
