20 3
0 1 685 313 480
0 17 177 114 789
0 5 574 716 269
0 7 174 678 392
0 10 365 424 641
0 11 112 554 989
0 14 398 689 926
0 15 750 214 851
2 1 883 911 863
2 17 610 201 361
2 5 723 768 92
2 7 290 682 394
2 10 562 819 365
2 11 367 778 434
2 14 556 444 927
2 15 139 769 832
3 1 658 950 864
3 17 141 220 158
3 5 455 487 148
3 7 710 160 974
3 10 756 469 978
3 11 512 688 225
3 14 427 154 280
3 15 451 414 440
4 1 585 658 693
4 17 549 968 824
4 5 282 434 775
4 7 449 123 78
4 10 383 152 247
4 11 762 527 300
4 14 287 460 913
4 15 583 501 524
6 1 116 652 271
6 17 340 997 488
6 5 894 672 958
6 7 372 820 169
6 10 228 778 608
6 11 293 759 766
6 14 651 170 148
6 15 756 621 219
8 1 917 843 126
8 17 821 482 103
8 5 70 266 128
8 7 152 131 181
8 10 421 368 841
8 11 214 897 704
8 14 319 242 205
8 15 954 655 395
9 1 145 89 811
9 17 192 707 792
9 5 220 544 236
9 7 642 626 210
9 10 970 809 256
9 11 375 973 995
9 14 814 703 124
9 15 533 163 398
12 1 553 805 786
12 17 770 777 121
12 5 392 264 874
12 7 377 545 500
12 10 532 479 653
12 11 825 384 84
12 14 777 940 168
12 15 865 251 211
13 1 145 937 316
13 17 871 458 673
13 5 915 67 422
13 7 119 222 121
13 10 764 592 416
13 11 715 107 346
13 14 152 411 117
13 15 969 515 655
16 1 856 851 719
16 17 540 406 755
16 5 257 961 358
16 7 420 482 797
16 10 246 790 559
16 11 656 305 962
16 14 970 809 569
16 15 623 453 445
18 1 882 369 774
18 17 518 724 234
18 5 490 979 566
18 7 576 482 818
18 10 772 151 314
18 11 960 504 281
18 14 223 66 611
18 15 406 347 966
19 1 856 961 582
19 17 305 465 78
19 5 761 932 853
19 7 340 790 702
19 10 562 610 670
19 11 580 188 350
19 14 866 579 252
19 15 363 89 510
