10 4
8 0 718 713 214 897
8 9 730 449 321 88
8 3 941 359 534 116
8 6 692 661 622 938
8 7 508 779 728 939
1 0 528 663 666 449
1 9 882 166 434 823
1 3 286 576 207 706
1 6 284 764 507 578
1 7 488 538 825 90
2 0 168 699 611 952
2 9 601 393 849 951
2 3 547 829 422 691
2 6 461 411 408 977
2 7 251 327 57 503
4 0 979 351 944 326
4 9 186 936 699 519
4 3 716 699 675 263
4 6 294 802 448 825
4 7 448 575 650 582
5 0 879 117 830 227
5 9 450 645 866 547
5 3 697 215 826 176
5 6 889 643 210 954
5 7 943 673 972 862
