20 4
16 0 659 216 606 859
16 19 909 189 84 629
16 9 825 218 908 465
2 0 609 511 466 135
2 3 154 871 996 556
2 19 641 394 148 671
2 15 670 885 339 188
5 8 313 272 438 575
6 1 130 442 528 872
6 4 847 522 207 784
6 19 541 740 154 508
6 8 910 489 854 283
6 12 83 875 790 740
6 13 322 56 305 161
7 19 814 525 661 867
7 13 503 72 301 740
7 15 950 807 361 949
10 0 366 607 854 166
10 17 553 473 756 157
11 0 772 267 926 600
11 4 973 860 912 409
11 9 544 614 130 566
18 3 60 764 652 424
18 17 179 397 586 74
18 8 279 665 828 196
18 12 316 184 662 338
14 0 687 600 992 533
