14 2
0 1 965 445
0 10 764 70
0 11 524 961
0 7 232 885
2 1 92 895
2 10 131 763
2 11 539 588
2 7 451 169
3 1 534 774
3 10 131 769
3 11 796 269
3 7 280 821
4 1 591 753
4 10 283 468
4 11 540 311
4 7 991 83
5 1 175 107
5 10 945 631
5 11 782 346
5 7 216 178
6 1 955 449
6 10 88 481
6 11 582 722
6 7 877 480
8 1 66 318
8 10 656 111
8 11 320 900
8 7 591 357
9 1 77 651
9 10 255 982
9 11 411 162
9 7 198 178
12 1 235 621
12 10 551 411
12 11 195 615
12 7 924 260
13 1 320 507
13 10 280 532
13 11 152 558
13 7 302 51
