16 3
1 6 276 882 453
1 7 538 602 867
1 15 794 983 143
2 6 847 288 359
2 8 206 260 349
3 0 540 352 865
3 6 652 867 901
3 7 580 937 579
3 8 222 597 709
3 14 529 347 682
3 15 431 271 102
4 0 391 571 659
4 9 672 676 653
4 14 405 158 824
4 15 830 383 494
5 8 447 789 378
5 9 85 331 380
5 15 613 316 897
10 7 188 642 600
10 15 591 208 785
11 6 106 208 998
11 15 839 553 584
12 0 180 270 779
12 6 256 901 135
12 7 165 915 687
12 8 134 568 516
12 9 994 238 675
12 14 408 707 109
12 15 706 242 580
13 0 509 276 435
13 6 587 708 119
13 8 360 625 335
13 9 894 830 819
13 15 331 987 503
