15 4
8 0 607 163 125 503
8 7 627 829 972 873
8 14 984 760 674 969
12 2 79 562 101 866
12 3 339 740 286 131
12 5 590 802 858 207
12 6 104 386 960 300
12 7 55 669 165 818
12 9 311 787 315 377
12 13 658 449 534 306
12 14 433 361 533 796
10 0 389 282 784 346
10 1 523 871 338 404
10 3 669 496 493 108
10 5 496 502 810 992
10 6 482 141 225 235
10 7 336 733 141 136
10 9 864 960 101 982
10 11 210 689 119 868
10 13 147 967 774 354
4 0 748 915 584 373
4 1 423 692 648 420
4 2 486 990 617 544
4 5 829 436 522 965
4 6 959 717 186 264
4 9 722 737 374 789
