23 4
0 6 783 665 954 535
0 8 782 848 411 919
1 3 876 413 957 830
1 21 403 95 133 146
1 8 150 153 421 173
1 11 330 748 227 656
2 21 898 835 155 655
2 6 747 337 634 439
4 3 840 661 488 730
4 10 400 490 361 953
4 15 149 604 395 663
5 8 987 479 621 621
5 11 692 740 735 439
7 21 657 841 816 59
7 6 561 831 389 639
7 15 192 818 489 801
9 8 287 206 853 552
9 10 339 950 135 883
12 11 487 143 658 70
13 21 414 782 486 322
13 6 974 275 315 415
13 10 402 555 446 560
14 3 773 425 572 489
16 3 112 133 962 462
16 11 426 583 496 878
17 21 601 194 597 833
18 8 833 658 788 548
19 6 77 114 510 154
19 10 108 413 989 690
20 6 279 337 188 118
22 3 889 678 204 348
22 21 637 971 133 303
22 8 557 160 761 666
