18 2
0 2 471 648
0 6 63 852
0 7 563 276
0 8 317 790
0 9 365 930
0 10 156 568
0 11 866 952
1 2 162 723
1 3 475 893
1 6 381 621
1 7 348 744
1 8 882 408
1 11 437 982
4 2 162 506
4 5 180 243
4 6 162 987
4 7 576 416
4 8 680 315
4 9 856 274
4 10 608 934
4 11 471 189
4 12 227 657
4 15 720 793
16 3 624 945
16 6 899 284
16 7 830 628
16 11 644 274
16 12 163 216
16 15 682 496
17 7 174 532
17 8 876 923
17 9 276 463
17 11 626 129
17 12 322 497
17 13 169 838
14 2 573 990
14 3 657 994
14 6 800 408
14 7 400 730
14 11 943 624
14 12 941 843
14 13 808 704
14 15 531 290
