16 2
0 6 802 232
0 8 54 447
0 9 746 546
0 10 524 513
0 13 645 837
0 15 346 434
1 6 404 945
1 8 704 510
1 9 340 883
1 10 962 567
1 13 807 954
1 15 939 281
2 6 459 568
2 8 706 351
2 9 822 372
2 10 976 752
2 13 782 498
2 15 261 183
3 6 428 192
3 8 992 117
3 9 180 848
3 10 324 833
3 13 58 860
3 15 921 817
4 6 897 129
4 8 616 889
4 9 887 664
4 10 796 336
4 13 670 166
4 15 105 999
5 6 934 546
5 8 230 972
5 9 57 665
5 10 634 387
5 13 336 976
5 15 497 300
7 6 647 225
7 8 200 607
7 9 547 836
7 10 440 52
7 13 339 443
7 15 513 210
11 6 116 123
11 8 876 238
11 9 802 853
11 10 596 409
11 13 457 77
11 15 795 260
12 6 414 728
12 8 333 870
12 9 958 135
12 10 222 818
12 13 940 578
12 15 816 278
14 6 256 255
14 8 318 888
14 9 443 570
14 10 222 769
14 13 174 821
14 15 132 397
