19 4
1 0 589 349 540 617
1 2 227 873 666 994
1 9 587 231 975 362
1 18 64 588 524 212
1 14 106 233 148 628
3 0 377 543 113 425
3 17 194 945 922 192
3 7 552 933 881 937
3 18 518 213 744 219
3 14 238 304 944 719
4 0 161 121 997 883
4 17 281 877 163 744
4 2 446 318 414 287
4 9 704 154 748 644
4 18 175 923 181 419
5 17 953 192 210 936
5 2 635 539 615 934
5 7 714 575 952 275
5 9 123 181 811 62
5 18 263 661 878 160
6 0 506 704 576 616
6 17 229 625 218 986
6 2 984 510 333 968
6 7 174 793 356 855
6 9 745 896 752 321
6 14 651 875 291 578
8 0 348 143 956 770
8 2 211 952 417 142
8 7 383 422 174 946
8 9 737 917 318 874
8 18 696 439 505 729
8 14 926 305 309 383
10 0 170 843 293 527
10 17 967 610 174 108
10 2 907 586 132 806
10 7 333 410 219 604
10 9 306 108 250 696
10 18 224 84 222 84
10 14 444 811 623 887
11 0 282 272 652 541
11 17 637 457 271 784
11 7 481 451 334 379
11 18 197 339 405 243
12 0 641 835 855 238
12 2 388 257 171 762
12 9 283 398 836 543
12 14 744 980 821 288
13 17 916 636 262 288
13 2 150 890 747 117
13 14 682 661 560 228
15 0 734 653 404 851
15 17 876 202 533 198
15 2 383 963 757 555
15 7 848 617 363 88
15 9 382 412 115 329
16 0 927 632 619 797
16 17 188 201 817 200
16 2 731 953 507 661
16 7 543 344 435 115
16 9 582 579 720 87
16 18 258 167 548 564
16 14 807 673 486 754
