15 4
1 0 769 779 563 766
1 3 997 669 878 439
1 5 885 186 518 913
1 8 408 472 501 525
1 11 676 804 91 211
1 13 377 721 851 913
1 14 857 130 304 912
2 0 652 799 577 384
2 3 318 110 587 246
2 5 662 341 581 536
2 8 567 537 355 805
2 11 985 115 531 437
2 13 274 880 526 670
2 14 803 819 654 877
4 0 897 874 748 463
4 3 122 782 564 530
4 5 268 457 305 259
4 8 822 141 121 593
4 11 285 779 786 967
4 13 496 863 112 835
4 14 577 106 430 190
6 0 969 188 802 922
6 3 993 150 402 152
6 5 300 526 514 649
6 8 219 211 219 249
6 11 314 973 97 209
6 13 108 539 205 576
6 14 427 226 773 198
7 0 282 988 818 740
7 3 69 930 682 939
7 5 98 107 875 916
7 8 298 554 290 812
7 11 839 308 199 346
7 13 362 330 948 863
7 14 973 556 766 575
9 0 53 958 253 664
9 3 171 416 554 839
9 5 947 831 227 968
9 8 149 149 142 173
9 11 344 514 426 973
9 13 369 470 408 859
9 14 611 842 748 847
10 0 990 905 598 402
10 3 838 414 725 362
10 5 204 614 455 628
10 8 461 394 951 748
10 11 639 896 160 109
10 13 102 959 951 938
10 14 794 230 705 653
12 0 611 466 808 915
12 3 684 171 696 325
12 5 719 712 363 767
12 8 124 940 379 845
12 11 902 686 190 715
12 13 843 869 439 282
12 14 358 404 382 900
