15 4
3 0 779 561 609 110
3 1 306 73 748 999
3 2 626 652 336 295
3 4 382 893 621 267
3 6 956 209 194 432
3 8 54 132 529 509
3 9 142 543 533 63
3 10 398 664 288 372
3 11 79 368 980 900
3 12 270 165 345 703
3 14 950 615 62 900
13 0 889 185 956 890
13 1 450 799 200 73
13 2 998 769 302 162
13 4 692 812 880 486
13 6 461 726 403 912
13 8 298 482 537 814
13 9 429 820 366 492
13 10 299 524 185 873
13 11 269 933 56 190
13 12 890 214 889 701
13 14 268 443 620 909
5 0 439 628 809 753
5 1 972 292 61 992
5 2 796 342 775 397
5 4 97 418 967 629
5 6 707 557 590 669
5 8 633 290 279 922
5 9 528 771 661 610
5 10 502 570 460 763
5 11 58 520 520 578
5 12 492 614 524 57
5 14 408 229 147 676
7 0 593 798 102 912
7 1 735 531 93 194
7 2 306 472 990 525
7 4 698 893 674 162
7 6 524 137 928 975
7 8 318 67 607 430
7 9 362 178 791 359
7 10 505 113 128 691
7 11 937 861 493 725
7 12 776 724 744 683
7 14 627 730 543 573
