21 3
0 2 493 314 932
0 3 392 544 689
0 8 620 678 869
0 20 676 414 126
18 2 801 917 847
18 20 624 76 233
19 16 597 885 506
19 1 759 170 417
19 3 571 104 868
19 9 136 404 926
5 17 683 371 75
5 9 625 457 388
5 12 963 430 298
6 16 636 474 745
6 1 448 403 466
6 17 266 860 316
10 1 396 313 846
10 2 561 788 292
10 3 392 868 876
10 4 158 850 265
10 8 229 688 65
11 4 590 876 783
11 7 764 323 397
11 12 773 689 897
13 16 167 578 56
13 2 777 88 765
13 3 616 875 477
13 9 328 795 614
14 1 563 910 380
14 2 628 68 954
14 3 59 537 735
14 8 266 693 661
14 12 580 215 968
15 2 397 732 436
15 3 553 929 918
15 4 104 754 140
15 8 415 351 721
15 12 271 876 757
15 20 863 149 722
