15 4
0 2 617 483 172 546
0 5 164 489 895 625
0 6 846 172 85 80
0 9 391 496 644 751
0 11 156 446 157 437
0 14 117 171 825 470
1 2 958 645 240 871
1 5 623 246 303 611
1 6 725 346 929 216
1 9 819 919 616 642
1 11 531 863 996 466
1 14 429 341 448 693
3 2 57 859 659 930
3 5 503 400 493 110
3 6 955 704 462 993
3 9 570 929 651 926
3 11 661 71 914 797
3 14 355 153 638 403
4 2 300 703 463 508
4 5 268 428 748 953
4 6 867 970 681 839
4 9 999 715 126 870
4 11 948 121 253 452
4 14 998 817 318 444
7 2 497 564 885 737
7 5 233 113 364 542
7 6 421 984 66 340
7 9 913 160 473 182
7 11 970 146 652 646
7 14 387 517 632 216
8 2 424 720 258 274
8 5 514 382 670 471
8 6 760 658 612 391
8 9 874 270 900 728
8 11 772 977 468 304
8 14 751 742 415 60
10 2 164 472 856 706
10 5 824 738 554 951
10 6 453 999 827 473
10 9 766 151 654 400
10 11 751 61 348 918
10 14 484 87 108 767
12 2 126 185 791 577
12 5 544 800 285 447
12 6 179 418 827 619
12 9 524 613 556 105
12 11 392 974 942 356
12 14 214 441 443 523
13 2 338 124 72 703
13 5 842 96 182 835
13 6 883 637 537 740
13 9 992 166 764 232
13 11 392 301 510 987
13 14 538 804 709 948
