16 4
1 0 429 261 569 317
1 3 274 416 522 972
1 8 926 763 985 708
1 9 848 860 728 393
1 10 895 256 114 875
1 11 668 991 840 409
1 13 281 63 550 270
1 14 214 843 267 884
1 15 628 257 579 428
2 0 919 671 956 956
2 3 539 632 877 844
2 8 868 982 285 664
2 9 997 334 842 777
2 10 723 233 665 62
2 11 590 526 156 80
2 13 231 224 382 674
2 14 253 500 561 266
2 15 175 408 610 983
4 0 514 775 143 693
4 3 320 267 664 272
4 8 217 264 751 686
4 9 196 907 420 436
4 10 339 133 688 983
4 11 220 72 804 515
4 13 959 297 855 131
4 14 370 806 408 967
4 15 743 847 473 707
5 0 503 248 668 987
5 3 604 557 827 971
5 8 63 547 741 471
5 9 829 746 779 487
5 10 689 727 967 57
5 11 582 214 61 380
5 13 164 525 794 160
5 14 434 454 854 588
5 15 921 368 980 254
6 0 507 83 670 919
6 3 95 254 830 189
6 8 421 488 196 834
6 9 729 52 912 207
6 10 153 339 118 841
6 11 234 824 587 65
6 13 126 815 649 453
6 14 773 846 735 972
6 15 106 722 167 507
7 0 183 437 620 514
7 3 254 884 316 743
7 8 583 723 884 101
7 9 659 574 592 713
7 10 278 788 931 238
7 11 423 485 772 133
7 13 637 615 189 522
7 14 445 385 109 393
7 15 253 715 137 981
12 0 806 459 944 149
12 3 83 71 184 171
12 8 312 470 941 493
12 9 872 625 608 897
12 10 683 965 720 672
12 11 128 299 497 613
12 13 997 521 633 830
12 14 674 901 814 840
12 15 71 81 201 915
