17 3
1 0 707 624 62
1 11 89 401 969
1 4 857 240 331
1 13 456 348 943
1 14 445 193 120
2 0 737 58 498
2 11 751 539 448
2 4 941 864 909
2 13 677 523 850
3 11 413 580 199
3 13 239 519 283
3 14 228 750 565
5 4 376 208 931
5 13 533 150 648
6 0 429 514 371
6 4 491 201 496
6 13 855 462 990
7 14 200 769 860
8 11 696 475 843
8 4 177 657 454
8 13 936 259 798
8 14 60 643 725
9 0 342 381 501
9 11 709 108 472
9 4 336 919 384
9 13 74 798 186
9 14 125 829 253
10 0 132 561 841
10 11 305 438 922
10 4 917 828 612
10 13 720 715 308
12 0 457 654 563
12 11 866 552 367
12 13 576 104 832
12 14 910 456 211
15 4 578 639 845
15 13 864 111 753
15 14 925 491 211
16 0 696 188 576
16 11 688 889 674
16 4 677 975 52
16 13 377 674 757
16 14 430 635 641
