20 4
16 0 970 233 921 501
16 2 154 784 749 491
16 3 57 148 392 941
16 4 504 746 592 154
16 5 515 271 55 608
16 6 402 193 133 856
16 7 705 859 73 906
16 8 898 702 813 546
16 9 352 368 228 897
16 11 949 144 104 504
16 13 949 492 940 127
16 14 678 549 683 109
16 18 574 236 165 836
16 19 417 762 764 735
1 0 493 858 583 765
1 2 468 79 476 670
1 3 465 210 150 809
1 4 801 939 501 816
1 5 303 506 983 655
1 6 101 237 400 77
1 7 550 204 554 268
1 8 398 567 344 621
1 9 194 744 290 924
1 11 980 766 883 972
1 13 834 747 132 133
1 14 597 50 733 670
1 18 402 952 412 425
1 19 948 387 669 339
17 0 967 236 389 947
17 2 77 340 411 400
17 3 989 810 346 814
17 4 338 462 842 555
17 5 129 99 585 939
17 6 149 209 576 856
17 7 653 137 172 444
17 8 76 203 788 854
17 9 150 787 844 922
17 11 973 998 944 492
17 13 935 279 687 509
17 14 171 852 434 598
17 18 498 602 647 350
17 19 631 892 267 216
10 0 132 909 665 233
10 2 171 594 62 898
10 3 621 663 841 55
10 4 307 528 807 520
10 5 244 443 370 879
10 6 984 142 163 765
10 7 648 641 426 339
10 8 614 308 602 728
10 9 258 321 300 275
10 11 342 544 110 628
10 13 143 896 680 735
10 14 676 389 714 949
10 18 968 632 978 290
10 19 777 556 752 491
12 0 698 266 916 397
12 2 128 449 196 390
12 3 633 160 98 419
12 4 848 859 965 762
12 5 430 146 997 345
12 6 737 786 768 182
12 7 79 229 743 147
12 8 274 905 378 882
12 9 618 900 801 285
12 11 771 962 579 91
12 13 701 745 425 823
12 14 73 239 161 652
12 18 446 148 176 178
12 19 240 411 916 499
15 0 943 942 201 250
15 2 182 620 454 573
15 3 719 442 566 690
15 4 595 892 895 673
15 5 407 720 440 388
15 6 959 110 783 495
15 7 266 878 756 700
15 8 473 249 128 165
15 9 433 682 122 55
15 11 428 625 348 65
15 13 902 175 679 579
15 14 291 264 118 896
15 18 920 352 253 458
15 19 179 458 826 804
