16 3
1 3 820 221 297
1 4 468 626 714
1 10 670 202 956
1 11 104 161 53
1 12 157 980 441
1 13 531 112 885
2 3 128 855 989
2 4 334 303 265
2 11 448 255 655
2 12 450 403 545
2 13 683 445 634
6 0 203 940 248
6 3 501 922 626
6 4 125 196 314
6 10 952 285 262
6 11 702 482 354
6 12 562 991 145
6 13 764 311 229
6 15 506 526 382
7 0 349 752 159
7 4 336 300 361
7 5 206 170 70
7 12 952 555 406
7 13 965 857 633
7 15 987 406 653
8 4 528 877 244
8 5 172 994 348
8 11 575 749 940
8 12 328 947 199
8 13 831 935 129
8 15 737 480 847
9 0 435 305 984
9 3 717 413 147
9 4 116 686 690
9 5 901 197 242
9 10 406 57 100
9 12 177 170 817
9 13 716 547 620
9 15 624 980 273
14 0 280 133 146
14 3 777 437 280
14 5 423 325 933
14 10 156 959 464
14 11 853 385 94
14 13 625 703 378
14 15 815 694 692
