22 4
4 2 265 449 836 816
4 3 850 500 457 254
4 7 608 574 665 114
4 12 900 266 878 821
6 3 805 586 647 244
8 3 706 203 237 675
8 5 533 981 159 61
8 7 83 974 348 327
8 21 890 314 760 654
9 1 826 828 958 692
9 2 620 298 522 127
9 12 727 358 639 250
10 5 212 603 266 223
10 7 292 468 850 939
10 21 194 370 110 951
11 1 665 114 881 702
11 7 210 318 855 322
11 12 712 968 338 881
13 1 511 805 688 431
13 3 472 661 954 777
13 7 498 936 495 832
15 0 589 270 860 383
15 3 159 897 995 656
15 12 112 882 444 123
15 21 182 434 501 392
16 0 824 972 158 472
17 1 593 353 947 340
17 2 671 485 624 331
17 3 265 333 936 801
17 20 319 825 57 297
17 14 371 228 456 286
17 21 320 526 558 815
18 20 980 487 193 822
18 5 250 691 410 979
19 1 615 208 399 928
19 3 994 465 627 389
19 5 985 459 266 199
