19 2
16 0 103 138
16 17 479 267
16 2 183 420
16 3 773 536
16 4 507 282
16 6 514 689
16 7 546 804
16 11 939 931
1 0 984 411
1 2 909 677
1 3 863 955
1 4 627 361
1 5 756 105
1 7 838 801
1 11 280 631
1 12 640 111
18 0 713 157
18 17 201 495
18 2 696 794
18 3 869 570
18 4 688 321
18 6 489 799
18 7 899 625
18 8 317 72
18 11 649 905
9 17 239 689
9 2 672 939
9 5 370 219
9 6 393 691
9 7 629 340
9 8 209 705
9 11 512 425
9 12 222 196
10 0 656 860
10 17 116 491
10 3 489 862
10 4 595 187
10 5 130 751
10 7 992 282
10 8 442 358
13 0 389 760
13 17 505 649
13 2 153 795
13 3 68 855
13 4 185 890
13 5 524 338
14 2 54 138
14 4 505 558
14 5 521 763
14 6 590 861
14 8 217 408
14 11 326 495
14 12 978 54
15 0 638 413
15 17 316 853
15 2 762 792
15 3 135 169
15 6 824 281
15 7 871 215
15 8 477 690
15 11 593 222
15 12 361 489
