18 4
0 16 362 788 866 99
0 1 785 976 387 509
0 2 524 837 86 942
0 7 246 487 681 306
0 10 677 144 393 494
0 15 529 842 454 561
3 16 910 63 804 863
3 1 805 505 707 999
3 2 907 439 793 808
3 7 257 940 165 238
3 10 451 866 125 188
3 15 107 974 729 425
4 16 648 502 872 708
4 1 527 875 462 840
4 2 502 704 255 708
4 7 524 603 251 465
4 10 870 237 899 675
4 15 812 402 808 567
5 16 208 595 121 127
5 1 747 972 150 312
5 2 734 981 101 475
5 7 956 373 137 239
5 10 121 178 427 952
5 15 537 827 84 974
6 16 431 878 280 207
6 1 488 833 222 315
6 2 600 868 631 478
6 7 584 150 841 903
6 10 836 667 975 236
6 15 269 409 223 588
8 16 569 830 775 878
8 1 110 898 696 270
8 2 619 173 171 626
8 7 378 250 523 473
8 10 211 396 243 660
8 15 892 324 243 211
9 16 634 222 517 68
9 1 397 135 799 762
9 2 759 865 826 968
9 7 732 666 407 738
9 10 380 381 138 791
9 15 637 764 344 700
11 16 303 50 338 177
11 1 674 716 815 96
11 2 510 884 62 713
11 7 314 510 522 971
11 10 794 209 131 767
11 15 777 401 721 337
12 16 689 811 404 673
12 1 127 745 316 321
12 2 908 866 912 965
12 7 545 129 374 141
12 10 411 972 879 303
12 15 518 218 697 884
13 16 515 401 169 293
13 1 204 998 358 420
13 2 433 513 580 754
13 7 381 504 389 497
13 10 720 669 275 307
13 15 902 882 604 223
14 16 678 267 54 906
14 1 684 771 708 396
14 2 834 617 623 521
14 7 603 275 627 876
14 10 619 720 467 209
14 15 161 907 724 451
17 16 466 366 243 849
17 1 166 710 557 684
17 2 641 465 87 997
17 7 489 614 510 463
17 10 77 460 885 609
17 15 208 652 337 468
