14 3
8 0 211 715 515
8 3 470 279 739
8 4 426 211 869
8 5 544 217 626
8 6 82 491 702
8 7 598 982 682
8 9 519 723 538
8 10 865 847 859
8 12 500 446 914
8 13 801 471 759
1 0 690 169 602
1 3 485 119 172
1 4 550 972 803
1 5 803 746 183
1 6 780 342 730
1 7 457 449 244
1 9 315 699 226
1 10 942 421 682
1 12 134 784 507
1 13 219 760 486
2 0 170 634 860
2 3 317 478 811
2 4 361 767 963
2 5 976 297 232
2 6 766 89 250
2 7 709 390 716
2 9 665 640 702
2 10 462 249 513
2 12 974 783 315
2 13 894 139 208
11 0 315 447 668
11 3 226 903 958
11 4 234 877 54
11 5 188 486 142
11 6 932 463 933
11 7 549 805 927
11 9 96 992 222
11 10 672 190 461
11 12 572 909 365
11 13 461 594 293
