14 2
0 4 976 673
0 5 289 255
0 6 311 922
0 8 106 683
0 9 515 930
0 10 917 763
0 13 784 585
1 4 168 197
1 5 796 160
1 6 838 698
1 8 289 660
1 9 724 325
1 10 116 830
1 13 59 153
2 4 258 90
2 5 640 474
2 6 248 305
2 8 55 601
2 9 869 355
2 10 403 971
2 13 810 523
3 4 845 736
3 5 139 115
3 6 329 582
3 8 388 907
3 9 763 305
3 10 707 222
3 13 515 404
7 4 815 935
7 5 991 631
7 6 517 852
7 8 790 526
7 9 720 906
7 10 870 890
7 13 257 56
11 4 261 373
11 5 367 448
11 6 823 98
11 8 588 837
11 9 80 706
11 10 331 999
11 13 241 897
12 4 803 704
12 5 253 617
12 6 291 157
12 8 606 945
12 9 97 288
12 10 464 191
12 13 818 828
