19 4
0 18 730 259 645 654
1 17 930 115 484 872
1 14 971 855 956 791
4 2 861 356 636 888
4 6 294 166 141 817
4 14 459 206 562 634
5 15 105 143 54 444
16 10 913 380 890 731
16 18 488 110 308 317
16 15 668 557 503 555
7 17 124 489 618 975
7 9 273 728 179 963
8 2 659 119 626 702
8 10 733 729 896 60
8 18 552 841 73 108
11 17 502 516 287 330
11 3 748 574 753 876
11 10 57 941 382 580
12 2 531 162 241 991
12 6 853 354 156 212
12 10 743 396 660 610
13 17 838 516 101 932
13 10 853 919 352 250
13 18 104 532 307 569
13 14 320 841 426 640
