19 4
0 16 691 319 605 432
0 2 899 520 899 358
0 6 854 195 237 132
0 7 681 875 357 983
0 8 686 456 756 268
0 11 281 867 931 160
0 13 608 935 605 641
1 16 276 947 319 295
1 2 614 838 565 437
1 6 797 766 838 122
1 7 996 75 533 996
1 8 955 960 299 792
1 11 264 92 959 248
1 13 750 143 731 870
3 16 931 477 489 980
3 2 108 334 507 68
3 6 340 413 306 737
3 7 837 89 350 864
3 8 993 212 710 351
3 11 343 571 321 269
3 13 959 476 543 363
4 16 113 563 337 126
4 2 674 560 93 605
4 6 117 409 485 309
4 7 490 708 329 806
4 8 869 63 417 641
4 11 630 609 175 957
4 13 417 70 840 831
5 16 589 134 910 770
5 2 974 692 896 533
5 6 745 167 218 200
5 7 171 870 743 210
5 8 306 887 989 116
5 11 197 555 412 616
5 13 790 131 687 263
9 16 948 273 966 306
9 2 953 465 998 641
9 6 74 169 381 336
9 7 54 968 752 332
9 8 427 709 837 612
9 11 646 240 947 957
9 13 874 798 959 934
10 16 602 762 154 60
10 2 871 567 431 330
10 6 196 146 453 563
10 7 887 349 104 247
10 8 618 640 246 401
10 11 293 105 952 886
10 13 426 608 870 353
12 16 333 997 965 889
12 2 860 838 652 603
12 6 981 385 337 149
12 7 392 876 717 230
12 8 760 354 594 224
12 11 362 886 663 354
12 13 102 50 696 781
14 16 110 160 608 387
14 2 334 426 350 320
14 6 659 191 858 431
14 7 966 784 795 352
14 8 747 726 867 54
14 11 647 353 165 462
14 13 309 636 912 980
15 16 881 567 951 704
15 2 139 250 409 486
15 6 586 664 938 989
15 7 488 216 575 302
15 8 495 338 233 828
15 11 77 845 342 115
15 13 111 101 958 322
17 16 639 405 618 526
17 2 847 932 527 427
17 6 875 171 532 175
17 7 135 276 729 857
17 8 842 366 610 441
17 11 648 886 899 948
17 13 744 841 766 883
18 16 380 767 776 869
18 2 203 934 235 619
18 6 335 332 801 312
18 7 923 656 250 436
18 8 865 668 482 386
18 11 463 602 450 905
18 13 745 213 650 796
