21 4
16 0 502 782 609 728
16 1 431 977 291 910
16 2 347 93 988 707
16 7 929 182 936 787
19 7 523 440 798 346
19 9 732 899 51 759
19 11 487 110 515 131
19 15 182 711 465 922
19 18 529 308 60 318
4 0 143 585 875 924
4 1 304 587 180 114
4 2 811 889 338 77
4 5 111 968 349 208
4 7 974 66 742 476
4 11 879 528 481 748
4 17 662 376 558 258
6 0 342 162 490 803
6 1 451 167 734 897
6 9 395 720 223 440
6 10 288 661 708 693
6 11 197 302 828 832
8 0 112 306 719 487
8 3 838 382 883 893
8 15 178 376 867 726
20 1 897 318 835 434
20 2 895 774 864 690
20 10 618 989 437 371
20 11 345 80 791 821
20 17 921 333 372 209
12 1 376 982 653 412
12 5 115 55 636 358
12 10 631 575 217 857
12 13 450 263 438 735
14 1 814 211 207 665
14 2 950 784 689 315
14 3 384 512 841 380
14 11 320 629 362 349
14 15 406 781 694 763
14 18 532 962 158 155
