15 2
0 2 519 941
0 5 989 225
0 7 293 90
0 9 618 862
0 10 66 734
0 11 786 611
0 12 667 577
1 2 237 801
1 5 371 511
1 7 849 571
1 9 421 528
1 10 433 559
1 11 851 709
1 12 219 849
3 2 240 428
3 5 107 456
3 7 211 653
3 9 915 993
3 10 735 396
3 11 85 490
3 12 792 945
4 2 186 755
4 5 278 396
4 7 658 563
4 9 228 656
4 10 604 924
4 11 375 518
4 12 257 952
6 2 387 194
6 5 51 764
6 7 261 683
6 9 968 531
6 10 446 209
6 11 958 645
6 12 761 369
8 2 877 918
8 5 64 391
8 7 288 239
8 9 624 912
8 10 235 826
8 11 159 314
8 12 189 519
13 2 184 500
13 5 376 57
13 7 761 188
13 9 305 192
13 10 864 126
13 11 533 361
13 12 81 467
14 2 714 194
14 5 684 819
14 7 386 62
14 9 157 479
14 10 854 393
14 11 946 99
14 12 409 117
