17 3
0 1 508 999 190
0 2 330 232 106
0 5 840 557 914
0 7 180 259 288
0 9 996 265 84
0 10 386 616 468
0 14 844 646 496
0 15 570 878 133
16 1 522 754 367
16 2 907 689 199
16 5 653 363 804
16 7 274 674 102
16 9 51 384 488
16 10 906 434 75
16 14 505 529 557
16 15 695 749 873
3 1 443 951 553
3 2 155 496 278
3 5 209 437 452
3 7 229 619 314
3 9 280 965 160
3 10 897 783 562
3 14 100 270 130
3 15 58 528 654
4 1 729 614 721
4 2 988 690 573
4 5 853 412 785
4 7 955 276 344
4 9 297 129 193
4 10 761 838 372
4 14 866 691 952
4 15 434 876 55
6 1 272 723 666
6 2 122 227 482
6 5 295 300 527
6 7 791 490 142
6 9 110 283 732
6 10 750 381 712
6 14 403 977 731
6 15 118 728 755
8 1 735 303 760
8 2 542 809 173
8 5 383 635 213
8 7 849 104 956
8 9 619 579 374
8 10 215 991 650
8 14 242 387 411
8 15 939 287 185
11 1 319 552 372
11 2 714 350 473
11 5 156 985 115
11 7 434 711 174
11 9 780 997 538
11 10 281 834 489
11 14 697 808 788
11 15 372 611 200
12 1 232 185 454
12 2 50 870 336
12 5 902 186 130
12 7 806 992 270
12 9 968 449 235
12 10 870 571 473
12 14 640 456 368
12 15 307 563 495
13 1 165 571 74
13 2 764 780 857
13 5 847 307 297
13 7 110 660 201
13 9 287 984 729
13 10 765 83 901
13 14 878 168 713
13 15 361 817 900
