18 2
16 0 657 361
16 2 934 204
16 11 631 939
16 13 493 945
3 1 561 865
3 2 723 64
3 17 853 394
3 8 536 510
3 9 773 311
3 11 86 312
3 15 766 153
4 0 396 496
4 1 567 977
4 17 797 526
4 8 809 264
4 9 767 662
4 11 425 593
4 13 401 165
4 15 287 381
5 0 368 636
5 1 349 106
5 17 553 121
5 8 731 537
5 9 483 953
5 11 919 432
5 15 647 422
6 0 487 205
6 1 334 393
6 17 327 832
6 8 499 606
6 9 781 448
6 11 238 476
6 13 469 122
6 15 933 196
7 2 846 785
7 8 823 422
7 11 354 455
7 13 954 301
10 2 677 815
10 17 309 963
10 8 764 438
10 11 828 174
10 13 390 835
10 15 591 311
12 0 547 831
12 1 272 160
12 17 931 281
12 8 934 132
12 9 743 983
12 11 911 803
12 15 775 518
14 0 800 596
14 1 461 636
14 2 118 222
14 17 690 223
14 8 263 715
14 9 240 468
14 11 546 381
14 13 593 671
14 15 252 79
