15 4
8 0 245 891 346 185
8 2 660 648 390 580
8 3 246 267 731 927
8 6 426 609 832 621
8 9 935 761 468 144
8 10 430 155 930 885
8 11 773 381 922 913
8 14 935 231 680 771
1 2 913 828 621 168
1 4 845 140 270 405
1 5 511 459 383 547
1 6 146 531 927 593
1 7 457 773 917 933
1 10 637 449 149 158
12 0 297 675 253 709
12 3 406 90 481 675
12 4 556 696 616 707
12 5 518 679 866 425
12 6 215 947 727 761
12 7 557 444 667 455
12 10 558 798 300 383
12 11 719 88 852 841
13 2 225 472 848 721
13 4 104 976 942 163
13 5 681 391 631 546
13 6 452 654 493 316
