20 3
0 2 355 239 393
0 19 101 441 815
0 7 622 526 766
0 8 96 345 170
0 18 983 928 97
0 10 980 979 703
0 11 908 857 772
0 13 563 394 668
0 14 386 928 295
1 2 971 986 864
1 19 354 493 669
1 7 928 642 263
1 8 621 822 997
1 18 260 249 464
1 10 369 604 211
1 11 71 688 448
1 13 452 581 773
1 14 329 959 234
3 2 708 695 674
3 19 172 206 791
3 7 867 938 802
3 8 419 412 695
3 18 661 490 599
3 10 811 788 793
3 11 491 107 382
3 13 336 57 967
3 14 262 890 621
4 2 815 827 352
4 19 817 386 300
4 7 395 192 134
4 8 738 148 513
4 18 51 61 468
4 10 205 907 688
4 11 725 817 53
4 13 413 192 830
4 14 200 660 505
5 2 689 408 648
5 19 170 718 53
5 7 677 980 554
5 8 833 410 637
5 18 914 477 439
5 10 667 910 389
5 11 230 176 754
5 13 575 861 173
5 14 370 959 950
6 2 774 945 679
6 19 956 704 739
6 7 562 684 629
6 8 823 892 396
6 18 839 126 510
6 10 313 621 742
6 11 184 176 735
6 13 192 787 815
6 14 986 617 186
17 2 685 669 139
17 19 184 770 423
17 7 315 427 701
17 8 944 677 444
17 18 956 286 474
17 10 785 781 175
17 11 642 395 939
17 13 484 452 243
17 14 343 556 808
9 2 771 934 470
9 19 812 511 621
9 7 758 221 96
9 8 576 476 358
9 18 235 700 756
9 10 480 943 387
9 11 279 890 736
9 13 577 872 913
9 14 706 720 467
12 2 258 976 857
12 19 639 73 242
12 7 368 395 594
12 8 541 526 108
12 18 168 613 404
12 10 926 748 308
12 11 736 854 665
12 13 111 183 999
12 14 811 275 749
16 2 474 870 910
16 19 194 485 755
16 7 661 584 958
16 8 436 629 969
16 18 518 75 97
16 10 235 668 842
16 11 907 508 964
16 13 599 512 170
16 14 375 611 758
15 2 249 784 161
15 19 371 597 991
15 7 905 603 62
15 8 613 904 388
15 18 440 531 601
15 10 947 90 465
15 11 763 286 850
15 13 386 561 682
15 14 802 215 709
