16 4
0 1 795 184 802 887
0 4 716 287 69 85
0 5 868 635 983 991
0 6 747 825 703 446
0 7 127 397 657 824
0 8 463 59 891 708
2 3 902 538 434 609
2 5 749 120 395 859
2 6 764 157 801 315
2 11 96 805 266 703
9 3 822 162 718 780
9 4 504 872 876 297
9 5 76 634 962 232
9 6 395 835 928 913
9 7 750 732 663 146
9 8 828 118 905 445
9 11 856 770 852 270
9 15 537 305 467 206
10 5 722 996 121 342
10 6 523 448 488 779
12 1 262 142 849 127
12 6 696 292 78 637
12 7 930 739 327 801
12 8 276 729 714 155
12 15 840 736 887 621
13 1 958 834 328 711
13 3 767 868 711 190
13 4 358 549 240 869
13 5 859 192 780 586
13 11 69 705 232 732
14 3 725 679 61 451
14 4 110 123 214 169
14 6 749 644 657 66
14 7 82 492 569 774
