14 2
2 0 865 798
2 1 862 946
2 4 476 760
2 5 846 304
2 6 295 449
2 9 561 665
2 13 351 454
3 0 628 132
3 1 187 74
3 4 805 559
3 5 651 232
3 6 749 644
3 9 59 366
3 13 989 688
7 0 993 924
7 1 99 297
7 4 655 934
7 5 650 791
7 6 539 180
7 9 882 166
7 13 150 151
8 0 497 168
8 1 459 986
8 4 208 342
8 5 260 875
8 6 670 893
8 9 403 276
8 13 541 695
10 0 975 829
10 1 93 295
10 4 437 578
10 5 383 154
10 6 539 229
10 9 575 792
10 13 443 942
11 0 628 636
11 1 813 900
11 4 349 540
11 5 579 849
11 6 230 764
11 9 624 786
11 13 676 563
12 0 637 56
12 1 349 990
12 4 764 778
12 5 218 344
12 6 652 808
12 9 304 357
12 13 936 245
