15 4
2 0 452 611 648 229
2 1 277 192 393 689
2 3 860 962 785 276
2 5 491 805 764 699
2 7 656 734 262 229
2 10 648 640 627 114
2 13 932 773 903 377
2 14 976 916 451 850
4 0 930 225 905 188
4 1 669 708 482 577
4 3 827 241 151 638
4 5 409 334 240 541
4 7 957 616 483 670
4 10 447 324 54 909
4 13 858 244 385 442
4 14 845 758 315 859
6 0 649 128 900 643
6 1 317 359 586 600
6 3 784 475 582 298
6 5 110 926 193 777
6 7 731 783 227 312
6 10 500 295 925 798
6 13 201 188 862 186
6 14 509 678 139 508
8 0 146 185 376 377
8 1 560 733 718 565
8 3 626 728 358 898
8 5 627 687 646 382
8 7 659 545 926 876
8 10 779 165 292 209
8 13 152 617 966 575
8 14 241 222 495 88
9 0 485 652 978 546
9 1 793 505 580 924
9 3 602 539 704 977
9 5 730 248 778 109
9 7 183 258 423 309
9 10 909 541 583 998
9 13 422 173 208 936
9 14 630 986 529 195
11 0 401 458 791 636
11 1 520 147 558 871
11 3 580 862 543 453
11 5 214 819 98 282
11 7 879 200 450 973
11 10 309 350 251 449
11 13 766 520 320 107
11 14 534 548 395 282
12 0 712 51 357 908
12 1 235 94 157 142
12 3 331 684 818 587
12 5 103 722 231 351
12 7 672 540 647 827
12 10 315 785 887 842
12 13 377 601 431 690
12 14 687 151 943 275
