20 2
0 3 179 246
0 4 58 508
0 5 585 670
0 8 930 344
0 9 502 565
0 10 814 725
0 12 890 95
0 13 666 261
0 14 964 142
1 3 514 281
1 4 698 997
1 5 966 948
1 8 736 511
1 9 546 297
1 12 271 643
1 13 880 192
1 14 333 868
2 8 281 753
2 10 421 541
2 13 735 82
2 14 79 70
19 4 616 352
19 5 99 846
19 8 253 799
19 10 675 617
19 12 637 471
19 13 357 204
19 14 467 709
17 3 788 532
17 4 804 851
17 8 245 735
17 9 302 740
17 10 81 64
17 12 792 119
17 13 393 613
6 5 334 501
6 8 128 90
6 9 736 407
6 12 686 311
6 13 720 696
6 14 739 836
7 3 154 374
7 4 387 264
7 5 332 789
7 8 64 474
7 9 467 190
7 12 58 725
7 13 523 192
7 14 80 878
11 4 624 604
11 5 642 151
11 9 828 795
11 10 730 640
11 12 328 212
11 13 850 511
16 3 119 211
16 4 881 821
16 5 216 809
16 8 931 676
16 10 880 412
16 13 436 764
16 14 918 141
18 3 134 77
18 5 875 882
18 8 990 422
18 9 850 763
18 12 493 841
18 13 282 654
18 14 627 451
15 3 91 215
15 4 650 298
15 8 997 963
15 9 955 288
15 12 777 632
15 14 673 715
