12 3
1 0 204 451 445
1 2 488 711 794
1 3 582 812 805
1 4 627 149 466
1 5 414 972 827
6 0 412 255 662
6 2 765 944 986
6 3 330 991 953
6 4 204 301 959
6 5 84 371 413
7 0 614 237 74
7 2 82 743 652
7 3 438 571 886
7 4 925 959 922
7 5 612 571 602
8 2 766 63 926
8 3 456 237 990
8 4 919 314 985
9 0 563 121 350
9 2 549 683 877
9 3 804 911 694
9 4 591 789 830
9 5 361 723 415
10 0 693 155 946
10 2 425 491 702
10 3 828 297 109
10 4 548 90 759
11 0 506 354 501
11 2 105 644 354
11 3 137 908 385
11 4 465 332 380
11 5 763 547 952
