22 4
0 9 289 617 632 220
0 13 303 708 708 167
0 14 505 608 510 340
0 20 539 103 326 698
16 5 382 560 937 791
16 9 310 81 402 70
16 13 734 485 652 177
16 20 330 912 999 242
18 1 492 201 671 617
18 6 429 933 938 590
18 9 932 118 207 960
18 13 658 200 546 303
19 2 910 460 113 811
19 20 818 950 622 100
4 13 729 403 729 379
21 3 803 922 988 359
21 8 271 785 459 523
17 2 522 215 213 277
17 9 777 382 794 164
17 13 875 799 660 122
17 15 884 799 193 832
10 1 734 734 346 263
10 7 450 758 360 877
10 9 89 989 273 379
11 3 708 418 494 348
11 6 746 864 291 105
11 13 91 309 317 323
11 14 249 307 100 718
11 20 492 387 588 464
12 7 632 808 121 52
12 9 393 988 917 511
