17 4
6 1 605 438 70 337
6 3 476 336 984 443
6 5 533 510 434 955
6 7 388 388 418 784
6 11 799 71 153 931
8 0 741 846 700 70
8 2 561 129 891 73
8 11 466 846 472 648
9 3 933 461 247 640
10 0 768 972 553 811
10 11 717 931 606 929
12 0 274 461 439 902
12 3 122 176 957 225
12 7 626 798 864 668
12 11 992 866 174 110
13 2 744 182 921 945
13 4 620 263 797 932
13 5 191 185 695 216
13 7 537 103 819 992
13 11 182 721 549 725
14 0 170 170 189 453
14 1 483 886 279 709
14 5 330 485 684 331
14 16 349 839 404 732
14 11 287 613 658 639
15 3 648 637 629 233
15 4 273 899 672 779
