17 2
0 1 357 378
0 2 150 69
0 3 258 551
0 5 101 595
0 7 724 138
0 9 410 313
0 12 243 86
0 13 778 439
16 1 100 220
16 2 871 585
16 3 952 181
16 5 117 239
16 7 175 79
16 9 55 625
16 12 942 362
16 13 709 279
4 1 581 836
4 2 938 486
4 3 348 633
4 5 147 840
4 7 367 214
4 9 779 887
4 12 270 132
4 13 209 214
6 1 467 105
6 2 998 874
6 3 952 980
6 5 107 376
6 7 641 578
6 9 525 452
6 12 440 992
6 13 778 107
8 1 592 235
8 2 996 248
8 3 886 505
8 5 323 655
8 7 309 100
8 9 950 738
8 12 202 173
8 13 581 575
10 1 161 633
10 2 658 270
10 3 325 507
10 5 205 409
10 7 154 237
10 9 413 263
10 12 254 370
10 13 392 421
11 1 388 579
11 2 895 494
11 3 286 626
11 5 447 425
11 7 348 355
11 9 365 283
11 12 463 267
11 13 666 261
14 1 412 452
14 2 863 266
14 3 724 266
14 5 852 223
14 7 422 970
14 9 291 441
14 12 737 225
14 13 988 953
15 1 549 636
15 2 490 463
15 3 326 749
15 5 765 934
15 7 734 727
15 9 544 299
15 12 310 992
15 13 719 755
