14 2
0 3 694 211
0 5 671 246
0 6 812 735
0 7 565 454
0 8 690 751
0 9 403 740
0 10 929 648
1 3 218 512
1 5 77 343
1 6 105 233
1 7 556 54
1 8 91 344
1 9 494 144
1 10 156 485
2 3 687 379
2 5 792 104
2 6 793 62
2 7 434 568
2 8 96 600
2 9 850 560
2 10 747 784
4 3 579 587
4 5 862 561
4 6 250 327
4 7 703 975
4 8 763 749
4 9 585 235
4 10 190 285
11 3 196 806
11 5 328 111
11 6 358 504
11 7 491 565
11 8 630 218
11 9 625 785
11 10 239 76
12 3 845 423
12 5 163 991
12 6 218 524
12 7 569 442
12 8 228 602
12 9 948 133
12 10 725 600
13 3 468 435
13 5 451 391
13 6 955 390
13 7 413 864
13 8 909 643
13 9 891 210
13 10 584 957
