25 4
1 8 383 603 283 521
1 16 278 194 914 898
1 17 566 935 249 124
1 18 349 869 229 864
1 21 408 933 610 718
2 0 840 586 448 314
2 3 394 957 236 243
5 0 84 818 536 617
5 8 911 845 984 536
5 14 792 421 336 910
5 18 446 797 747 956
5 19 113 345 252 541
5 21 580 995 597 111
5 22 375 791 133 621
6 4 845 350 859 264
6 16 179 334 548 745
6 17 412 307 164 789
6 18 920 795 260 855
7 3 911 812 349 239
7 4 415 133 657 928
7 15 111 616 466 681
7 22 557 582 488 867
9 4 583 155 687 883
9 15 515 172 659 645
9 16 62 53 847 488
11 10 300 907 727 902
11 15 247 410 234 573
11 17 197 395 541 106
12 3 812 370 426 561
12 4 503 357 580 623
12 15 139 612 246 952
12 18 626 903 831 818
13 3 89 417 427 968
13 4 713 726 244 882
13 10 79 343 156 601
13 14 296 952 747 534
13 16 89 950 782 745
20 4 295 161 250 432
20 8 306 304 498 204
20 18 850 820 255 223
20 19 823 561 199 681
23 3 993 851 289 960
23 14 430 490 266 854
24 0 78 433 206 970
24 18 430 672 401 502
24 19 828 254 457 199
24 22 393 740 592 386
