12 4
0 8 414 487 522 908
0 9 956 951 553 868
0 4 783 517 400 719
1 8 797 84 770 727
1 9 217 716 814 725
1 2 520 619 232 601
1 4 934 538 433 289
3 9 306 787 982 919
3 2 52 252 773 426
3 4 78 504 990 161
5 9 891 62 160 188
5 2 271 397 728 119
5 4 571 482 579 696
6 9 139 128 905 289
6 2 477 57 894 830
6 4 227 731 441 434
7 9 372 579 95 851
7 2 532 611 753 556
7 4 896 766 751 491
10 8 469 256 385 179
10 9 361 991 421 638
10 2 784 847 401 332
10 4 135 340 480 939
11 8 178 849 896 891
11 9 331 481 986 949
11 2 914 718 455 82
