11 4
1 0 379 684 640 273
1 4 984 770 381 449
1 5 85 663 719 704
1 6 277 759 684 864
1 7 588 830 659 505
1 8 819 196 697 865
1 10 600 522 866 419
2 0 121 490 194 760
2 4 331 406 656 378
2 5 217 559 973 794
2 6 516 423 680 583
2 7 503 995 205 765
2 8 401 275 211 618
2 10 662 563 189 914
3 0 568 365 746 470
3 4 689 498 351 933
3 5 460 806 255 792
3 6 627 153 665 604
3 7 455 780 526 548
3 8 344 928 995 623
3 10 672 137 739 692
9 0 322 578 613 191
9 4 212 797 524 254
9 5 487 559 193 700
9 6 818 326 537 732
9 7 480 507 530 255
9 8 742 146 681 529
9 10 501 721 723 375
