15 2
0 14 984 935
0 4 981 79
0 5 618 283
0 6 153 965
1 14 437 109
1 4 109 824
1 5 610 428
1 6 118 983
2 14 569 270
2 4 430 931
2 5 108 797
2 6 726 381
3 14 729 932
3 4 773 900
3 5 420 328
3 6 792 872
7 14 702 403
7 4 467 53
7 5 490 443
7 6 569 259
8 14 89 321
8 4 658 605
8 5 780 77
8 6 264 300
9 14 584 633
9 4 403 748
9 5 157 765
9 6 965 904
10 14 240 408
10 4 643 144
10 5 306 389
10 6 804 622
11 14 897 306
11 4 971 110
11 5 809 794
11 6 63 859
12 14 969 317
12 4 786 444
12 5 393 553
12 6 116 273
13 14 547 82
13 4 545 729
13 5 729 446
13 6 658 887
