18 3
0 1 396 189 571
0 9 197 93 312
0 10 697 699 59
16 1 871 909 206
16 8 367 481 323
16 10 659 477 354
16 12 333 488 60
2 1 462 737 619
2 5 875 628 293
2 8 381 463 950
2 10 694 186 272
2 12 782 722 226
3 1 413 913 300
3 5 585 599 330
3 8 119 948 596
3 12 769 887 591
4 5 945 720 317
4 10 939 860 749
4 12 675 100 868
6 1 764 955 100
6 5 634 571 775
6 9 257 241 394
7 1 844 567 796
11 9 424 249 502
11 10 877 605 852
11 12 354 567 230
13 1 963 812 77
13 5 360 495 459
13 17 165 842 354
13 8 360 529 849
13 9 447 185 831
13 10 320 377 901
14 1 542 942 598
14 5 867 967 806
14 17 436 914 129
14 9 954 73 930
14 12 146 444 126
15 17 832 965 389
