20 4
0 19 279 153 897 920
0 1 150 824 988 456
0 6 493 489 767 837
0 9 111 972 673 586
16 6 146 656 201 363
18 19 133 814 882 214
18 1 139 270 577 580
18 2 618 667 983 593
18 3 484 505 238 129
18 4 849 877 166 685
18 9 921 965 420 881
18 11 623 707 369 69
5 19 342 722 904 511
5 2 71 499 897 785
5 3 629 504 905 251
5 6 833 339 930 174
5 7 709 710 202 214
5 9 694 283 942 738
5 11 457 96 794 539
17 19 678 926 423 161
17 4 812 362 229 699
17 6 321 404 149 127
17 7 401 954 618 610
17 9 953 842 767 583
17 11 271 509 821 300
8 2 914 964 75 634
8 3 712 610 421 829
8 6 690 348 914 895
8 7 793 726 607 209
8 9 537 590 857 456
8 11 103 345 667 653
10 19 558 500 691 150
10 2 607 128 980 655
10 4 458 373 344 403
10 6 862 457 147 688
10 7 179 432 756 341
12 1 429 765 182 938
12 2 458 673 662 811
12 6 716 814 755 793
12 9 806 196 126 233
13 1 412 768 499 620
13 2 720 704 279 454
13 3 706 571 255 647
13 4 633 944 328 392
13 6 921 417 886 652
13 9 522 51 329 511
14 19 505 411 452 633
14 1 849 930 306 347
14 6 559 450 755 190
14 7 141 550 520 470
14 11 106 934 428 353
15 19 659 220 703 68
15 3 825 618 221 878
15 6 358 897 165 173
15 9 714 187 761 148
15 11 417 403 211 887
