12 4
0 1 983 233 554 608
0 2 768 95 379 628
0 3 464 734 561 465
0 6 258 935 82 718
0 7 811 813 591 582
0 8 508 413 495 117
0 9 566 456 775 881
0 10 429 66 603 469
11 1 395 739 371 754
11 2 827 542 523 779
11 3 513 900 803 478
11 6 168 853 814 841
11 7 454 618 557 339
11 8 174 919 182 983
11 9 296 755 619 557
11 10 237 427 998 222
4 1 117 573 333 319
4 2 351 90 899 700
4 3 982 557 264 414
4 6 607 715 682 446
4 7 360 390 645 312
4 8 761 483 267 907
4 9 739 558 639 815
4 10 700 575 514 332
5 1 365 224 822 83
5 2 664 886 538 925
5 3 474 205 153 521
5 6 548 754 828 339
5 7 424 804 360 415
5 8 790 848 540 653
5 9 544 493 115 674
5 10 918 228 294 259
