20 2
17 0 194 846
17 1 865 849
17 2 271 415
17 3 279 646
17 7 399 149
17 8 219 330
17 9 359 514
17 10 609 737
17 11 626 809
17 12 561 428
17 13 997 79
17 16 558 578
17 18 929 862
19 0 78 874
19 1 986 55
19 2 683 970
19 3 748 468
19 7 337 614
19 8 788 310
19 9 513 223
19 10 723 477
19 11 833 143
19 12 917 843
19 13 297 233
19 16 941 71
19 18 713 342
4 0 262 971
4 1 688 868
4 2 150 346
4 3 197 798
4 7 415 439
4 8 140 980
4 9 832 397
4 10 846 97
4 11 138 528
4 12 908 285
4 13 343 606
4 16 692 424
4 18 806 734
5 0 720 522
5 1 437 979
5 2 382 162
5 3 951 664
5 7 104 654
5 8 169 612
5 9 500 259
5 10 367 890
5 11 859 436
5 12 501 70
5 13 299 500
5 16 502 576
5 18 442 125
6 0 178 144
6 1 102 442
6 2 283 67
6 3 575 556
6 7 890 172
6 8 460 409
6 9 940 442
6 10 215 664
6 11 628 483
6 12 700 968
6 13 643 247
6 16 213 52
6 18 199 511
14 0 165 954
14 1 300 990
14 2 467 139
14 3 460 804
14 7 645 132
14 8 954 801
14 9 856 297
14 10 374 703
14 11 618 176
14 12 227 790
14 13 548 171
14 16 612 146
14 18 584 960
15 0 474 506
15 1 799 938
15 2 918 659
15 3 785 318
15 7 158 325
15 8 184 782
15 9 457 814
15 10 924 143
15 11 252 674
15 12 561 509
15 13 488 885
15 16 723 257
15 18 70 700
