20 3
16 0 134 75 297
16 2 106 292 474
16 5 353 75 812
16 7 392 590 252
16 13 936 106 408
16 18 522 770 709
1 2 834 296 272
1 5 629 213 373
1 7 171 259 437
1 12 183 929 965
1 13 945 214 201
1 14 509 380 888
1 19 175 540 196
3 0 343 836 581
3 2 244 399 340
3 4 178 372 895
3 5 754 681 396
3 14 81 744 874
3 15 775 283 326
6 0 254 943 274
6 4 217 243 644
6 5 81 872 846
6 9 742 706 916
6 12 555 265 289
17 0 159 337 850
17 2 951 868 263
17 5 802 852 612
17 7 617 895 136
17 12 650 696 136
17 14 449 749 978
8 9 769 498 603
8 12 847 357 460
8 15 772 619 404
10 12 874 88 957
10 13 79 929 576
10 14 933 855 432
11 0 646 456 57
11 2 868 72 435
11 9 90 489 234
11 12 903 367 435
11 15 371 404 788
