20 4
1 0 512 295 697 200
1 2 669 708 573 617
1 19 199 943 213 796
1 9 636 212 725 737
1 10 110 276 71 117
1 12 997 277 398 690
1 15 828 552 216 293
18 0 601 863 974 586
18 16 284 191 469 109
18 2 668 447 680 220
18 19 123 809 400 66
18 8 771 453 465 761
18 9 705 786 854 260
18 12 481 612 901 63
18 14 408 229 922 186
3 19 634 665 387 409
3 8 591 667 349 704
3 9 801 564 442 946
3 10 858 78 280 570
3 12 980 54 268 253
3 14 292 733 422 408
4 0 183 117 438 112
4 16 888 884 915 974
4 2 712 77 118 380
4 9 93 708 876 800
4 15 117 956 818 934
5 0 603 687 486 760
5 16 399 149 431 457
5 2 492 849 890 449
5 19 584 318 725 945
5 9 163 63 247 834
5 10 462 637 915 453
5 12 260 690 420 202
5 14 916 697 590 384
5 15 389 971 817 54
6 16 319 479 218 408
6 2 204 798 969 965
6 19 659 721 425 235
6 8 804 486 106 357
6 9 447 368 746 878
6 10 975 939 314 748
6 12 457 232 146 985
6 14 806 382 797 455
7 16 877 143 516 160
7 2 719 302 949 793
7 19 257 812 375 470
7 10 620 304 90 733
7 12 369 736 167 186
7 15 683 402 593 115
17 0 193 970 951 482
17 16 388 568 300 374
17 2 565 553 842 304
17 19 861 419 885 525
17 8 879 290 121 994
17 9 522 846 999 429
17 10 469 791 632 821
17 14 445 925 368 336
17 15 365 557 681 178
11 0 947 885 451 337
11 16 974 545 493 841
11 19 748 586 597 856
11 8 563 85 695 694
11 9 142 240 726 889
11 10 714 131 172 892
11 12 876 904 204 53
11 14 553 420 123 309
11 15 887 842 343 114
13 0 951 550 225 131
13 16 206 362 906 347
13 19 667 843 254 874
13 8 489 779 57 724
13 10 237 811 383 732
13 14 862 340 76 384
13 15 621 928 354 444
