15 3
0 2 57 970 551
0 4 799 932 111
0 6 400 230 210
0 7 314 614 170
0 8 247 353 722
0 9 682 506 552
0 13 277 194 935
0 14 620 768 766
1 2 519 103 107
1 4 591 295 446
1 6 633 458 150
1 7 995 70 835
1 8 936 582 944
1 9 965 487 997
1 13 947 720 51
1 14 938 631 160
3 2 530 547 78
3 4 238 142 739
3 6 93 407 275
3 7 864 477 508
3 8 874 274 579
3 9 308 352 582
3 13 451 440 910
3 14 52 824 78
5 2 762 513 441
5 4 212 871 846
5 6 529 176 871
5 7 349 343 657
5 8 161 65 932
5 9 566 367 609
5 13 53 484 908
5 14 471 909 872
10 2 382 361 337
10 4 166 140 582
10 6 986 556 756
10 7 170 781 496
10 8 859 809 627
10 9 225 659 828
10 13 376 788 451
10 14 648 289 669
11 2 271 630 194
11 4 946 989 644
11 6 989 996 535
11 7 315 799 409
11 8 863 797 951
11 9 329 968 170
11 13 967 175 329
11 14 462 179 160
12 2 681 854 547
12 4 782 847 265
12 6 852 805 60
12 7 609 368 265
12 8 568 866 482
12 9 499 225 932
12 13 726 947 838
12 14 972 230 59
