19 3
0 1 555 837 839
0 10 782 347 982
0 12 947 304 563
0 14 679 370 390
0 9 714 139 699
2 1 470 644 843
2 10 736 728 185
2 12 416 174 397
2 14 88 170 937
2 9 955 183 552
3 1 968 998 439
3 10 343 523 394
3 12 473 971 685
3 14 951 381 679
3 9 836 696 270
4 1 254 594 849
4 10 723 977 520
4 12 102 539 515
4 14 756 541 932
4 9 900 451 936
5 1 710 982 550
5 10 275 59 878
5 12 531 929 321
5 14 146 855 677
5 9 868 706 146
6 1 814 551 690
6 10 126 148 426
6 12 851 534 657
6 14 199 237 120
6 9 755 994 885
7 1 248 893 333
7 10 976 995 579
7 12 950 780 696
7 14 619 393 881
7 9 808 675 68
8 1 502 243 176
8 10 814 250 485
8 12 188 961 609
8 14 656 865 297
8 9 626 437 362
11 1 257 916 343
11 10 558 237 242
11 12 172 216 81
11 14 693 50 376
11 9 270 944 597
13 1 395 336 858
13 10 66 504 389
13 12 619 479 623
13 14 808 715 572
13 9 601 497 214
15 1 881 852 162
15 10 877 206 531
15 12 344 346 512
15 14 620 349 140
15 9 650 293 358
16 1 808 850 160
16 10 824 884 838
16 12 852 599 500
16 14 899 621 684
16 9 317 666 812
17 1 640 826 917
17 10 297 344 901
17 12 672 326 262
17 14 114 651 721
17 9 269 406 112
18 1 202 813 69
18 10 210 777 159
18 12 866 232 809
18 14 758 366 902
18 9 115 104 331
