16 3
0 1 728 793 132
0 3 634 650 839
0 4 939 868 422
0 7 792 699 552
0 8 50 955 652
0 13 264 635 67
0 14 126 98 793
0 15 853 362 310
2 1 98 680 463
2 3 717 391 983
2 4 389 628 654
2 7 661 398 129
2 8 55 533 864
2 13 141 236 556
2 14 303 842 967
2 15 492 907 432
5 1 410 557 275
5 3 499 223 75
5 4 998 623 806
5 7 403 962 501
5 8 187 185 161
5 13 741 708 381
5 14 179 737 111
5 15 778 666 890
6 1 559 657 319
6 3 927 581 627
6 4 831 184 686
6 7 413 234 382
6 8 913 441 826
6 13 325 221 367
6 14 425 746 662
6 15 608 819 511
9 1 841 387 857
9 3 563 578 400
9 4 111 884 828
9 7 625 430 196
9 8 577 126 371
9 13 715 393 509
9 14 960 180 214
9 15 944 697 306
10 1 134 608 201
10 3 352 171 351
10 4 758 963 608
10 7 699 108 347
10 8 666 662 149
10 13 307 851 590
10 14 781 350 587
10 15 675 743 275
11 1 767 582 92
11 3 853 942 373
11 4 491 727 298
11 7 753 606 813
11 8 677 507 474
11 13 602 535 773
11 14 630 113 787
11 15 336 221 216
12 1 571 423 384
12 3 823 428 385
12 4 462 797 732
12 7 733 686 816
12 8 574 211 611
12 13 241 655 484
12 14 942 160 241
12 15 761 404 338
