20 2
16 0 741 321
16 3 470 555
16 5 865 460
16 6 271 766
16 8 304 54
16 9 430 799
16 14 899 838
16 15 121 122
1 0 801 908
1 2 240 235
1 6 180 629
1 8 313 376
1 12 117 816
1 15 719 209
18 2 159 257
18 3 540 53
18 10 589 908
18 13 358 597
18 17 588 926
19 0 310 78
19 2 476 177
19 8 760 183
19 9 325 805
19 10 228 548
19 11 752 395
19 15 633 225
19 17 432 536
4 2 55 382
4 3 442 717
4 6 648 873
4 8 732 849
4 9 655 147
4 11 952 559
4 14 878 921
7 0 934 470
7 2 432 661
7 3 726 414
7 5 598 55
7 10 694 594
7 11 131 78
7 12 631 425
7 14 202 370
7 15 987 998
