20 4
0 16 344 490 329 326
0 1 207 945 934 931
0 18 900 75 541 254
0 9 871 621 205 816
0 10 403 854 481 557
0 14 184 704 873 734
17 16 333 428 260 883
17 1 177 568 323 59
17 9 409 56 268 779
17 10 369 681 823 645
17 12 428 799 311 852
17 13 476 844 314 54
17 14 249 533 761 492
17 15 229 812 231 892
2 16 516 369 235 720
2 1 928 548 880 488
2 18 728 131 140 629
2 7 705 523 908 898
2 9 488 455 907 120
2 13 268 523 892 589
2 14 776 409 615 829
2 15 842 909 474 379
3 16 550 302 382 619
3 1 534 746 460 852
3 9 413 127 810 499
3 10 220 917 724 159
3 12 165 994 874 925
3 13 617 494 928 528
3 15 742 290 637 833
4 16 411 497 670 152
4 1 627 312 64 150
4 18 951 778 680 391
4 7 926 545 890 671
4 9 987 151 899 351
4 10 296 190 682 440
4 13 199 568 643 899
4 14 109 178 790 891
4 15 214 832 903 562
5 16 315 330 578 983
5 1 200 730 921 314
5 7 557 619 500 812
5 9 198 739 114 465
5 10 926 201 914 647
5 12 288 741 498 832
6 16 726 465 461 715
6 1 536 712 930 722
6 18 275 397 697 106
6 7 265 711 286 329
6 10 366 535 96 463
6 12 137 484 832 962
6 14 259 511 372 476
8 16 805 676 70 318
8 1 351 313 919 913
8 18 630 265 282 313
8 7 251 85 428 963
8 9 179 638 546 319
8 12 156 442 743 833
8 13 519 981 393 452
8 14 465 790 759 138
8 15 559 729 595 198
11 1 262 351 696 692
11 18 538 908 744 427
11 9 545 262 389 354
11 10 949 618 542 472
11 13 264 311 314 467
11 15 936 883 729 643
19 16 786 179 902 899
19 1 631 146 262 171
19 18 534 445 518 467
19 7 597 249 559 727
19 9 807 336 450 203
19 10 342 841 204 261
19 12 816 415 826 551
19 13 115 894 290 158
19 15 721 275 303 661
