19 2
8 0 740 83
8 1 631 874
8 2 423 346
8 4 105 213
8 6 377 647
8 9 862 193
8 10 558 212
8 11 788 122
8 12 692 102
8 13 586 999
8 15 72 674
8 16 821 179
8 17 952 194
8 18 149 866
3 0 433 455
3 1 332 891
3 2 551 351
3 4 841 439
3 6 241 836
3 9 851 614
3 10 852 235
3 11 667 523
3 12 865 967
3 13 150 751
3 15 930 886
3 16 331 391
3 17 135 859
3 18 245 882
5 0 661 398
5 1 799 225
5 2 734 123
5 4 637 536
5 6 53 835
5 9 355 352
5 10 901 872
5 11 981 180
5 12 95 590
5 13 922 378
5 15 317 332
5 16 683 988
5 17 530 312
5 18 904 701
14 0 549 823
14 1 652 107
14 2 526 745
14 4 309 427
14 6 348 569
14 9 132 98
14 10 199 647
14 11 818 857
14 12 152 687
14 13 716 869
14 15 874 751
14 16 954 55
14 17 923 76
14 18 745 70
7 0 818 180
7 1 790 921
7 2 344 665
7 4 102 708
7 6 74 484
7 9 781 411
7 10 52 268
7 11 701 662
7 12 141 520
7 13 446 532
7 15 62 459
7 16 315 185
7 17 470 61
7 18 729 103
