16 3
0 2 627 795 823
0 4 94 597 90
0 6 948 266 927
0 8 502 668 444
0 9 115 780 882
0 11 118 885 780
0 13 139 441 374
0 14 337 341 822
1 2 549 925 405
1 4 435 388 839
1 6 84 299 828
1 8 713 260 494
1 9 484 925 222
1 11 711 919 674
1 13 526 482 89
1 14 702 699 448
3 2 618 400 530
3 4 934 843 907
3 6 852 127 100
3 8 498 420 645
3 9 478 122 444
3 11 72 517 430
3 13 353 102 142
3 14 509 125 466
5 2 131 235 273
5 4 736 522 649
5 6 302 466 98
5 8 535 719 437
5 9 595 92 140
5 11 392 141 504
5 13 691 661 881
5 14 916 239 306
7 2 472 849 414
7 4 259 903 271
7 6 581 361 317
7 8 72 585 310
7 9 327 629 447
7 11 104 68 536
7 13 610 645 730
7 14 234 771 419
10 2 605 615 679
10 4 805 412 887
10 6 607 796 519
10 8 187 444 83
10 9 775 650 480
10 11 911 390 738
10 13 873 505 75
10 14 594 831 152
12 2 306 831 637
12 4 594 538 142
12 6 859 234 731
12 8 720 170 290
12 9 235 280 570
12 11 709 262 956
12 13 416 503 208
12 14 425 743 485
15 2 666 911 962
15 4 285 811 879
15 6 441 722 355
15 8 563 50 820
15 9 621 689 676
15 11 972 62 536
15 13 638 837 701
15 14 704 979 951
