20 3
0 16 524 488 602
0 19 886 544 804
0 18 550 407 490
0 3 157 424 607
0 4 653 868 235
0 7 668 761 170
0 14 403 420 272
0 15 908 161 883
1 3 685 661 947
1 4 993 892 846
1 7 930 392 101
1 8 449 280 133
1 11 300 841 57
2 16 439 751 660
2 19 958 548 966
2 18 475 321 452
2 8 67 813 871
2 9 939 913 81
2 15 155 639 293
5 3 672 456 458
5 7 505 844 786
5 9 80 991 981
5 14 182 290 354
5 15 368 177 171
6 4 725 144 666
6 8 67 93 310
6 9 745 738 691
17 16 169 886 976
17 4 713 838 731
17 7 923 308 383
17 8 965 333 784
17 14 422 281 705
10 16 263 230 924
10 18 508 990 86
10 3 429 268 668
10 7 323 925 140
10 8 572 634 50
10 11 333 734 93
10 14 98 850 417
10 15 292 176 667
12 18 639 857 383
12 9 198 659 246
13 19 434 472 895
13 9 806 393 139
13 15 999 108 505
