24 3
3 9 758 790 76
3 10 214 780 946
3 13 618 971 727
3 17 378 671 595
4 2 861 211 694
4 7 710 512 565
4 9 938 871 776
4 12 847 761 987
4 17 460 206 409
4 18 584 727 523
5 7 507 783 880
5 18 301 831 120
6 0 97 217 654
6 2 733 873 588
6 15 201 81 840
6 20 594 676 415
6 21 800 733 570
23 10 163 790 256
23 16 702 834 681
23 18 220 427 754
8 2 759 721 805
8 18 81 688 809
8 19 560 978 258
22 0 848 474 249
22 2 705 957 454
22 12 646 163 359
22 13 970 501 717
22 16 492 896 414
22 17 730 50 835
22 18 174 524 70
11 1 427 299 825
11 9 117 291 520
11 16 199 568 544
11 17 395 250 118
11 19 818 630 134
14 1 630 496 927
14 2 419 704 413
14 19 198 772 128
14 20 914 317 198
