20 3
0 1 588 998 386
0 3 729 214 854
0 5 302 751 588
0 7 848 741 342
0 8 732 446 181
0 10 988 715 77
0 11 280 390 277
0 13 837 763 238
0 15 972 837 956
0 16 986 599 322
0 17 295 469 959
0 19 415 425 933
2 1 420 521 843
2 3 527 378 927
2 5 955 856 673
2 7 434 466 632
2 8 72 343 92
2 10 497 966 379
2 11 575 577 742
2 15 982 582 826
2 16 243 301 749
2 19 74 920 692
4 1 308 870 501
4 3 410 90 892
4 5 628 406 303
4 7 118 370 805
4 8 182 763 257
4 10 852 78 327
4 11 443 510 339
4 15 247 366 907
4 16 162 303 85
4 17 881 664 523
6 1 783 923 925
6 3 180 904 797
6 5 509 491 430
6 7 803 518 763
6 8 696 79 925
6 10 818 672 896
6 11 688 410 869
6 13 238 561 394
6 15 594 667 736
6 16 732 218 331
6 17 506 898 793
6 19 796 109 303
9 1 711 495 172
9 3 529 910 276
9 5 905 260 290
9 10 259 480 705
9 11 944 796 472
9 13 678 693 476
9 16 257 538 809
9 17 724 409 518
9 19 837 746 504
12 3 874 594 603
12 7 577 970 655
12 8 973 217 893
12 10 896 710 470
12 13 169 206 128
12 15 354 72 183
12 16 374 416 406
12 17 969 380 169
12 19 123 627 403
18 1 347 715 757
18 3 182 819 619
18 5 203 489 739
18 8 223 447 86
18 10 669 988 262
18 11 292 419 519
18 13 227 449 69
18 15 103 718 267
18 16 355 309 910
18 19 352 114 927
14 1 174 799 920
14 3 641 693 344
14 5 330 643 441
14 7 90 883 242
14 8 991 333 941
14 10 485 64 662
14 11 377 664 831
14 16 518 228 631
14 17 577 284 402
14 19 655 466 743
