21 4
0 3 856 811 90 182
0 8 469 929 303 657
0 15 982 932 637 849
0 18 862 784 416 316
19 15 837 234 168 182
19 20 69 988 150 941
4 1 642 631 184 912
4 3 540 681 218 416
4 15 271 922 406 90
4 17 925 105 718 236
5 3 953 210 300 383
5 11 299 116 343 66
5 16 549 458 534 137
5 18 826 758 65 848
5 20 235 222 379 855
6 2 883 690 598 461
6 8 317 488 884 771
6 14 820 276 858 777
6 15 709 856 668 974
7 8 754 93 700 371
7 11 192 827 631 604
7 20 529 465 544 380
9 1 55 190 221 794
9 2 282 898 544 802
9 20 903 831 370 64
10 14 219 564 640 138
10 20 489 81 648 831
13 11 356 397 925 351
13 12 562 166 787 111
13 20 948 80 271 803
