17 4
0 1 609 330 295 58
0 3 781 965 886 87
0 5 914 213 953 162
0 6 175 52 634 925
0 7 757 66 796 512
0 9 604 71 908 574
0 10 727 589 254 358
0 11 817 178 429 54
0 12 524 102 830 713
0 13 328 267 567 985
0 15 560 556 775 114
0 16 317 56 517 165
8 1 776 261 759 183
8 3 693 212 521 597
8 5 730 987 633 675
8 6 873 246 686 910
8 7 912 973 275 180
8 9 868 696 513 151
8 10 200 934 454 168
8 11 194 374 283 399
8 12 569 972 202 784
8 13 691 799 808 447
8 15 214 914 212 176
8 16 394 174 143 554
2 1 241 113 462 505
2 3 263 641 786 175
2 5 510 357 830 860
2 6 863 453 328 229
2 7 267 338 347 562
2 9 582 258 420 938
2 10 387 760 339 619
2 11 333 125 448 358
2 12 832 261 932 982
2 13 499 800 425 735
2 15 938 938 290 407
2 16 958 960 508 435
4 1 341 962 989 93
4 3 701 479 869 929
4 5 717 708 634 779
4 6 114 947 679 163
4 7 976 480 574 955
4 9 479 588 494 404
4 10 476 261 907 522
4 11 793 226 910 698
4 12 305 917 507 711
4 13 660 663 262 242
4 15 196 952 415 73
4 16 509 485 855 231
14 1 996 679 500 481
14 3 451 797 190 530
14 5 863 76 249 859
14 6 893 351 315 550
14 7 213 373 994 217
14 9 690 696 290 790
14 10 756 60 603 863
14 11 322 597 106 866
14 12 615 512 558 627
14 13 749 816 315 615
14 15 447 771 130 323
14 16 925 749 813 930
