19 3
1 0 521 607 171
1 16 220 688 521
1 2 186 493 518
1 3 324 236 290
1 5 239 293 88
1 6 921 315 57
1 18 159 487 586
1 10 842 821 54
1 11 698 866 442
1 13 360 962 69
1 15 731 864 857
4 0 441 976 768
4 16 127 281 590
4 2 581 401 517
4 3 408 682 88
4 5 381 874 557
4 6 563 483 56
4 18 147 199 137
4 10 482 857 59
4 11 481 929 840
4 13 289 910 842
4 15 523 394 806
17 0 634 405 723
17 16 226 495 792
17 2 797 562 907
17 3 570 86 300
17 5 708 715 226
17 6 213 302 667
17 18 150 289 630
17 10 557 183 275
17 11 259 93 918
17 13 205 714 914
17 15 612 269 434
7 0 691 931 973
7 16 68 820 336
7 2 134 239 796
7 3 529 394 258
7 5 894 419 658
7 6 455 272 237
7 18 401 364 166
7 10 164 268 448
7 11 777 913 766
7 13 53 328 805
7 15 529 688 360
8 0 935 189 947
8 16 975 172 818
8 2 506 653 564
8 3 405 163 407
8 5 780 655 428
8 6 567 53 228
8 18 747 441 524
8 10 722 849 453
8 11 947 419 142
8 13 937 500 909
8 15 74 201 269
9 0 146 880 157
9 16 645 595 289
9 2 71 765 50
9 3 371 287 794
9 5 324 809 708
9 6 833 312 524
9 18 203 800 145
9 10 895 737 558
9 11 897 923 856
9 13 300 831 853
9 15 447 672 557
12 0 483 254 577
12 16 70 481 706
12 2 534 481 133
12 3 130 488 499
12 5 982 115 223
12 6 99 834 256
12 18 884 454 389
12 10 671 930 688
12 11 166 59 299
12 13 602 453 906
12 15 347 839 894
14 0 503 841 560
14 16 488 113 426
14 2 275 867 987
14 3 922 249 591
14 5 213 813 135
14 6 948 107 643
14 18 446 106 520
14 10 784 422 326
14 11 58 523 224
14 13 203 171 76
14 15 123 592 947
