16 4
0 2 537 205 178 727
0 4 475 963 89 796
0 8 923 967 162 956
0 9 613 358 663 52
0 11 878 305 919 686
1 2 534 107 862 645
1 3 427 277 143 574
1 7 243 512 724 914
1 8 603 740 612 737
1 9 464 228 413 809
1 11 946 410 992 532
1 12 428 840 184 893
10 2 457 526 410 302
10 3 465 765 282 572
10 4 749 639 647 576
10 7 76 113 399 172
10 8 603 920 577 796
10 9 808 102 149 968
10 12 249 287 509 886
10 15 544 577 409 918
13 4 897 103 325 195
13 5 878 123 637 826
13 6 458 161 981 247
13 7 851 505 656 511
13 8 888 168 114 303
13 9 322 110 192 126
13 11 773 990 831 458
13 12 796 548 147 528
14 3 585 580 960 791
14 5 915 197 799 804
14 7 431 778 199 626
14 8 585 174 320 601
14 9 651 362 443 52
