20 4
0 16 669 498 334 453
0 2 295 891 796 185
0 19 114 762 121 937
0 11 476 658 649 398
0 18 447 143 989 542
0 14 539 643 79 59
1 16 237 665 618 873
1 2 729 694 386 950
1 19 460 497 638 842
1 11 688 583 960 117
1 18 682 381 777 654
1 14 974 201 923 374
3 16 469 509 432 591
3 2 366 847 361 247
3 19 378 262 383 418
3 11 904 290 852 824
3 18 814 567 350 358
3 14 357 613 262 785
4 16 425 51 478 452
4 2 255 228 196 795
4 19 637 834 154 824
4 11 386 281 969 650
4 18 920 215 257 291
4 14 503 519 728 726
5 16 673 432 430 609
5 2 133 399 990 945
5 19 687 366 135 135
5 11 260 911 865 228
5 18 295 897 771 363
5 14 611 676 898 921
6 16 710 769 960 490
6 2 881 703 188 862
6 19 572 866 361 617
6 11 662 932 355 630
6 18 558 880 364 884
6 14 353 844 197 919
7 16 849 928 935 311
7 2 532 98 867 400
7 19 763 786 488 388
7 11 902 367 608 480
7 18 626 195 739 683
7 14 924 334 60 855
8 16 767 721 936 831
8 2 537 925 187 719
8 19 548 72 165 848
8 11 907 825 88 111
8 18 50 159 810 402
8 14 99 656 330 573
9 16 827 966 837 192
9 2 742 573 275 88
9 19 812 92 746 746
9 11 458 68 512 166
9 18 650 932 864 296
9 14 481 817 686 858
10 16 157 813 543 856
10 2 223 530 763 89
10 19 457 643 113 624
10 11 446 878 231 692
10 18 503 612 241 197
10 14 152 604 84 885
12 16 487 391 148 541
12 2 336 337 427 977
12 19 299 237 951 541
12 11 213 997 505 857
12 18 521 691 372 143
12 14 685 768 934 881
13 16 606 827 299 393
13 2 809 444 234 348
13 19 552 412 987 572
13 11 855 627 903 322
13 18 758 951 630 115
13 14 773 903 973 481
15 16 401 844 891 124
15 2 613 209 784 251
15 19 581 153 195 569
15 11 630 444 640 506
15 18 871 343 108 804
15 14 892 664 740 959
17 16 910 890 535 980
17 2 555 292 503 990
17 19 847 317 339 945
17 11 216 65 514 949
17 18 319 381 825 240
17 14 824 875 392 851
