17 2
0 1 522 339
0 3 528 130
0 5 189 627
0 7 955 961
0 10 124 250
0 12 638 981
0 15 762 151
16 1 631 58
16 3 409 878
16 5 682 785
16 7 746 132
16 10 344 977
16 12 105 360
16 15 893 181
2 1 762 659
2 3 927 356
2 5 641 237
2 7 332 535
2 10 143 404
2 12 285 403
2 15 827 641
4 1 537 716
4 3 913 605
4 5 322 173
4 7 330 929
4 10 96 200
4 12 398 992
4 15 327 639
6 1 509 403
6 3 171 560
6 5 557 412
6 7 265 108
6 10 739 92
6 12 964 689
6 15 353 804
8 1 112 88
8 3 968 852
8 5 103 316
8 7 987 824
8 10 85 343
8 12 979 770
8 15 958 103
9 1 940 639
9 3 366 461
9 5 491 190
9 7 725 959
9 10 174 891
9 12 815 873
9 15 435 623
11 1 496 711
11 3 388 397
11 5 700 885
11 7 903 403
11 10 156 293
11 12 982 699
11 15 322 744
13 1 953 182
13 3 753 170
13 5 349 446
13 7 959 617
13 10 845 743
13 12 980 629
13 15 186 54
14 1 130 119
14 3 324 554
14 5 131 66
14 7 285 128
14 10 871 530
14 12 607 515
14 15 517 864
