15 3
1 8 522 823 829
1 11 830 94 172
1 13 615 595 859
2 0 356 853 150
2 4 122 458 444
2 11 211 413 835
2 13 798 873 707
5 3 487 143 949
5 4 606 851 813
5 11 898 737 954
5 13 907 152 621
6 0 169 173 980
6 3 327 143 682
6 4 639 594 562
6 8 923 203 276
6 13 380 150 57
7 3 507 414 897
7 4 448 551 635
7 11 407 365 438
7 13 416 653 516
9 3 241 524 178
9 4 689 115 430
9 8 247 883 758
9 11 276 622 768
9 13 951 754 873
10 4 499 163 812
10 13 841 168 723
12 4 344 333 247
12 11 905 343 381
12 13 353 81 161
14 0 910 818 83
14 3 206 673 412
14 4 671 511 821
14 8 733 615 872
14 11 203 805 447
14 13 844 819 315
