19 3
16 3 797 818 247
16 13 165 325 814
16 14 950 87 981
17 3 152 871 484
17 4 667 865 373
17 8 90 988 908
17 9 241 57 805
17 14 432 923 450
2 3 915 597 502
2 8 526 464 155
2 12 780 243 191
5 0 544 426 374
5 8 386 238 710
5 9 953 234 849
5 12 514 829 671
6 0 240 352 877
6 4 213 953 360
6 7 205 373 749
6 9 395 274 491
6 12 965 341 747
6 13 223 885 595
10 1 851 108 290
10 3 359 851 62
10 4 620 51 897
10 9 368 560 484
10 12 805 324 372
10 13 129 385 886
11 1 395 435 530
11 3 77 748 543
11 4 410 961 186
11 8 446 887 108
11 9 950 402 747
11 12 521 782 155
11 13 222 510 660
18 1 457 705 520
18 3 205 918 482
18 4 447 408 118
18 7 515 764 669
18 8 377 71 647
18 13 421 860 256
18 14 991 249 405
15 0 309 872 974
15 1 233 649 797
15 4 941 466 139
15 7 58 189 825
15 12 627 160 870
15 13 615 718 294
15 14 954 869 982
