24 3
0 18 415 794 848
1 16 963 112 944
1 17 959 989 813
1 2 408 668 277
1 20 811 669 340
3 2 413 490 580
3 20 996 158 487
3 18 732 569 185
3 14 539 354 930
4 16 924 99 103
4 2 457 611 803
4 9 772 717 529
6 14 509 584 165
7 16 466 413 877
7 17 96 617 663
7 20 438 695 206
7 5 958 827 131
7 9 662 85 521
10 20 78 205 784
10 23 52 443 923
10 9 441 456 282
11 16 701 246 551
11 20 292 173 123
11 9 152 584 735
12 16 568 722 867
12 17 878 890 271
12 2 686 506 62
12 5 257 187 337
12 8 695 283 525
13 5 746 322 263
13 8 112 590 610
13 18 283 64 203
15 23 319 998 950
15 14 445 871 963
19 16 167 813 578
19 9 462 557 952
19 14 940 844 381
21 17 827 834 482
21 20 332 779 440
21 5 579 222 933
21 9 516 322 610
21 18 364 967 653
22 16 267 413 531
22 17 161 942 318
22 23 78 981 196
22 14 268 377 288
