24 3
0 11 845 655 686
0 15 611 940 333
0 19 958 117 540
1 3 550 976 711
1 4 108 107 189
1 11 671 55 480
1 17 222 633 586
1 20 906 345 592
1 22 60 280 766
5 2 968 244 424
5 11 558 585 394
5 13 240 362 960
5 15 825 204 652
5 16 730 341 801
5 20 595 983 544
6 4 920 927 162
6 16 97 949 76
6 17 569 389 339
6 18 381 83 507
7 4 509 329 800
7 18 646 891 398
7 22 216 178 385
8 3 296 182 783
8 20 757 153 941
9 11 416 288 335
9 19 368 651 529
9 22 486 390 586
10 11 791 349 259
10 16 796 450 616
10 22 176 734 957
23 11 165 153 388
23 15 915 871 907
23 18 483 227 326
23 19 225 969 440
23 21 443 759 867
12 3 358 406 557
12 13 734 941 843
12 22 814 271 499
14 15 90 373 639
14 17 507 537 309
