18 4
0 1 408 284 953 689
0 3 91 665 270 710
17 16 521 283 209 159
17 6 62 571 545 904
2 16 506 726 965 589
2 7 196 401 112 462
2 8 432 96 672 549
2 11 107 844 687 897
4 7 494 715 634 121
4 8 749 629 175 774
4 13 548 951 741 195
5 16 901 996 251 640
5 6 961 360 150 271
5 13 818 193 304 84
9 3 920 602 470 558
10 11 373 83 686 462
10 13 491 329 413 390
12 16 641 466 639 877
12 7 838 912 451 983
12 8 828 226 167 507
12 11 306 519 822 346
14 3 571 416 694 74
14 6 324 404 149 832
15 1 557 818 298 801
