16 3
1 0 645 679 124
1 4 905 834 490
1 7 520 622 562
1 8 451 239 966
1 9 55 485 239
1 10 460 921 148
1 11 463 982 431
1 14 844 327 912
1 15 186 279 775
2 0 393 877 315
2 4 130 51 524
2 7 161 780 637
2 8 314 563 752
2 9 291 89 772
2 10 706 212 682
2 11 223 393 504
2 14 663 503 997
2 15 606 984 682
3 0 894 445 769
3 4 294 233 94
3 7 404 327 109
3 8 989 590 99
3 9 547 815 775
3 10 912 56 924
3 11 756 116 932
3 14 733 429 798
3 15 315 62 84
5 0 977 674 621
5 4 163 639 723
5 7 373 372 579
5 8 453 115 877
5 9 380 107 173
5 10 415 614 906
5 11 937 257 255
5 14 92 786 225
5 15 96 423 568
6 0 776 966 907
6 4 927 939 946
6 7 264 856 840
6 8 949 470 177
6 9 345 904 786
6 10 676 66 80
6 11 554 855 359
6 14 366 167 560
6 15 677 560 555
12 0 615 686 594
12 4 407 236 769
12 7 568 594 714
12 8 660 671 144
12 9 498 921 808
12 10 82 51 89
12 11 764 51 110
12 14 100 203 417
12 15 374 534 171
13 0 260 269 652
13 4 153 186 905
13 7 572 377 516
13 8 791 107 352
13 9 779 422 392
13 10 761 239 423
13 11 736 678 394
13 14 916 842 550
13 15 460 301 853
