24 4
0 16 320 767 904 51
0 22 650 460 548 419
0 8 725 567 979 913
0 15 85 800 148 603
1 15 287 780 966 127
2 16 561 171 477 788
2 18 509 307 728 894
2 19 329 485 250 468
2 23 762 604 981 548
2 8 213 407 793 442
2 15 106 435 819 599
3 17 186 500 382 842
3 4 568 54 628 164
6 19 738 565 644 524
6 5 991 672 880 755
6 8 606 958 598 949
6 15 424 722 183 192
7 18 700 540 665 884
9 16 201 348 988 852
9 19 983 924 174 645
9 4 570 760 590 534
9 23 59 985 671 147
9 8 414 952 501 511
10 17 607 258 327 968
10 11 637 642 414 253
12 4 223 454 912 578
12 5 739 730 775 820
12 22 932 593 461 954
12 23 245 363 719 421
13 17 894 760 767 744
13 4 371 374 479 442
13 15 806 868 516 480
14 18 60 687 378 167
14 19 977 884 548 648
14 4 265 327 826 578
14 8 276 786 891 444
20 4 580 392 545 343
21 17 167 400 815 583
21 23 782 513 865 454
21 11 663 108 412 670
