13 3
8 0 948 311 238
8 1 745 735 367
8 2 182 559 260
8 3 476 473 414
8 5 74 544 640
8 7 713 326 525
8 11 281 688 800
8 12 671 509 98
9 0 175 973 524
9 1 243 663 750
9 2 296 570 181
9 3 858 446 980
9 5 929 449 724
9 7 648 461 507
9 11 652 780 252
9 12 601 933 261
10 0 480 624 91
10 1 736 843 641
10 2 910 83 871
10 3 743 180 856
10 5 258 320 824
10 7 78 421 271
10 11 894 431 522
10 12 404 563 165
4 0 901 432 207
4 1 513 326 648
4 2 962 142 218
4 3 733 85 253
4 5 968 707 680
4 7 247 951 186
4 11 956 936 302
4 12 365 878 325
6 0 392 136 569
6 1 162 147 193
6 2 322 733 993
6 3 354 332 715
6 5 144 311 183
6 7 652 618 235
6 11 784 838 545
6 12 356 764 452
