20 3
19 1 879 348 980
19 17 193 311 528
19 6 180 323 424
19 7 983 492 505
19 8 72 266 745
19 11 976 188 464
19 12 571 179 379
19 13 518 427 647
19 16 849 899 551
2 1 715 807 353
2 17 75 373 349
2 7 202 281 920
2 8 968 67 111
2 11 911 240 102
2 12 109 113 879
2 14 356 905 623
3 0 382 685 163
3 17 134 287 651
3 6 845 603 715
3 11 570 847 668
3 12 837 849 608
3 13 170 845 567
3 14 363 486 671
3 16 257 755 820
4 0 865 322 705
4 1 553 799 827
4 17 618 538 716
4 6 520 163 152
4 11 524 969 305
4 12 564 194 374
4 13 899 760 417
4 14 777 435 677
5 0 441 442 224
5 1 229 876 90
5 17 128 126 969
5 7 569 807 329
5 8 754 595 469
5 12 641 124 416
5 13 530 250 82
5 14 214 437 982
5 16 286 105 960
9 0 600 259 771
9 1 140 826 65
9 17 257 728 744
9 6 329 845 943
9 7 735 501 536
9 8 92 731 555
9 16 600 794 576
10 1 70 487 490
10 6 700 253 258
10 7 781 883 967
10 8 398 98 390
10 12 137 518 53
10 13 76 548 917
10 14 319 924 721
10 16 560 91 759
18 0 311 707 511
18 1 548 270 278
18 17 392 368 169
18 6 829 692 764
18 7 304 59 294
18 11 752 57 235
18 12 295 847 956
18 14 667 339 116
18 16 188 83 712
15 1 730 275 350
15 17 294 546 265
15 6 620 355 108
15 7 496 800 501
15 11 493 149 492
15 12 428 846 294
15 14 153 215 712
15 16 325 678 652
