22 4
0 3 430 592 706 647
0 8 768 153 153 979
0 19 315 709 461 444
1 16 528 76 197 375
1 18 733 738 579 843
1 6 345 463 597 592
1 8 720 189 865 437
1 15 431 687 531 723
2 16 957 376 134 561
2 8 264 98 304 413
4 16 931 929 916 768
4 17 61 596 551 552
4 18 828 390 853 839
4 3 352 822 313 628
7 19 983 295 226 347
7 21 598 648 366 186
7 15 810 814 892 769
9 17 978 333 773 191
9 18 558 507 344 468
9 5 898 687 190 372
9 6 443 661 674 502
9 8 313 830 472 492
10 21 184 450 487 147
10 15 897 777 574 57
11 15 466 339 958 514
12 5 428 195 595 712
12 15 535 787 600 701
13 16 975 807 557 537
13 17 168 745 761 191
13 19 865 513 55 502
14 18 300 585 391 286
14 5 617 367 186 790
14 8 462 802 197 289
14 19 558 673 516 443
20 6 810 788 73 693
20 15 188 427 234 254
