19 3
0 16 618 877 416
0 6 459 365 839
0 8 773 50 120
0 12 272 548 455
0 13 847 102 90
1 6 91 139 760
1 8 406 659 774
1 13 288 368 121
1 15 69 534 315
2 3 835 599 383
2 8 105 717 68
2 9 955 712 371
2 12 795 739 431
2 13 562 579 160
2 15 467 248 832
4 16 682 76 378
4 3 793 548 119
4 5 743 750 553
4 6 459 852 100
4 9 283 439 899
4 11 358 134 381
4 12 241 488 702
17 16 372 849 616
17 3 675 803 459
17 5 815 211 902
17 15 446 296 610
7 8 50 115 638
7 9 241 418 471
7 13 165 61 918
7 15 413 666 539
10 16 699 54 693
10 5 975 813 918
10 8 90 680 927
10 9 617 188 845
10 11 152 636 792
10 15 283 373 366
18 16 380 279 708
18 3 754 348 541
18 6 204 357 486
18 11 731 705 95
18 12 776 742 84
14 16 993 973 127
14 3 90 98 727
14 5 474 537 602
14 6 147 222 113
14 11 304 262 453
14 12 592 287 501
14 15 674 495 931
