16 3
0 2 962 646 371
0 10 230 445 354
0 13 322 50 503
3 1 92 371 631
3 4 516 718 930
3 10 142 507 664
3 11 845 354 124
5 1 229 610 163
5 2 836 228 113
5 4 840 655 52
6 2 691 61 218
6 11 732 865 903
7 2 598 754 500
7 10 354 614 103
7 13 397 607 603
7 15 593 500 322
8 1 978 323 959
8 2 745 602 929
8 10 121 200 776
8 15 769 971 519
9 2 839 777 791
9 4 297 716 866
9 11 973 555 106
9 15 843 860 467
12 1 106 198 803
12 2 860 736 704
12 4 997 370 349
12 10 757 567 849
12 11 956 558 126
14 1 797 690 635
14 4 824 79 266
14 11 621 929 721
