20 2
17 2 656 335
17 3 177 347
17 8 644 119
17 12 189 255
18 0 334 557
18 1 280 976
18 2 351 218
18 3 207 444
18 8 460 363
5 0 132 209
5 2 147 671
5 3 679 211
5 4 118 366
5 8 507 626
5 11 963 879
5 16 69 906
5 19 347 966
6 2 822 178
6 3 939 245
6 4 91 551
6 8 453 946
6 9 705 594
6 10 776 887
6 11 992 293
6 16 813 853
6 19 432 201
7 0 795 374
7 2 126 486
7 8 253 563
7 10 796 479
7 11 217 927
7 12 435 580
13 1 911 461
13 3 766 523
13 4 488 221
13 9 108 996
13 11 453 409
13 12 284 194
13 16 415 811
14 1 415 544
14 2 884 194
14 9 622 927
14 10 549 173
14 12 115 547
14 16 995 851
14 19 81 299
15 0 832 195
15 1 773 704
15 2 874 587
15 3 171 234
15 8 830 73
15 10 719 827
15 11 622 70
15 12 882 154
15 16 196 802
