13 4
0 1 298 123 290 746
0 4 395 965 432 637
0 9 300 879 747 861
0 10 540 204 958 572
0 11 620 949 811 873
0 12 723 301 844 918
8 1 746 364 920 672
8 3 826 58 374 369
8 4 87 960 942 786
8 9 267 495 300 150
8 10 95 637 582 933
8 11 743 435 813 732
8 12 743 322 690 387
6 2 83 751 947 320
6 3 755 572 327 915
6 5 615 767 162 336
6 9 145 636 722 513
6 10 268 156 501 771
6 11 286 296 919 694
6 12 586 943 961 971
7 1 63 95 151 722
7 2 697 54 685 252
7 3 78 741 211 161
7 9 697 808 406 781
7 10 632 164 777 796
7 11 449 820 392 613
