13 4
8 0 433 307 666 801
8 1 115 972 573 659
8 2 320 959 524 614
8 3 288 796 474 888
8 5 640 714 833 898
8 6 619 473 498 887
8 9 700 215 117 66
8 10 866 504 526 280
8 11 213 510 452 57
8 12 794 90 969 951
4 0 155 296 226 174
4 1 454 516 902 411
4 2 333 941 493 868
4 3 209 954 900 988
4 5 837 195 760 881
4 6 791 501 897 804
4 9 124 680 420 778
4 10 154 700 329 683
4 11 78 279 823 232
4 12 60 745 543 956
7 0 967 57 670 767
7 1 299 241 888 198
7 2 99 652 935 734
7 3 486 124 214 164
7 5 912 266 615 217
7 6 719 62 972 428
7 9 774 793 793 773
7 10 508 605 800 931
7 11 614 802 810 325
7 12 886 915 257 60
