17 2
16 0 614 95
16 1 417 672
16 3 677 759
16 8 327 434
16 11 521 676
16 12 813 260
16 14 559 523
2 0 388 836
2 1 296 138
2 3 548 925
2 8 674 718
2 11 614 254
2 12 285 319
2 14 535 510
4 0 386 839
4 1 150 357
4 3 612 957
4 8 347 269
4 11 149 330
4 12 214 486
4 14 239 854
5 0 285 460
5 1 909 534
5 3 586 305
5 8 678 679
5 11 782 416
5 12 137 926
5 14 457 867
6 0 296 434
6 1 538 250
6 3 872 674
6 8 427 62
6 11 528 566
6 12 663 767
6 14 745 975
7 0 134 877
7 1 252 538
7 3 919 158
7 8 509 686
7 11 479 274
7 12 161 131
7 14 629 829
9 0 296 78
9 1 826 378
9 3 530 793
9 8 290 100
9 11 312 660
9 12 180 72
9 14 339 823
10 0 561 785
10 1 767 298
10 3 760 281
10 8 100 383
10 11 584 525
10 12 358 89
10 14 955 201
13 0 342 346
13 1 471 740
13 3 255 809
13 8 483 563
13 11 942 433
13 12 127 74
13 14 480 246
15 0 604 997
15 1 479 839
15 3 667 616
15 8 351 340
15 11 423 969
15 12 959 456
15 14 700 812
