19 4
0 1 183 115 575 408
0 8 169 229 257 618
0 15 596 200 382 344
18 16 604 143 589 942
18 1 381 629 968 946
18 2 778 890 780 815
18 17 73 963 982 844
3 16 903 905 76 797
3 1 950 92 987 171
3 6 93 112 971 781
4 2 530 755 806 128
4 5 273 858 886 213
4 6 423 982 123 241
4 7 773 446 992 983
9 17 74 786 57 848
9 6 774 952 292 223
9 10 159 784 648 478
9 14 811 930 247 146
11 2 628 733 273 313
11 5 832 256 157 633
11 6 549 692 202 787
12 17 183 900 565 354
12 5 651 227 922 524
13 16 814 799 346 186
13 2 211 62 739 737
13 17 393 788 105 289
13 10 504 328 541 742
13 14 925 202 926 689
