23 3
0 4 850 594 891
0 5 514 990 570
0 9 557 74 864
0 10 390 747 795
0 17 725 947 435
1 7 666 650 943
1 14 493 811 157
1 17 467 858 605
18 5 268 419 288
18 6 751 587 303
18 9 433 618 406
18 12 213 463 979
18 20 608 923 534
3 5 909 601 352
3 12 317 490 715
3 17 838 861 540
21 2 392 595 597
16 2 270 327 979
16 11 490 942 592
8 9 632 321 526
8 12 167 797 560
8 14 216 486 183
22 2 339 864 257
22 9 975 117 95
19 2 945 150 417
19 4 711 119 410
19 5 398 845 107
19 6 357 232 455
19 7 459 333 556
13 4 341 120 807
13 7 554 471 535
13 12 827 928 956
13 17 205 60 836
15 7 841 69 134
15 9 271 488 599
15 12 58 333 733
