19 3
0 17 250 905 93
0 18 177 637 736
0 4 161 889 812
0 6 162 482 533
0 7 414 820 302
0 13 478 949 997
0 14 709 81 973
1 4 930 661 785
1 7 227 474 451
1 14 861 868 399
1 15 431 236 925
2 17 821 720 861
2 7 782 378 329
2 14 702 945 562
2 15 601 304 416
3 17 431 82 241
3 6 96 382 293
3 7 313 377 428
3 10 79 661 866
3 13 498 898 395
3 15 704 745 670
5 17 601 622 255
5 18 637 121 87
5 4 669 724 938
5 7 675 843 963
5 10 583 536 652
5 13 254 408 542
5 14 864 757 436
16 17 97 116 335
16 18 389 75 413
16 4 876 476 527
16 7 720 486 220
16 10 664 174 689
16 13 670 707 177
8 18 422 545 233
8 14 315 753 564
9 17 486 426 236
9 6 555 588 613
9 10 228 647 161
9 13 328 754 399
9 14 845 147 873
11 17 114 92 231
11 4 612 205 871
11 6 304 148 612
11 13 366 526 81
11 14 216 66 145
11 15 967 342 616
12 17 605 849 807
12 18 340 880 998
12 4 172 105 291
12 10 88 438 599
12 14 208 322 378
