18 4
0 4 616 76 349 225
0 7 223 968 991 860
16 1 948 825 170 986
16 3 633 192 580 465
16 4 630 484 173 396
16 5 635 834 806 900
2 1 340 791 108 979
2 3 277 125 477 668
2 7 798 215 597 79
2 13 891 772 95 376
2 14 443 508 984 993
6 1 876 818 736 722
6 3 730 607 369 488
6 5 576 251 333 667
6 7 252 223 284 883
6 13 179 336 813 139
6 14 327 846 530 878
17 3 903 130 621 421
17 4 214 261 774 500
17 5 793 817 560 642
17 10 713 404 385 739
8 3 375 603 588 660
8 13 908 480 72 158
8 14 263 92 303 778
9 1 131 848 498 621
9 5 323 449 630 837
9 13 440 424 519 810
9 14 536 187 573 950
11 3 144 359 888 729
11 4 837 523 589 794
11 5 795 80 982 730
11 7 480 83 843 78
12 3 739 837 681 316
12 4 318 628 592 56
12 5 382 810 848 707
15 3 823 463 733 785
15 4 58 401 912 540
15 5 327 267 298 199
15 7 756 563 755 569
15 14 913 125 541 430
