22 3
0 1 882 777 881
0 18 967 773 68
0 21 158 197 447
0 11 222 241 754
2 1 513 636 578
2 3 492 130 831
2 21 179 72 470
2 6 443 686 245
4 6 93 104 151
4 9 719 71 872
5 3 531 314 738
5 6 463 755 478
5 13 942 451 298
7 18 668 226 802
7 6 632 321 152
7 11 363 601 759
8 1 916 550 982
10 21 677 579 435
10 13 166 711 314
14 3 468 526 479
14 11 687 99 982
15 9 988 543 51
15 12 658 985 136
15 13 461 848 483
16 3 748 725 687
16 13 552 189 787
17 1 307 812 616
17 18 210 58 556
17 12 683 73 220
19 21 92 483 899
19 11 289 776 918
20 18 930 56 247
20 6 815 521 842
20 12 645 948 846
