16 4
0 2 404 964 603 565
0 5 428 708 288 652
0 7 551 649 903 153
0 8 407 905 358 876
0 9 756 677 260 133
0 11 958 143 680 225
0 12 321 806 97 528
0 13 373 769 219 926
0 14 838 669 153 244
1 2 743 950 576 681
1 5 743 953 978 419
1 7 991 822 736 421
1 8 487 876 349 335
1 9 130 238 806 311
1 11 991 266 588 931
1 12 834 255 525 356
1 13 261 995 487 561
1 14 960 57 443 491
3 2 869 846 582 209
3 5 96 179 877 814
3 7 304 64 837 88
3 8 375 257 607 907
3 9 492 128 470 128
3 11 77 691 493 613
3 12 973 692 588 501
3 13 635 130 749 699
3 14 361 406 82 396
4 2 261 794 287 418
4 5 159 71 423 252
4 7 300 995 277 306
4 8 566 536 674 718
4 9 364 586 696 321
4 11 246 99 760 605
4 12 586 133 812 712
4 13 543 319 359 245
4 14 563 295 329 312
6 2 400 877 420 628
6 5 882 776 467 844
6 7 301 690 581 162
6 8 774 78 590 296
6 9 506 839 707 92
6 11 902 242 398 463
6 12 139 116 612 267
6 13 335 689 251 433
6 14 858 633 72 770
10 2 300 774 587 619
10 5 266 468 184 743
10 7 115 351 474 739
10 8 334 277 820 980
10 9 293 908 656 793
10 11 638 103 50 455
10 12 151 699 546 675
10 13 261 623 262 158
10 14 264 242 979 752
15 2 595 526 470 812
15 5 943 782 457 649
15 7 627 758 539 803
15 8 475 195 206 566
15 9 646 451 123 187
15 11 736 454 555 923
15 12 437 99 709 318
15 13 845 680 485 493
15 14 671 927 185 559
