17 3
2 1 116 487 396
2 3 796 160 979
2 12 352 459 489
2 5 536 94 440
4 0 471 293 599
4 1 580 772 253
4 3 662 933 63
4 12 607 957 608
4 5 927 546 906
6 0 634 991 865
6 1 514 185 97
6 3 134 534 447
6 12 360 442 537
7 0 681 604 968
7 1 941 925 561
7 3 940 961 792
7 12 633 330 118
8 0 659 594 194
8 1 389 144 912
8 12 987 441 414
9 0 627 820 84
9 1 513 534 420
9 5 196 444 879
10 0 372 236 796
10 3 430 977 968
10 12 280 945 922
10 5 497 526 856
11 0 769 320 800
11 3 60 842 748
11 12 715 635 320
11 5 812 323 98
13 0 100 828 589
13 12 306 713 311
13 5 872 677 418
14 0 755 589 206
14 3 465 840 722
14 12 761 939 912
14 5 595 732 62
15 0 527 402 751
15 1 610 90 624
15 12 281 663 290
15 5 866 550 110
16 0 700 697 576
16 3 124 479 127
16 5 745 54 644
