10 2
0 1 786 849
0 2 333 844
0 3 954 347
0 4 621 894
0 5 391 886
0 6 971 436
0 7 564 388
0 8 54 719
0 9 994 949
1 2 433 343
1 3 145 105
1 4 686 171
1 5 427 190
1 6 483 344
1 7 555 911
1 8 934 817
1 9 903 312
2 3 630 209
2 4 290 91
2 5 815 688
2 6 647 536
2 7 705 456
2 8 878 635
2 9 907 174
3 4 252 50
3 5 599 477
3 6 136 71
3 7 213 663
3 8 961 194
3 9 887 967
4 5 341 852
4 6 997 727
4 7 515 397
4 8 164 528
4 9 541 99
5 6 707 382
5 7 193 615
5 8 209 424
5 9 450 827
6 7 594 883
6 8 95 162
6 9 853 956
7 8 942 114
7 9 497 658
8 9 174 471
