10 2
0 1 730 99
0 2 839 529
0 3 565 230
0 4 564 260
0 5 345 917
0 6 211 95
0 7 695 173
0 8 710 456
0 9 844 984
1 2 589 922
1 3 652 388
1 4 387 674
1 5 305 485
1 6 919 690
1 7 72 608
1 8 105 480
1 9 733 171
2 3 931 448
2 4 271 401
2 5 151 491
2 6 565 913
2 7 469 976
2 8 609 468
2 9 588 544
3 4 532 387
3 5 538 682
3 6 936 336
3 7 69 841
3 8 307 827
3 9 236 577
4 5 849 68
4 6 311 161
4 7 200 422
4 8 129 816
4 9 842 689
5 6 705 763
5 7 293 130
5 8 867 135
5 9 451 107
6 7 940 303
6 8 759 151
6 9 267 958
7 8 335 617
7 9 219 235
8 9 247 504
