10 2
0 1 307 770
0 2 266 772
0 3 762 788
0 4 551 768
0 5 536 959
0 6 827 786
0 7 442 457
0 8 483 218
0 9 260 331
1 2 638 467
1 3 273 656
1 4 594 729
1 5 538 345
1 6 633 156
1 7 74 886
1 8 185 129
1 9 219 671
2 3 762 490
2 4 357 296
2 5 560 310
2 6 249 877
2 7 69 583
2 8 932 130
2 9 166 321
3 4 114 94
3 5 448 750
3 6 518 791
3 7 523 885
3 8 333 244
3 9 612 125
4 5 427 902
4 6 671 440
4 7 691 686
4 8 432 649
4 9 262 603
5 6 631 665
5 7 138 832
5 8 587 587
5 9 189 552
6 7 308 621
6 8 227 546
6 9 174 890
7 8 209 429
7 9 917 245
8 9 506 960
