10 2
0 1 464 323
0 2 68 336
0 3 995 496
0 4 924 964
0 5 950 856
0 6 226 849
0 7 205 612
0 8 655 939
0 9 870 183
1 2 497 365
1 3 890 54
1 4 575 710
1 5 784 717
1 6 596 879
1 7 724 334
1 8 318 945
1 9 598 244
2 3 811 470
2 4 964 618
2 5 398 442
2 6 213 456
2 7 939 405
2 8 523 526
2 9 739 736
3 4 636 172
3 5 479 866
3 6 957 362
3 7 868 597
3 8 825 594
3 9 122 777
4 5 157 515
4 6 345 129
4 7 668 336
4 8 818 767
4 9 541 692
5 6 188 852
5 7 605 571
5 8 475 258
5 9 338 398
6 7 628 181
6 8 261 950
6 9 375 456
7 8 967 240
7 9 707 163
8 9 423 523
