10 3
0 1 993 693 804
0 2 265 773 518
0 3 71 757 333
0 4 599 868 403
0 5 211 294 361
0 6 712 637 154
0 7 990 184 60
0 8 523 383 723
0 9 621 183 557
1 2 133 241 822
1 3 413 896 662
1 4 329 394 902
1 5 759 226 658
1 6 125 778 253
1 7 951 724 88
1 8 771 377 151
1 9 559 723 932
2 3 226 686 758
2 4 895 715 805
2 5 126 130 417
2 6 620 848 386
2 7 276 785 264
2 8 414 946 606
2 9 235 352 967
3 4 52 730 548
3 5 129 899 128
3 6 825 619 195
3 7 525 410 94
3 8 205 774 316
3 9 276 262 796
4 5 592 648 835
4 6 203 676 230
4 7 796 68 602
4 8 761 531 231
4 9 259 577 958
5 6 54 516 673
5 7 853 564 745
5 8 358 181 884
5 9 999 755 829
6 7 526 125 619
6 8 247 449 302
6 9 127 310 961
7 8 470 395 114
7 9 742 537 586
8 9 906 689 528
