10 3
0 1 420 482 301
0 2 859 643 262
0 3 374 661 358
0 4 438 194 116
0 5 830 613 708
0 6 95 561 827
0 7 167 284 676
0 8 346 587 856
0 9 709 175 196
1 2 756 425 115
1 3 572 807 77
1 4 76 175 183
1 5 276 869 163
1 6 836 860 186
1 7 871 436 166
1 8 706 769 299
1 9 242 427 682
2 3 557 443 887
2 4 97 593 587
2 5 788 822 418
2 6 629 513 690
2 7 769 164 92
2 8 735 203 659
2 9 610 571 985
3 4 250 192 853
3 5 564 551 410
3 6 855 983 702
3 7 278 332 684
3 8 222 168 701
3 9 907 613 323
4 5 414 836 931
4 6 389 324 491
4 7 891 739 327
4 8 589 835 531
4 9 386 315 262
5 6 772 854 310
5 7 635 346 967
5 8 75 134 214
5 9 985 851 583
6 7 638 438 453
6 8 117 76 63
6 9 970 557 973
7 8 346 478 859
7 9 914 315 945
8 9 590 568 119
