10 3
0 1 679 941 142
0 2 696 369 668
0 3 616 316 233
0 4 958 928 646
0 5 785 735 285
0 7 636 616 96
0 8 681 185 415
0 9 114 470 615
1 4 479 335 543
1 5 53 437 669
1 6 815 553 936
1 7 705 902 495
1 8 620 93 508
2 3 512 804 62
2 4 674 61 321
2 5 187 781 999
2 6 895 901 223
2 8 312 758 202
2 9 864 326 789
3 5 176 869 164
3 6 437 255 956
3 7 981 905 825
3 8 215 307 901
3 9 234 516 732
4 7 326 96 319
4 8 581 910 122
4 9 980 336 489
5 6 984 344 220
5 7 140 994 220
5 8 83 340 482
6 7 251 276 829
6 9 727 786 835
7 8 831 982 670
7 9 520 243 229
