10 3
0 1 736 730 455
0 2 562 92 351
0 3 217 170 197
0 4 182 594 107
0 5 287 819 418
0 6 472 574 615
0 7 938 727 585
0 8 704 667 719
0 9 135 593 394
1 2 779 376 243
1 3 767 430 361
1 4 216 308 884
1 5 496 208 941
1 6 533 385 133
1 7 363 397 368
1 8 494 840 533
1 9 136 983 548
2 3 935 317 850
2 4 487 708 593
2 5 497 636 654
2 6 95 666 778
2 7 586 378 690
2 8 962 317 753
2 9 324 220 930
3 4 77 916 386
3 5 568 342 630
3 6 479 214 171
3 7 616 748 711
3 8 853 492 584
3 9 561 918 184
4 5 708 480 451
4 6 639 410 939
4 7 899 205 528
4 8 201 491 932
4 9 484 505 744
5 6 134 347 714
5 7 508 129 702
5 8 702 305 150
5 9 53 81 213
6 7 936 229 73
6 8 282 263 969
6 9 633 378 165
7 8 804 365 826
7 9 186 886 812
8 9 575 736 738
