10 3
0 1 735 76 117
0 2 335 319 210
0 3 849 82 297
0 4 104 716 773
0 5 583 229 338
0 6 220 455 277
0 7 111 494 259
0 8 621 386 799
0 9 893 649 920
1 2 329 391 983
1 3 682 135 352
1 4 548 924 989
1 5 212 629 924
1 6 744 199 762
1 7 441 967 464
1 8 98 807 866
1 9 695 267 506
2 3 614 667 939
2 4 224 288 332
2 5 939 852 60
2 6 155 635 493
2 7 395 745 755
2 8 443 346 127
2 9 290 435 172
3 4 228 727 566
3 5 309 216 994
3 6 798 874 201
3 7 373 791 529
3 8 639 624 919
3 9 870 844 641
4 5 499 723 938
4 6 188 356 253
4 7 812 896 353
4 8 181 936 548
4 9 427 198 451
5 6 623 508 753
5 7 613 447 753
5 8 884 779 94
5 9 958 297 570
6 7 365 400 65
6 8 433 59 835
6 9 819 82 216
7 8 141 850 991
7 9 640 441 849
8 9 200 803 148
