10 3
0 2 387 406 135
0 6 868 800 830
0 7 798 522 480
0 8 332 974 772
1 2 523 174 947
1 5 382 788 777
1 6 476 947 67
1 8 637 470 663
1 9 203 887 563
2 3 336 709 902
2 4 662 626 479
2 5 479 57 886
2 6 292 346 356
2 7 501 831 852
2 8 54 418 99
2 9 961 458 124
3 4 216 405 778
3 5 96 248 497
3 6 182 453 703
3 7 793 144 249
3 8 113 878 670
3 9 211 895 354
4 5 646 517 542
4 6 201 861 585
4 7 628 311 341
4 8 926 874 522
4 9 874 993 613
5 9 311 571 420
6 7 639 535 478
6 8 395 383 78
6 9 202 914 441
7 8 366 98 110
