10 3
0 1 276 98 485
0 2 661 264 685
0 3 358 619 422
0 4 778 182 448
0 5 457 482 971
0 6 621 574 467
0 8 367 916 131
0 9 225 258 539
1 2 73 978 940
1 3 99 193 399
1 5 314 688 507
1 7 62 993 519
1 8 67 704 774
1 9 917 213 73
2 4 599 465 799
2 6 334 899 209
2 7 202 480 111
2 8 958 59 463
2 9 554 238 866
3 4 878 433 585
3 5 102 89 434
3 6 868 288 584
3 8 437 80 965
4 5 426 93 691
4 7 459 279 191
4 8 469 349 868
4 9 703 60 945
5 6 527 103 399
5 7 652 137 888
5 8 710 949 835
5 9 766 200 546
6 7 392 541 146
6 9 325 531 865
7 8 700 638 274
7 9 824 453 839
8 9 859 613 215
