10 3
0 1 839 387 187
0 2 367 908 939
0 3 493 408 703
0 4 434 568 133
0 5 440 813 504
0 6 741 366 468
0 7 728 195 154
0 8 969 665 374
0 9 498 331 973
1 2 225 596 549
1 3 768 998 185
1 4 401 954 484
1 5 473 127 200
1 6 215 839 890
1 7 203 133 531
1 8 569 874 821
1 9 221 230 309
2 3 489 247 511
2 4 433 72 792
2 5 151 290 394
2 6 183 974 982
2 7 291 566 310
2 8 465 879 108
2 9 360 807 973
3 4 688 606 461
3 5 707 699 628
3 6 510 62 575
3 7 189 171 62
3 8 164 662 977
3 9 792 220 760
4 5 370 735 654
4 6 497 142 879
4 7 133 185 397
4 8 87 282 854
4 9 935 62 155
5 6 543 70 82
5 7 804 589 894
5 8 122 451 398
5 9 757 518 758
6 7 870 74 154
6 8 744 745 564
6 9 661 226 583
7 8 347 177 270
7 9 228 519 276
8 9 608 429 240
