10 3
0 2 150 69 868
0 3 57 532 297
0 4 824 239 801
0 6 461 800 770
0 8 100 103 170
0 9 493 433 86
1 2 738 780 86
1 3 411 578 311
1 5 310 137 438
1 6 124 148 794
1 7 836 944 953
1 8 836 925 522
1 9 581 578 311
2 4 559 951 892
2 5 516 598 585
2 6 547 918 729
2 7 531 599 925
2 8 506 569 629
2 9 902 95 721
3 4 590 183 464
3 5 101 262 175
3 7 555 101 226
4 5 607 916 774
4 6 333 707 594
4 9 432 146 589
5 6 348 269 157
5 7 167 830 904
5 8 450 852 524
5 9 581 225 862
6 8 332 539 486
6 9 818 269 184
7 8 942 135 197
7 9 408 716 382
8 9 869 316 140
