10 3
0 1 237 358 366
0 2 526 767 214
0 3 712 693 590
0 4 575 634 906
0 5 218 253 179
0 6 73 863 326
0 7 965 698 737
0 8 120 111 597
0 9 545 439 372
1 2 731 625 962
1 3 634 644 382
1 4 342 326 275
1 5 380 241 745
1 6 794 736 156
1 7 161 631 714
1 8 92 302 622
1 9 995 677 215
2 3 699 256 990
2 4 963 566 932
2 5 913 203 290
2 6 557 750 876
2 7 246 802 234
2 8 756 450 685
2 9 709 250 757
3 4 425 489 477
3 5 120 244 712
3 6 781 722 430
3 7 634 186 564
3 8 301 143 894
3 9 878 407 842
4 5 167 531 426
4 6 181 970 271
4 7 938 924 470
4 8 940 804 445
4 9 289 999 467
5 6 177 185 721
5 7 448 527 968
5 8 768 477 491
5 9 885 710 953
6 7 334 363 61
6 8 125 942 725
6 9 464 977 97
7 8 888 85 139
7 9 608 448 85
8 9 135 700 345
