10 3
0 1 138 433 656
0 2 387 446 316
0 3 843 505 980
0 4 120 983 951
0 5 630 781 773
0 6 876 403 62
0 7 681 109 292
0 8 997 331 264
0 9 691 920 412
1 2 644 363 555
1 3 899 834 281
1 4 633 276 922
1 5 436 114 912
1 6 144 668 917
1 7 698 498 810
1 8 900 937 678
1 9 682 512 953
2 3 727 648 670
2 4 257 861 828
2 5 506 330 402
2 6 108 136 787
2 7 397 656 735
2 8 257 321 653
2 9 564 992 500
3 4 127 408 372
3 5 414 300 311
3 6 517 528 874
3 7 219 199 903
3 8 403 576 54
3 9 624 495 558
4 5 344 683 854
4 6 555 404 628
4 7 104 569 608
4 8 826 299 979
4 9 721 237 130
5 6 69 778 60
5 7 650 263 781
5 8 794 290 471
5 9 695 874 307
6 7 75 935 207
6 8 901 477 652
6 9 977 959 93
7 8 649 113 405
7 9 667 642 170
8 9 57 801 130
