10 3
0 1 995 136 874
0 2 819 179 158
0 3 53 965 968
0 4 489 210 509
0 5 199 859 984
0 6 786 626 793
0 7 468 678 830
0 8 762 699 854
0 9 123 796 830
1 2 323 942 926
1 3 532 138 808
1 4 907 497 666
1 5 595 224 607
1 6 979 627 476
1 7 521 273 164
1 8 372 474 363
1 9 139 579 492
2 3 697 519 331
2 4 480 265 794
2 5 226 270 716
2 6 477 268 324
2 7 54 901 80
2 8 803 689 605
2 9 542 432 369
3 4 397 889 680
3 5 961 464 344
3 6 449 352 243
3 7 363 950 536
3 8 925 170 363
3 9 701 988 643
4 5 725 799 467
4 6 877 350 732
4 7 812 934 297
4 8 794 136 578
4 9 422 87 506
5 6 961 436 925
5 7 678 393 195
5 8 232 149 892
5 9 428 259 451
6 7 177 246 119
6 8 734 596 519
6 9 359 93 762
7 8 529 927 284
7 9 949 187 146
8 9 349 63 898
