10 3
0 1 852 289 483
0 2 582 786 967
0 3 966 264 943
0 4 315 919 483
0 5 761 426 603
0 6 674 829 662
0 7 79 262 791
0 8 757 989 895
0 9 981 954 858
1 2 312 470 66
1 3 128 102 556
1 4 278 711 259
1 5 752 496 85
1 6 441 243 334
1 7 638 293 357
1 8 495 530 472
1 9 844 740 108
2 3 644 296 812
2 4 239 734 609
2 5 609 923 537
2 6 922 357 523
2 7 989 912 493
2 8 497 611 295
2 9 222 484 885
3 4 50 491 201
3 5 340 900 51
3 6 669 319 522
3 7 197 896 189
3 8 840 915 495
3 9 361 956 846
4 5 904 538 131
4 6 956 769 708
4 7 164 839 103
4 8 710 83 349
4 9 377 86 158
5 6 219 534 768
5 7 850 342 387
5 8 617 784 625
5 9 185 788 349
6 7 536 424 757
6 8 795 850 903
6 9 908 271 224
7 8 73 584 840
7 9 461 590 548
8 9 665 103 262
