10 3
0 1 579 913 786
0 3 241 600 448
0 4 944 715 868
0 5 964 579 294
0 6 528 759 95
0 7 470 260 397
0 8 354 240 893
0 9 819 120 951
1 2 562 726 774
1 4 800 768 530
1 6 139 191 455
1 7 586 127 62
1 9 616 111 913
2 3 351 281 315
2 4 696 858 565
2 6 763 426 321
2 7 243 56 827
2 8 943 83 153
2 9 586 329 675
3 4 136 167 381
3 5 387 443 411
3 6 784 959 311
3 7 984 184 822
3 8 716 390 541
3 9 907 356 405
4 6 922 792 433
4 8 173 998 85
4 9 809 149 275
5 6 696 941 270
5 7 848 834 309
5 8 136 958 979
5 9 174 333 222
6 8 506 681 515
6 9 231 461 157
7 8 403 105 542
8 9 933 803 263
