10 3
0 1 615 881 395
0 2 785 979 673
0 3 846 110 451
0 4 778 143 75
0 5 247 71 406
0 6 925 419 656
0 7 852 304 673
0 9 280 818 346
1 2 906 708 735
1 3 915 392 868
1 4 630 107 984
1 5 181 432 788
1 6 419 765 313
1 7 517 335 207
1 9 402 491 662
2 3 583 119 711
2 4 116 263 571
2 6 607 998 342
2 7 518 420 342
2 9 363 67 607
3 4 463 979 608
3 6 845 338 164
3 7 355 942 827
3 8 199 907 538
3 9 177 299 346
4 5 282 214 163
4 6 301 206 615
4 7 797 784 317
4 8 584 81 617
4 9 289 584 960
5 8 795 317 750
5 9 488 889 321
6 7 363 452 733
6 9 749 677 132
7 8 898 845 180
7 9 438 853 243
