10 3
0 2 661 307 733
0 3 60 411 69
0 5 387 155 652
0 8 532 953 819
0 9 654 611 468
1 2 520 624 294
1 3 539 235 801
1 4 503 50 828
1 7 222 134 968
1 9 609 217 51
2 3 887 953 95
2 4 978 385 916
2 5 237 436 332
2 6 640 758 150
2 7 465 517 283
2 8 732 500 902
2 9 916 898 927
3 4 667 591 439
3 5 488 249 295
3 6 414 450 990
3 7 242 595 675
3 8 377 143 895
3 9 863 320 920
4 6 858 548 744
4 7 591 492 896
4 9 532 774 832
5 6 129 378 375
5 7 609 620 493
5 8 447 320 435
5 9 427 889 566
6 7 655 275 758
6 9 441 157 524
7 8 305 92 348
7 9 184 306 639
8 9 897 185 528
