10 3
0 1 879 933 646
0 2 301 619 457
0 3 846 472 134
0 4 352 809 990
0 5 390 299 743
0 6 905 269 330
0 7 743 677 282
0 8 454 917 458
0 9 160 538 610
1 2 922 427 64
1 3 794 702 181
1 4 895 621 88
1 5 131 713 347
1 6 646 619 544
1 7 335 885 318
1 8 180 678 746
1 9 76 117 199
2 3 818 972 762
2 4 457 533 299
2 5 481 754 202
2 6 577 138 450
2 7 207 637 513
2 8 760 325 942
2 9 728 210 207
3 4 842 384 400
3 5 200 240 770
3 6 723 249 324
3 7 398 553 349
3 8 780 351 88
3 9 959 577 775
4 5 579 944 648
4 6 653 868 254
4 7 649 495 565
4 8 528 629 271
4 9 871 953 566
5 6 886 939 93
5 7 620 717 967
5 8 155 109 722
5 9 428 528 953
6 7 479 293 737
6 8 835 90 371
6 9 972 988 516
7 8 325 192 225
7 9 571 451 165
8 9 789 880 211
