10 3
0 1 524 368 556
0 2 786 227 888
0 3 317 193 467
0 4 459 790 903
0 5 349 337 149
0 6 672 548 416
0 7 353 323 455
0 8 780 102 74
0 9 107 747 791
1 2 758 544 128
1 3 595 311 180
1 4 878 935 268
1 5 468 567 181
1 6 248 70 119
1 7 516 955 979
1 8 916 123 773
1 9 619 828 812
2 3 90 316 135
2 4 547 139 644
2 5 631 777 401
2 6 663 803 573
2 7 453 389 972
2 8 67 705 993
2 9 817 799 681
3 4 543 139 689
3 5 586 67 159
3 6 298 553 114
3 7 535 413 690
3 8 663 712 640
3 9 267 931 951
4 5 256 471 80
4 6 814 556 241
4 7 691 376 922
4 8 765 823 641
4 9 659 111 957
5 6 140 285 146
5 7 593 988 709
5 8 149 143 989
5 9 182 490 296
6 7 544 416 190
6 8 536 79 913
6 9 408 208 589
7 8 825 920 647
7 9 452 949 379
8 9 510 726 620
