10 3
0 1 944 288 829
0 2 541 662 754
0 3 231 600 207
0 4 167 65 847
0 5 464 369 101
0 6 239 462 275
0 7 57 459 511
0 8 433 617 362
0 9 800 192 275
1 2 419 584 274
1 3 601 481 83
1 4 224 670 990
1 5 173 267 446
1 6 680 75 471
1 7 316 472 137
1 8 439 638 104
1 9 642 820 785
2 3 632 802 380
2 4 569 398 596
2 5 680 486 717
2 6 803 981 264
2 7 669 459 645
2 8 341 680 886
2 9 448 316 494
3 4 607 257 981
3 5 741 197 285
3 6 241 930 346
3 7 891 567 78
3 8 309 826 71
3 9 596 945 864
4 5 111 989 326
4 6 964 992 238
4 7 382 700 547
4 8 823 832 676
4 9 594 516 85
5 6 838 269 331
5 7 94 739 149
5 8 206 99 963
5 9 894 992 970
6 7 258 738 719
6 8 750 213 983
6 9 53 570 431
7 8 551 381 379
7 9 228 712 400
8 9 656 503 110
