10 3
0 1 927 107 888
0 2 697 254 284
0 3 936 352 775
0 4 806 136 671
0 6 889 403 321
0 7 376 874 717
0 8 539 575 222
0 9 266 203 715
1 2 899 995 629
1 5 170 83 928
1 7 995 893 521
1 8 66 752 107
1 9 427 501 703
2 3 386 571 215
2 4 681 594 293
2 5 203 946 183
2 6 343 194 199
2 8 135 343 289
2 9 454 691 61
3 4 509 823 382
3 5 52 660 545
3 6 704 395 804
3 8 646 222 709
3 9 599 793 389
4 5 411 682 863
4 6 480 657 237
4 7 299 202 798
4 8 433 858 439
4 9 149 291 591
5 6 695 183 806
5 9 980 881 620
6 7 705 717 202
6 8 181 79 76
6 9 640 583 574
7 8 336 88 491
7 9 537 673 904
8 9 324 904 643
