10 3
0 2 259 399 758
0 4 715 838 180
0 5 894 605 714
0 6 942 282 456
0 7 814 802 90
0 8 413 125 88
1 2 932 742 832
1 3 660 587 262
1 4 153 147 359
1 5 361 607 650
1 6 418 995 583
1 7 321 96 415
1 8 902 534 127
1 9 965 381 392
2 3 456 601 842
2 4 777 578 469
2 5 572 531 95
2 7 283 438 725
2 9 210 259 856
3 4 987 633 199
3 5 685 743 967
3 6 569 505 554
3 7 767 215 53
3 9 104 148 321
4 5 318 367 643
4 7 674 220 900
4 8 889 574 660
4 9 286 812 906
5 7 786 922 95
5 8 131 362 386
5 9 388 790 778
6 7 680 947 427
6 8 399 214 492
6 9 245 263 720
7 8 808 642 478
8 9 737 536 868
