10 3
0 1 449 174 758
0 2 739 592 791
0 3 618 475 969
0 5 851 929 937
0 6 967 112 459
0 7 492 330 854
0 8 390 768 632
0 9 414 247 459
1 2 608 618 733
1 3 534 142 320
1 5 165 850 786
1 6 232 147 657
1 8 959 514 988
1 9 674 392 249
2 7 506 949 483
2 8 714 178 601
2 9 560 234 811
3 4 500 100 275
4 5 973 332 173
4 6 492 631 551
4 7 970 460 845
4 8 112 289 523
4 9 988 70 551
5 6 907 713 173
5 7 912 855 105
5 8 964 761 198
5 9 880 810 388
6 7 582 419 376
6 9 205 52 757
7 8 225 192 242
7 9 750 426 352
8 9 615 282 336
