10 3
0 1 511 767 890
0 2 62 571 550
0 3 451 343 941
0 4 422 207 628
0 5 381 176 358
0 6 666 197 237
0 7 909 629 909
0 8 244 455 437
0 9 642 680 846
1 2 820 821 765
1 3 821 487 212
1 4 53 154 658
1 5 821 401 999
1 6 415 417 840
1 7 381 863 93
1 8 667 855 65
1 9 767 991 689
2 3 81 639 823
2 4 438 294 450
2 5 179 519 985
2 6 847 961 204
2 7 155 340 895
2 8 990 367 107
2 9 769 241 53
3 4 476 793 741
3 5 692 429 297
3 6 304 998 149
3 7 565 93 731
3 8 463 110 879
3 9 225 57 171
4 5 566 226 839
4 6 580 800 259
4 7 269 524 847
4 8 974 797 826
4 9 505 993 609
5 6 165 136 164
5 7 778 949 440
5 8 574 736 758
5 9 202 359 325
6 7 219 136 940
6 8 738 92 861
6 9 568 88 263
7 8 915 647 580
7 9 480 195 773
8 9 618 505 780
