10 3
0 1 981 365 107
0 3 746 92 603
0 4 112 421 948
0 5 961 802 376
0 6 283 996 826
0 7 174 934 429
0 8 394 114 988
1 4 839 380 917
1 5 782 763 634
1 7 199 868 711
1 8 534 360 473
1 9 905 937 360
2 3 230 248 513
2 4 146 76 829
2 7 940 918 995
3 4 854 474 878
3 5 411 478 562
3 6 893 934 555
3 7 749 752 251
3 8 668 467 560
3 9 743 75 322
4 5 343 801 785
4 6 810 696 671
4 7 117 484 747
4 8 923 901 440
5 6 260 927 86
5 7 328 874 72
5 8 657 89 611
5 9 895 735 512
6 7 100 789 610
6 9 661 140 481
7 8 697 96 768
7 9 765 594 261
