10 3
0 1 347 994 109
0 2 879 463 165
0 3 685 585 462
0 4 148 917 593
0 5 630 659 974
0 7 555 684 719
0 8 148 502 951
0 9 64 635 124
1 2 685 762 286
1 3 884 712 697
1 4 822 631 351
1 5 990 905 886
1 9 765 63 640
2 3 843 544 858
2 6 569 322 359
2 7 569 292 462
2 8 99 880 258
2 9 95 905 139
3 4 366 972 101
3 5 718 157 562
3 6 994 909 882
3 7 840 403 255
3 8 687 854 754
3 9 853 258 50
4 5 186 958 232
4 6 186 603 750
4 8 371 296 712
4 9 800 462 444
5 6 433 528 165
5 7 932 783 276
5 8 559 411 260
5 9 877 50 924
6 7 401 376 192
6 8 318 421 812
6 9 221 423 164
7 8 355 231 863
8 9 361 494 953
