10 3
0 1 106 427 943
0 2 587 709 739
0 3 121 549 269
0 4 448 655 903
0 5 218 554 745
0 6 375 595 259
0 7 195 693 910
0 8 947 312 411
0 9 267 943 473
1 2 565 780 997
1 3 111 761 478
1 4 531 731 121
1 5 731 293 919
1 6 573 475 129
1 7 395 422 229
1 8 198 220 755
1 9 565 536 125
2 3 470 326 923
2 4 916 822 681
2 5 773 834 877
2 6 741 832 292
2 7 123 538 817
2 8 54 505 201
2 9 270 621 722
3 4 57 685 112
3 5 502 907 397
3 6 563 107 353
3 7 499 952 315
3 8 714 132 207
3 9 418 484 262
4 5 708 228 161
4 6 233 774 840
4 7 373 96 866
4 8 303 385 351
4 9 444 346 959
5 6 438 729 645
5 7 954 432 983
5 8 882 880 162
5 9 914 861 831
6 7 724 701 704
6 8 484 683 247
6 9 644 92 618
7 8 865 840 306
7 9 254 93 961
8 9 448 114 390
