10 3
0 1 187 492 911
0 2 52 265 932
0 3 416 841 895
0 4 454 849 224
0 5 787 317 619
0 6 576 332 857
0 7 458 152 386
0 8 97 840 170
0 9 984 451 920
1 2 999 242 266
1 3 115 643 230
1 4 700 905 250
1 5 408 146 155
1 6 111 288 221
1 7 195 164 476
1 8 950 891 639
1 9 788 964 526
2 3 743 542 669
2 4 617 836 564
2 5 532 492 148
2 6 802 157 327
2 7 372 842 164
2 8 267 503 947
2 9 491 566 975
3 4 562 728 867
3 5 368 499 795
3 6 628 777 197
3 7 484 896 765
3 8 573 713 414
3 9 582 332 719
4 5 203 943 83
4 6 101 587 860
4 7 313 357 572
4 8 696 940 210
4 9 85 460 497
5 6 709 386 457
5 7 116 686 783
5 8 810 875 874
5 9 850 902 273
6 7 971 895 385
6 8 990 632 528
6 9 779 136 491
7 8 388 697 295
7 9 530 749 266
8 9 138 528 471
