10 3
0 1 634 782 424
0 2 92 496 199
0 3 511 911 371
0 4 385 880 859
0 5 140 136 418
0 6 305 621 209
0 8 697 956 880
0 9 672 615 226
1 2 596 116 235
1 5 674 942 751
1 6 618 792 845
1 7 718 925 449
1 8 126 122 243
1 9 650 306 680
2 3 418 127 941
2 4 868 405 288
2 5 411 232 942
2 6 831 668 89
2 7 304 353 426
2 8 125 432 877
3 4 496 381 747
3 5 355 379 91
3 7 329 602 62
4 5 148 644 212
4 6 229 78 728
4 7 219 693 75
4 9 734 615 757
5 6 639 230 413
5 7 470 506 377
5 9 659 274 668
6 9 375 676 857
7 8 509 828 893
7 9 808 950 863
8 9 124 108 748
