10 3
0 1 708 459 426
0 2 175 270 451
0 3 163 490 256
0 4 960 495 834
0 5 761 457 264
0 6 597 168 867
0 7 895 978 180
0 8 719 681 369
0 9 463 755 707
1 2 623 682 327
1 3 243 662 179
1 4 153 624 621
1 5 905 856 285
1 6 143 469 675
1 7 139 172 768
1 8 208 810 903
1 9 904 79 297
2 3 474 86 59
2 4 627 247 966
2 5 591 376 691
2 6 531 288 68
2 7 935 336 391
2 8 952 224 737
2 9 359 200 835
3 4 410 519 163
3 5 662 488 788
3 6 251 209 183
3 7 736 759 79
3 8 522 327 443
3 9 801 276 148
4 5 262 635 172
4 6 146 313 947
4 7 470 944 607
4 8 265 895 136
4 9 165 357 745
5 6 445 426 390
5 7 142 704 524
5 8 776 305 552
5 9 291 236 377
6 7 332 832 713
6 8 443 361 887
6 9 809 646 66
7 8 50 525 324
7 9 58 328 271
8 9 432 174 606
