10 4
0 1 294 618 215 467
0 2 414 816 769 913
0 3 693 487 920 846
0 4 849 397 110 732
0 5 700 489 659 827
0 6 482 405 149 775
0 7 222 393 398 394
0 8 343 521 345 523
0 9 168 818 323 289
1 2 455 296 308 749
1 3 815 857 178 958
1 4 882 530 659 655
1 5 561 958 897 615
1 6 414 989 495 317
1 7 591 574 230 556
1 8 247 706 419 724
1 9 114 719 372 982
2 3 168 647 917 635
2 4 888 267 483 818
2 5 63 65 990 587
2 6 392 144 431 427
2 7 853 843 694 251
2 8 262 855 233 96
2 9 926 540 307 895
3 4 436 492 973 427
3 5 912 553 509 934
3 6 780 709 60 792
3 7 738 977 937 344
3 8 893 184 192 279
3 9 594 558 694 988
4 5 991 648 828 90
4 6 896 421 79 544
4 7 67 815 991 799
4 8 621 651 658 95
4 9 425 499 390 401
5 6 368 813 57 784
5 7 387 221 110 387
5 8 579 514 523 313
5 9 273 518 900 353
6 7 916 379 881 465
6 8 386 233 416 982
6 9 294 735 814 487
7 8 857 668 84 738
7 9 741 517 117 246
8 9 785 814 866 91
