10 4
0 1 347 256 315 891
0 2 757 638 708 642
0 3 146 196 492 737
0 4 339 559 188 751
0 5 565 193 942 362
0 6 537 582 251 815
0 7 750 847 138 877
0 8 304 435 204 502
0 9 870 936 555 326
1 2 838 212 666 605
1 3 911 795 941 379
1 4 854 630 835 74
1 5 353 847 73 911
1 6 819 910 180 583
1 7 524 501 917 142
1 8 944 369 807 882
1 9 922 215 280 790
2 3 347 523 170 278
2 4 814 502 984 286
2 5 264 503 684 537
2 6 976 780 689 852
2 7 687 602 750 299
2 8 998 163 630 803
2 9 863 353 561 326
3 4 391 925 685 477
3 5 630 770 386 678
3 6 937 521 325 815
3 7 819 783 598 848
3 8 365 737 168 387
3 9 398 407 368 505
4 5 223 938 992 921
4 6 480 734 546 501
4 7 976 678 162 772
4 8 712 884 879 770
4 9 939 478 996 511
5 6 458 757 812 325
5 7 645 676 571 162
5 8 532 345 699 678
5 9 402 139 801 180
6 7 216 185 221 433
6 8 866 761 324 934
6 9 763 623 324 162
7 8 261 958 482 637
7 9 175 972 716 646
8 9 869 175 878 373
