10 4
0 1 922 728 171 335
0 2 882 242 953 469
0 3 977 374 455 614
0 4 240 789 776 261
0 5 593 233 933 950
0 6 142 235 614 331
0 7 294 613 547 391
0 8 881 279 967 332
0 9 99 167 702 329
1 2 831 157 165 420
1 3 937 926 277 179
1 4 395 569 569 278
1 5 436 323 711 966
1 6 695 269 869 767
1 7 948 331 911 831
1 8 393 320 511 383
1 9 688 235 355 586
2 3 203 250 145 710
2 4 790 126 827 467
2 5 865 131 136 419
2 6 836 689 617 295
2 7 411 219 761 919
2 8 990 832 279 893
2 9 328 115 105 660
3 4 894 437 799 811
3 5 139 593 840 486
3 6 972 904 432 78
3 7 80 839 957 896
3 8 470 657 717 477
3 9 558 648 783 770
4 5 514 273 588 483
4 6 154 588 78 749
4 7 334 551 54 60
4 8 415 377 55 101
4 9 865 346 220 619
5 6 187 852 94 633
5 7 321 442 754 351
5 8 175 74 618 280
5 9 662 950 471 577
6 7 589 403 946 985
6 8 182 579 715 979
6 9 814 78 850 437
7 8 437 64 984 790
7 9 313 256 524 738
8 9 811 412 406 837
