10 4
0 1 117 109 850 847
0 2 172 581 360 927
0 3 254 701 105 884
0 4 697 811 317 232
0 5 734 638 370 623
0 6 846 730 543 891
0 7 458 978 127 690
0 8 93 287 124 645
0 9 750 548 781 846
1 2 988 857 557 944
1 3 266 893 475 737
1 4 466 60 786 864
1 5 97 501 560 346
1 6 786 477 66 243
1 7 559 555 507 186
1 8 633 407 508 198
1 9 347 228 888 611
2 3 903 206 124 328
2 4 870 276 313 725
2 5 919 347 587 553
2 6 656 721 392 935
2 7 488 512 629 256
2 8 852 923 540 561
2 9 529 943 526 132
3 4 105 937 158 316
3 5 283 160 622 87
3 6 359 575 839 559
3 7 61 211 719 102
3 8 859 132 581 851
3 9 758 129 102 825
4 5 534 220 479 202
4 6 646 680 151 993
4 7 228 546 290 263
4 8 420 306 395 198
4 9 598 447 553 833
5 6 976 607 562 537
5 7 299 704 357 674
5 8 914 591 447 52
5 9 480 751 573 645
6 7 374 64 966 173
6 8 839 273 270 146
6 9 680 633 912 267
7 8 908 293 727 675
7 9 396 928 808 984
8 9 729 313 717 878
