10 4
0 1 309 420 697 998
0 2 337 974 482 952
0 3 161 719 869 108
0 4 50 107 132 860
0 5 674 563 976 624
0 6 101 81 70 523
0 7 803 870 72 406
0 8 958 689 621 759
0 9 899 714 139 562
1 2 214 810 170 277
1 3 549 634 432 758
1 4 447 934 766 175
1 5 169 884 478 830
1 6 773 455 71 410
1 7 759 435 425 218
1 8 217 145 163 834
1 9 656 113 783 463
2 3 377 862 584 494
2 4 609 430 371 360
2 5 51 215 891 998
2 6 903 189 817 143
2 7 874 406 478 607
2 8 438 905 419 208
2 9 298 767 259 823
3 4 220 581 701 322
3 5 176 782 179 918
3 6 544 685 266 827
3 7 501 557 995 379
3 8 94 397 675 339
3 9 920 281 170 316
4 5 406 972 729 215
4 6 619 448 593 866
4 7 313 619 823 944
4 8 172 694 955 199
4 9 930 472 208 741
5 6 954 379 395 237
5 7 957 598 757 968
5 8 427 728 230 699
5 9 639 895 509 51
6 7 855 66 926 576
6 8 382 607 468 649
6 9 69 168 766 264
7 8 227 573 555 639
7 9 236 652 853 147
8 9 52 99 380 155
