10 4
0 1 804 82 213 77
0 2 963 887 211 556
0 3 826 467 438 893
0 4 944 215 473 654
0 5 311 115 848 636
0 6 706 525 218 723
0 7 323 915 657 746
0 8 111 61 478 525
0 9 228 283 254 244
1 2 624 982 903 158
1 3 208 762 660 364
1 4 522 546 59 192
1 5 724 762 621 775
1 6 140 818 893 487
1 7 863 627 767 575
1 8 869 941 458 498
1 9 845 404 388 977
2 3 836 249 403 93
2 4 416 514 233 132
2 5 565 110 651 965
2 6 267 836 930 975
2 7 790 973 434 544
2 8 202 759 100 555
2 9 89 200 131 806
3 4 433 982 643 506
3 5 676 523 492 972
3 6 918 419 80 178
3 7 194 56 598 471
3 8 477 702 324 386
3 9 125 855 805 521
4 5 485 567 255 277
4 6 838 642 430 476
4 7 232 950 763 785
4 8 642 424 247 224
4 9 755 223 493 455
5 6 496 501 964 434
5 7 296 834 959 800
5 8 134 611 258 526
5 9 446 893 962 114
6 7 547 728 939 428
6 8 739 824 480 743
6 9 651 636 945 186
7 8 645 377 249 146
7 9 459 328 251 933
8 9 59 841 215 734
