10 4
0 1 865 277 119 450
0 2 162 586 53 701
0 3 996 622 130 133
0 4 929 942 155 481
0 5 784 633 642 789
0 6 163 538 252 430
0 7 979 212 725 948
0 8 284 78 469 881
0 9 268 183 503 908
1 2 335 533 270 164
1 3 804 202 641 550
1 4 893 974 854 918
1 5 859 587 692 988
1 6 691 407 462 402
1 7 959 779 102 728
1 8 824 172 974 902
1 9 510 265 177 553
2 3 339 329 298 722
2 4 57 695 790 350
2 5 841 854 440 313
2 6 341 353 713 894
2 7 52 468 76 66
2 8 791 604 766 729
2 9 208 178 332 610
3 4 126 544 595 665
3 5 490 889 774 553
3 6 209 575 436 695
3 7 251 618 982 752
3 8 688 434 323 310
3 9 195 709 289 575
4 5 720 786 221 638
4 6 483 89 840 860
4 7 638 207 648 90
4 8 712 767 588 485
4 9 475 184 861 297
5 6 570 526 67 316
5 7 157 525 599 961
5 8 279 455 469 759
5 9 892 500 702 594
6 7 415 873 914 134
6 8 753 357 211 280
6 9 201 455 383 484
7 8 314 223 330 954
7 9 61 639 743 615
8 9 88 451 939 533
