10 4
0 1 745 313 340 285
0 2 542 566 930 803
0 3 859 733 485 873
0 4 216 703 124 764
0 5 845 490 148 166
0 7 798 584 427 206
0 8 94 556 493 718
0 9 213 565 824 800
1 3 247 722 593 657
1 4 131 880 757 324
1 7 539 434 474 984
1 8 677 699 338 632
1 9 555 709 802 920
2 3 885 803 282 785
2 4 651 233 839 93
2 6 536 921 241 635
2 7 245 547 828 480
2 8 95 622 526 344
2 9 134 344 714 120
3 4 499 57 873 490
3 5 607 930 806 792
3 6 70 797 988 836
3 7 147 450 918 995
3 8 551 397 243 152
4 5 375 543 70 239
4 6 727 548 594 350
4 7 223 266 222 86
4 8 446 473 726 61
4 9 212 428 506 840
5 6 183 217 782 535
5 7 386 711 714 377
5 8 468 833 520 440
7 8 369 628 506 763
7 9 307 714 268 682
8 9 503 931 172 686
