10 4
0 1 899 844 569 856
0 2 167 95 142 818
0 3 714 388 569 276
0 4 65 143 333 136
0 6 354 479 991 448
0 7 558 792 67 756
0 8 208 102 526 660
1 3 224 867 507 943
1 4 716 765 155 574
1 8 992 298 175 541
1 9 824 835 614 729
2 4 510 243 76 748
2 7 263 257 612 89
2 8 813 591 636 129
2 9 403 998 735 703
3 4 709 369 585 178
3 7 876 334 498 727
3 8 511 875 364 121
3 9 911 356 561 744
4 5 669 347 236 733
4 7 777 691 93 403
4 8 239 680 974 565
4 9 502 129 526 720
5 6 213 460 711 105
5 8 916 826 93 505
6 7 603 918 990 76
6 8 939 746 220 751
8 9 929 331 716 624
