10 4
0 1 188 382 852 298
0 2 922 312 505 190
0 3 453 465 919 866
0 4 284 674 329 967
0 5 451 198 399 563
0 6 221 412 226 348
0 7 593 163 928 488
0 8 760 485 246 172
0 9 869 751 494 968
1 2 527 55 422 334
1 3 928 838 382 302
1 4 739 823 501 296
1 5 207 529 64 351
1 6 165 265 432 605
1 7 865 769 624 50
1 8 450 555 67 283
1 9 499 586 798 66
2 3 523 422 168 61
2 4 283 134 686 435
2 5 902 848 445 609
2 6 927 406 97 986
2 7 502 455 161 830
2 8 298 239 466 595
2 9 525 64 885 792
3 4 380 660 771 670
3 5 289 501 675 271
3 6 889 359 54 585
3 7 361 551 284 234
3 8 826 146 627 415
3 9 993 795 373 760
4 5 803 362 332 558
4 6 300 716 140 673
4 7 263 498 415 687
4 8 711 835 764 430
4 9 942 97 453 829
5 6 220 169 360 442
5 7 603 925 145 502
5 8 882 441 815 966
5 9 336 652 448 955
6 7 709 993 187 922
6 8 718 456 91 242
6 9 255 330 760 698
7 8 551 413 969 542
7 9 357 445 712 997
8 9 466 289 892 716
