10 4
0 1 833 163 851 568
0 2 623 312 326 207
0 3 111 690 873 204
0 4 86 199 300 504
0 5 664 204 469 357
0 6 190 326 966 991
0 7 349 435 980 892
0 8 548 285 718 784
0 9 682 249 938 219
1 2 735 877 689 571
1 3 840 440 704 597
1 4 411 781 564 484
1 5 475 890 349 866
1 6 358 758 721 768
1 7 869 282 139 736
1 8 225 458 942 850
1 9 647 428 433 688
2 3 863 766 592 443
2 4 237 669 149 813
2 5 764 543 469 196
2 6 566 66 116 280
2 7 189 737 803 175
2 8 319 100 834 685
2 9 393 667 318 487
3 4 829 661 474 193
3 5 907 734 438 721
3 6 370 106 76 940
3 7 265 529 707 839
3 8 62 555 934 965
3 9 995 717 613 861
4 5 558 68 912 924
4 6 329 92 778 777
4 7 523 62 227 875
4 8 413 130 657 954
4 9 68 422 904 215
5 6 582 532 935 813
5 7 745 177 184 497
5 8 743 105 960 439
5 9 282 695 372 589
6 7 926 543 761 332
6 8 250 79 841 278
6 9 826 68 866 259
7 8 875 353 469 233
7 9 193 199 106 529
8 9 844 365 920 204
