10 4
0 1 584 232 487 550
0 2 995 137 501 235
0 3 232 572 158 677
0 4 820 892 867 337
0 5 213 478 599 185
0 6 409 923 827 866
0 7 549 324 622 809
0 8 707 914 418 108
0 9 802 729 849 683
1 2 722 213 855 686
1 3 132 402 201 705
1 4 284 903 296 103
1 5 133 787 609 620
1 6 185 378 360 340
1 7 50 201 122 547
1 8 708 853 987 925
1 9 794 613 336 807
2 3 501 749 417 623
2 4 793 286 615 688
2 5 641 683 644 385
2 6 580 570 223 321
2 7 672 890 550 776
2 8 319 477 439 848
2 9 918 656 224 374
3 4 346 683 107 402
3 5 797 104 881 607
3 6 936 293 835 414
3 7 895 477 978 889
3 8 622 726 295 398
3 9 576 161 924 796
4 5 157 883 202 461
4 6 294 508 994 881
4 7 450 522 381 291
4 8 354 522 857 997
4 9 246 156 116 473
5 6 973 649 273 673
5 7 926 823 390 613
5 8 57 262 765 982
5 9 429 769 500 160
6 7 839 615 227 447
6 8 879 436 250 219
6 9 998 631 933 87
7 8 269 413 300 878
7 9 500 169 944 935
8 9 432 757 201 618
