10 4
0 1 744 359 749 137
0 2 889 938 732 751
0 3 721 954 520 707
0 5 163 701 339 748
0 6 696 885 489 986
0 7 251 698 390 607
0 8 675 92 127 87
1 2 152 221 102 964
1 4 449 585 345 937
1 5 770 473 955 146
1 6 239 871 786 309
1 7 657 299 490 487
1 8 96 856 549 768
1 9 194 906 548 827
2 3 916 217 388 543
2 4 847 829 697 638
2 5 678 160 331 239
2 7 299 632 343 72
2 8 839 886 650 777
3 4 503 191 370 789
3 5 671 418 580 954
3 6 359 383 805 903
3 7 406 505 328 699
3 8 803 382 76 587
3 9 750 987 511 475
4 5 317 965 531 837
4 7 476 773 494 351
4 8 521 173 527 392
4 9 907 282 348 287
5 6 737 602 141 754
5 7 879 612 968 791
5 8 647 61 576 87
6 7 998 401 655 256
6 8 235 679 672 597
6 9 476 837 410 117
7 8 199 895 331 149
8 9 712 489 734 198
