10 4
0 1 514 289 789 711
0 2 926 52 977 853
0 4 556 219 673 652
0 6 137 653 316 368
0 8 649 728 891 822
0 9 932 912 461 242
1 2 540 430 459 591
1 3 796 512 955 976
1 4 296 590 98 751
1 5 550 539 598 549
1 6 721 197 610 659
1 7 808 432 546 620
2 3 886 889 299 782
2 6 602 236 598 683
2 7 104 637 987 576
2 8 119 680 50 464
2 9 260 367 673 121
3 4 560 763 282 344
3 5 53 886 822 903
3 7 975 718 666 304
3 9 828 182 656 271
4 5 813 462 174 340
4 7 644 977 389 715
4 8 564 563 74 340
4 9 299 103 315 322
5 6 735 288 887 677
5 7 634 501 139 297
5 9 737 541 624 679
6 7 878 185 961 212
6 8 602 655 410 887
6 9 360 638 967 868
7 8 477 881 401 633
8 9 823 675 870 932
