10 4
0 1 608 168 125 894
0 4 297 742 911 322
0 5 104 55 506 428
0 6 449 877 703 879
0 7 659 140 322 298
0 8 862 216 654 423
0 9 614 731 83 288
1 2 174 217 780 145
1 3 517 391 256 446
1 4 198 867 681 441
1 6 495 603 182 272
1 7 253 795 728 835
1 8 196 527 789 654
2 3 795 265 802 758
2 7 747 467 714 623
2 9 945 339 432 675
3 5 695 153 864 879
3 6 657 540 753 299
3 7 262 449 310 253
3 8 247 692 152 590
3 9 807 372 117 662
4 5 94 521 105 841
4 6 87 734 536 777
4 7 530 99 678 969
4 8 998 576 727 245
4 9 888 102 753 103
5 6 266 129 352 742
5 8 713 672 294 328
5 9 223 460 580 974
7 8 356 560 947 580
7 9 423 337 207 375
8 9 720 762 946 78
