10 4
0 1 399 940 990 439
0 2 360 576 451 322
0 3 837 534 109 368
0 4 803 484 675 614
0 5 909 93 553 769
0 6 773 713 287 397
0 7 750 934 895 859
0 8 634 509 852 271
0 9 931 199 538 890
1 2 648 493 904 818
1 3 758 82 658 82
1 4 505 600 163 499
1 5 124 626 881 429
1 6 420 703 236 949
1 7 232 802 309 592
1 8 531 76 715 232
1 9 469 849 606 660
2 3 675 998 395 811
2 4 619 804 998 491
2 5 117 294 111 773
2 6 139 100 210 174
2 7 677 203 775 995
2 8 186 423 353 616
2 9 703 253 886 858
3 4 998 863 703 867
3 5 827 778 971 208
3 6 160 852 793 805
3 7 430 751 387 243
3 8 92 448 107 280
3 9 522 952 739 559
4 5 599 773 409 297
4 6 366 723 578 356
4 7 191 592 349 506
4 8 818 425 63 955
4 9 615 237 440 72
5 6 427 663 704 648
5 7 715 744 657 599
5 8 63 473 645 851
5 9 695 353 722 867
6 7 289 409 332 414
6 8 152 456 810 436
6 9 242 760 300 619
7 8 875 192 726 925
7 9 271 946 518 575
8 9 877 894 866 823
