10 4
0 2 338 343 392 688
0 3 956 561 965 959
0 4 926 133 717 366
0 5 77 965 922 276
0 6 288 665 888 738
0 7 360 869 963 682
0 8 486 659 172 555
0 9 120 746 638 122
1 2 679 231 427 683
1 3 417 936 438 108
1 4 452 932 940 897
1 8 549 56 742 745
1 9 481 325 984 754
2 3 294 447 663 917
2 5 931 513 748 474
2 6 715 437 339 320
2 8 466 712 261 552
2 9 847 108 930 736
3 5 299 614 640 697
3 7 926 772 487 494
3 9 296 536 898 254
4 8 972 553 762 262
4 9 621 419 169 122
5 6 891 822 212 370
5 7 250 233 501 268
5 9 295 174 329 871
6 8 853 149 762 127
6 9 823 731 936 978
7 8 825 284 989 569
7 9 960 980 594 278
