11 2
0 4 949 827
0 5 276 334
0 6 825 800
0 7 173 388
0 8 308 758
0 9 395 216
1 2 382 944
1 3 104 688
1 5 759 128
1 6 399 593
1 8 637 112
1 9 71 727
1 10 325 529
2 3 191 802
2 4 667 520
2 6 550 923
2 7 944 934
2 8 611 213
2 9 74 904
2 10 280 440
3 5 204 500
3 6 860 64
3 9 499 733
3 10 737 710
4 5 457 750
4 6 177 572
4 7 964 93
4 8 590 632
4 9 445 607
4 10 520 285
5 7 194 663
5 8 595 129
5 9 904 94
5 10 552 689
6 7 797 280
6 9 331 117
6 10 459 588
7 8 423 202
7 9 657 81
7 10 854 678
8 9 592 965
9 10 437 332
