11 3
0 1 84 171 632
0 2 796 810 53
0 3 515 254 978
0 4 935 169 870
0 5 642 798 739
0 6 752 623 543
0 7 441 207 93
0 8 396 161 841
0 9 101 846 824
0 10 385 414 105
1 2 133 508 989
1 3 759 863 721
1 4 218 146 635
1 5 229 110 239
1 6 230 886 514
1 7 867 658 54
1 8 354 582 156
1 9 164 557 999
1 10 514 506 788
2 3 145 538 380
2 4 558 193 596
2 5 268 828 592
2 6 404 332 148
2 7 914 366 310
2 8 71 140 262
2 9 722 105 306
2 10 903 722 372
3 4 542 283 882
3 5 422 666 236
3 6 323 227 179
3 7 388 156 246
3 8 974 635 278
3 9 768 638 513
3 10 406 505 692
4 5 648 861 707
4 6 450 899 915
4 7 647 85 949
4 8 850 643 790
4 9 662 679 549
4 10 587 599 601
5 6 662 873 484
5 7 199 71 262
5 8 647 405 625
5 9 76 658 907
5 10 809 93 54
6 7 909 346 277
6 8 803 311 846
6 9 340 117 608
6 10 102 278 716
7 8 94 938 282
7 9 653 92 167
7 10 203 747 148
8 9 675 327 116
8 10 226 165 674
9 10 940 180 184
