11 3
0 1 482 74 335
0 3 740 152 266
0 4 206 869 356
0 6 522 491 157
0 7 865 278 580
0 8 773 195 220
0 9 421 870 269
1 5 377 106 629
1 7 855 323 846
1 8 596 623 419
1 9 278 861 179
1 10 690 170 826
2 3 452 655 613
2 4 722 571 422
2 5 981 868 259
2 6 995 194 954
2 7 853 650 171
2 8 115 855 721
3 5 298 919 362
3 6 430 675 711
3 7 638 761 151
3 9 302 648 793
3 10 501 878 747
4 7 602 495 264
4 8 736 334 650
4 10 675 800 274
5 6 618 770 672
5 7 397 604 819
5 8 746 680 425
5 9 665 314 489
5 10 535 583 982
6 7 352 973 346
6 8 703 965 930
6 9 483 152 505
6 10 215 610 713
7 8 246 71 489
7 9 697 70 941
7 10 653 471 288
8 10 538 417 634
9 10 157 397 77
