11 3
0 1 470 110 86
0 5 530 308 662
0 7 148 347 692
0 8 882 197 841
0 9 212 953 428
1 2 198 376 999
1 4 880 916 301
1 5 984 164 198
1 7 386 791 441
1 8 372 621 269
1 9 165 807 574
2 5 770 588 262
2 9 698 710 718
2 10 237 581 864
3 4 858 404 134
3 8 939 846 844
3 9 512 608 334
3 10 278 933 972
4 5 169 90 586
4 6 165 216 822
4 8 497 257 679
4 9 797 993 971
5 6 800 266 752
5 7 967 643 707
5 10 984 287 728
6 7 774 542 427
6 10 501 664 258
7 8 62 156 504
7 9 177 499 976
7 10 492 765 662
8 9 623 815 226
8 10 309 85 156
9 10 505 521 758
