11 3
0 1 110 395 920
0 2 836 132 593
0 3 247 861 182
0 4 841 353 104
0 5 766 409 269
0 6 929 793 105
0 7 936 715 166
0 9 229 687 650
1 2 277 731 759
1 3 624 957 170
1 4 552 870 733
1 5 623 472 175
1 6 357 61 315
1 7 677 274 338
1 8 89 533 916
1 9 979 917 188
2 4 967 314 910
2 5 831 791 686
2 7 496 148 994
2 8 703 533 682
2 9 631 885 131
2 10 189 112 648
3 5 260 904 105
3 6 262 285 396
3 8 214 331 256
3 9 135 627 206
3 10 861 931 785
4 5 67 551 963
4 6 387 895 254
4 7 193 59 806
4 9 213 101 376
5 6 750 852 677
5 7 96 898 473
5 8 93 703 477
5 9 448 196 188
5 10 328 111 866
6 7 636 946 342
6 9 722 621 305
6 10 192 636 907
7 8 447 392 417
7 9 207 284 572
8 10 809 647 270
9 10 603 481 299
