11 3
0 1 358 924 296
0 2 600 84 561
0 3 946 642 578
0 4 211 762 505
0 5 189 665 70
0 6 538 52 238
0 7 80 399 195
0 8 228 534 404
0 9 647 977 555
0 10 629 112 427
1 2 355 50 245
1 4 413 436 666
1 5 963 580 259
1 7 452 246 380
1 8 90 398 55
1 9 796 186 873
1 10 772 289 304
2 3 126 454 972
2 4 812 692 266
2 6 55 824 144
2 7 200 612 863
2 9 661 708 433
3 5 360 237 986
3 6 230 764 228
3 8 436 478 718
3 9 805 482 535
4 5 567 604 88
4 7 852 198 808
4 8 548 80 634
4 9 656 947 949
5 7 719 102 78
5 8 232 92 939
5 9 67 657 735
5 10 318 430 291
6 7 827 643 764
6 8 713 299 220
6 9 388 383 760
6 10 799 593 388
7 8 181 822 335
7 9 651 692 516
7 10 752 118 142
8 9 112 911 129
8 10 703 821 413
9 10 244 259 240
