11 3
0 1 879 972 153
0 2 823 135 849
0 3 187 824 87
0 4 265 574 882
0 5 124 488 889
0 6 891 499 263
0 7 625 237 212
0 8 974 888 380
0 9 676 449 802
0 10 760 807 307
1 2 581 601 380
1 3 338 741 999
1 4 748 479 330
1 5 925 652 146
1 6 309 806 757
1 7 198 197 441
1 8 152 518 949
1 9 385 828 319
1 10 667 766 355
2 3 119 115 255
2 4 615 707 634
2 5 136 150 201
2 6 353 119 306
2 7 180 209 294
2 8 206 326 930
2 9 793 670 259
2 10 450 185 242
3 4 282 636 321
3 5 227 982 321
3 6 75 343 819
3 7 299 79 305
3 8 524 928 515
3 9 760 571 784
3 10 517 210 417
4 5 670 980 901
4 6 951 848 499
4 7 945 524 318
4 8 415 221 244
4 9 901 712 470
4 10 733 477 749
5 6 352 672 619
5 7 984 131 233
5 8 126 976 494
5 9 904 368 964
5 10 440 517 367
6 7 808 779 125
6 8 801 419 929
6 9 846 820 869
6 10 333 280 146
7 8 249 692 447
7 9 232 61 337
7 10 563 994 535
8 9 243 821 925
8 10 306 837 451
9 10 227 975 559
