11 3
0 1 192 249 106
0 2 902 690 664
0 3 688 178 714
0 4 913 651 877
0 6 985 786 987
0 7 406 544 931
0 8 756 974 780
1 2 80 481 875
1 3 979 370 489
1 4 892 423 922
1 5 224 91 431
1 6 287 895 966
1 7 533 627 842
1 9 800 372 831
2 3 739 580 973
2 4 200 715 329
2 5 530 943 332
2 6 518 918 236
2 7 783 241 328
2 8 699 545 172
3 4 763 525 665
3 5 823 697 587
3 6 388 894 433
3 9 62 539 50
4 5 456 632 993
4 7 382 424 623
4 9 580 627 388
4 10 311 907 168
5 6 756 937 605
5 7 575 514 560
5 9 80 826 451
5 10 778 756 253
6 7 157 284 744
6 8 578 847 132
6 9 65 830 775
6 10 202 131 321
7 8 174 292 190
7 9 953 513 491
7 10 326 705 277
8 9 200 928 237
8 10 704 702 706
