11 3
0 1 164 441 234
0 2 359 480 533
0 3 56 868 656
0 4 555 985 896
0 5 821 978 674
0 6 929 100 444
0 7 249 629 123
0 8 277 464 715
0 9 844 477 634
0 10 267 696 806
1 2 651 846 521
1 3 650 474 480
1 4 455 939 472
1 6 818 227 57
1 8 771 921 187
1 9 583 878 871
2 3 219 845 871
2 4 457 56 83
2 5 435 191 992
2 6 680 957 164
2 7 475 929 282
2 8 880 563 943
2 9 259 705 705
2 10 495 777 738
3 4 425 299 592
3 5 103 93 734
3 8 506 687 521
3 9 767 971 805
3 10 532 458 148
4 5 516 694 424
4 7 897 752 287
4 8 143 893 135
4 9 207 955 521
4 10 55 942 281
5 6 715 733 828
5 7 731 370 694
5 9 431 180 801
5 10 345 962 751
6 8 76 55 343
7 8 854 630 910
7 10 926 607 816
8 9 874 793 555
9 10 780 374 127
