11 3
0 2 878 286 458
0 4 882 737 375
0 5 118 384 280
0 6 532 684 402
0 8 263 166 117
0 9 642 681 409
1 2 579 572 250
1 3 894 817 53
1 4 646 445 187
1 7 53 156 960
1 8 548 93 77
1 9 69 831 332
1 10 61 518 182
2 3 523 998 924
2 4 394 62 99
2 5 84 314 569
2 6 576 198 731
2 7 471 652 977
2 8 981 565 846
2 9 731 624 291
2 10 365 87 261
3 4 442 418 770
3 5 336 382 463
3 6 489 426 639
3 7 696 607 479
3 8 766 365 680
3 9 574 150 347
3 10 510 820 588
4 5 318 808 876
4 7 51 739 795
4 8 415 89 796
4 9 687 616 51
5 6 786 193 929
5 8 899 719 835
5 9 280 715 725
5 10 229 864 763
6 7 332 835 642
6 8 562 414 720
6 9 107 835 108
7 8 71 86 648
8 9 773 956 361
9 10 448 408 908
