11 3
0 1 734 698 223
0 2 879 172 833
0 3 689 493 812
0 4 300 772 362
0 5 374 278 786
0 6 88 974 805
0 7 753 244 608
0 8 189 208 327
0 9 157 465 854
0 10 617 482 851
1 2 858 581 492
1 3 753 950 954
1 4 362 669 322
1 5 68 885 135
1 6 833 82 58
1 7 559 157 385
1 8 282 86 723
1 9 245 801 650
1 10 319 336 455
2 3 201 391 832
2 4 645 509 250
2 5 643 870 699
2 6 343 975 754
2 7 180 105 316
2 8 857 277 259
2 9 246 965 124
2 10 608 595 913
3 4 957 859 473
3 5 269 529 167
3 6 874 377 439
3 7 991 510 636
3 8 835 592 442
3 9 620 550 206
3 10 140 814 396
4 5 545 221 514
4 6 439 63 132
4 7 368 644 586
4 8 904 686 195
4 9 542 294 604
4 10 433 252 465
5 6 850 346 575
5 7 843 300 575
5 8 699 157 944
5 9 760 749 823
5 10 635 156 132
6 7 619 265 61
6 8 455 77 85
6 9 773 928 246
6 10 172 819 142
7 8 58 410 633
7 9 771 758 89
7 10 187 752 136
8 9 601 615 837
8 10 531 369 243
9 10 253 883 295
