11 3
0 1 430 505 363
0 2 475 897 495
0 3 598 310 946
0 4 566 409 501
0 5 959 86 148
0 6 642 872 772
0 7 123 622 251
0 9 139 215 242
0 10 880 83 129
1 3 718 111 563
1 4 105 995 840
1 5 892 384 785
1 7 230 894 933
1 9 472 943 307
1 10 970 939 602
2 3 660 819 603
2 4 303 697 391
2 7 214 264 319
2 8 908 186 698
2 9 576 558 344
2 10 288 926 154
3 4 440 845 394
3 6 501 302 950
3 8 754 322 544
3 9 806 129 881
4 7 415 318 513
4 8 282 914 435
4 9 114 254 982
5 6 479 275 321
5 7 341 108 368
5 10 730 347 321
6 7 621 942 704
6 8 692 73 796
6 9 283 376 433
7 8 424 729 565
7 9 306 972 502
7 10 692 341 525
8 9 285 941 479
8 10 94 917 319
9 10 317 542 296
