11 3
0 1 812 393 302
0 2 519 318 619
0 3 401 522 728
0 4 844 721 818
0 5 155 721 763
0 6 894 58 851
0 7 382 822 221
0 8 867 266 963
0 9 366 119 582
0 10 534 868 541
1 2 613 337 749
1 3 681 867 219
1 4 422 631 520
1 5 456 582 398
1 6 76 991 792
1 7 993 447 629
1 8 584 813 114
1 9 144 270 443
1 10 151 82 781
2 3 354 651 742
2 4 827 386 132
2 5 401 787 285
2 6 867 496 72
2 7 503 925 812
2 8 945 167 927
2 9 79 909 682
2 10 413 588 533
3 4 274 583 370
3 5 60 193 219
3 6 703 594 70
3 7 132 528 837
3 8 799 588 644
3 9 91 371 653
3 10 614 990 88
4 5 249 446 609
4 6 339 403 551
4 7 558 82 955
4 8 645 428 751
4 9 997 587 381
4 10 944 108 813
5 6 481 765 620
5 7 535 766 698
5 8 142 529 753
5 9 705 526 146
5 10 840 364 235
6 7 989 918 503
6 8 139 718 813
6 9 851 517 675
6 10 674 84 312
7 8 940 989 66
7 9 639 53 346
7 10 742 794 689
8 9 57 994 583
8 10 299 538 424
9 10 788 132 782
