11 3
0 1 155 732 142
0 2 613 960 243
0 3 771 987 528
0 4 230 740 96
0 5 250 784 998
0 6 583 575 107
0 7 353 775 179
0 8 326 856 330
0 9 86 908 784
0 10 113 887 56
1 2 635 344 796
1 3 413 886 893
1 4 799 716 893
1 5 467 220 108
1 6 897 72 541
1 7 920 548 871
1 8 241 316 888
1 9 539 436 839
1 10 445 199 393
2 3 730 795 91
2 4 104 515 340
2 5 553 627 412
2 6 469 613 417
2 7 680 674 806
2 8 677 493 60
2 9 667 119 723
2 10 214 922 108
3 4 94 119 453
3 5 215 65 258
3 6 134 823 989
3 7 535 544 692
3 8 346 162 91
3 9 60 61 509
3 10 413 851 380
4 5 744 439 493
4 6 841 700 269
4 7 646 486 333
4 8 131 716 383
4 9 635 693 75
4 10 559 226 874
5 6 958 896 885
5 7 431 570 339
5 8 66 869 370
5 9 788 682 923
5 10 742 427 262
6 7 922 685 542
6 8 125 420 844
6 9 681 981 729
6 10 775 663 924
7 8 385 529 689
7 9 294 437 321
7 10 792 418 945
8 9 719 688 341
8 10 239 735 439
9 10 830 675 131
