11 3
0 2 569 861 345
0 4 683 251 512
0 5 416 333 254
0 6 668 616 337
0 8 514 481 999
0 9 741 78 606
0 10 849 475 79
1 2 602 570 265
1 3 642 72 747
1 4 865 994 54
1 5 744 571 834
1 6 611 725 245
1 7 989 139 885
1 9 993 341 979
1 10 272 924 474
2 3 51 884 925
2 4 120 128 242
2 5 699 965 625
2 8 174 772 547
2 10 269 321 840
3 5 348 558 997
3 8 399 925 498
4 7 214 589 805
4 9 633 634 676
4 10 690 928 439
5 6 599 509 541
5 7 88 372 546
5 8 827 549 630
5 10 675 424 835
6 7 387 245 378
6 8 255 269 948
6 10 609 851 827
7 8 230 873 436
7 10 533 405 484
8 10 252 431 305
9 10 473 506 813
