11 3
0 1 835 98 69
0 2 246 249 674
0 3 915 108 677
0 4 303 617 587
0 5 442 209 457
0 6 698 500 327
0 7 675 488 73
0 8 261 285 167
0 9 453 962 787
0 10 682 973 317
1 2 293 475 622
1 3 769 487 846
1 4 827 912 719
1 5 514 72 167
1 8 926 183 593
1 9 626 764 82
1 10 772 847 606
2 3 268 156 856
2 5 333 91 393
2 7 399 830 838
2 8 577 915 639
2 9 118 507 448
3 5 514 653 742
3 7 301 555 991
3 8 926 310 170
3 9 652 323 619
3 10 583 775 735
4 5 114 254 331
4 6 559 455 301
4 7 902 93 615
4 8 242 736 607
4 9 182 975 163
4 10 190 773 85
5 6 383 236 949
5 7 996 556 106
5 8 543 967 590
5 10 112 845 409
6 9 229 450 883
6 10 621 852 687
7 8 692 226 503
7 9 558 843 653
9 10 948 384 341
