11 3
0 1 725 973 419
0 2 873 694 336
0 3 96 958 492
0 4 763 642 179
0 5 804 926 539
0 6 141 322 292
0 7 595 894 768
0 8 561 762 816
0 9 479 428 159
0 10 357 175 338
1 2 412 349 900
1 3 214 824 388
1 4 552 87 246
1 5 213 705 624
1 6 781 485 364
1 7 428 526 162
1 8 392 750 696
1 9 181 112 278
1 10 860 401 970
2 3 742 892 163
2 4 991 356 150
2 5 752 949 834
2 6 667 950 757
2 7 775 246 674
2 8 431 550 591
2 9 876 306 215
2 10 178 907 702
3 4 490 990 287
3 5 600 896 684
3 6 382 91 853
3 7 409 838 312
3 8 116 185 618
3 9 77 341 636
3 10 650 857 573
4 5 904 420 818
4 6 942 355 961
4 7 157 892 562
4 8 288 904 753
4 9 954 740 278
4 10 69 147 711
5 6 326 282 795
5 7 740 834 584
5 8 644 735 63
5 9 747 132 461
5 10 198 894 981
6 7 992 715 828
6 8 628 652 867
6 9 461 512 317
6 10 575 677 185
7 8 853 707 161
7 9 79 948 458
7 10 333 793 452
8 9 280 60 416
8 10 305 183 536
9 10 439 320 721
