11 3
0 1 933 413 989
0 2 162 938 736
0 3 838 249 200
0 4 986 684 883
0 6 199 455 707
0 8 985 570 152
0 9 409 661 340
1 2 819 252 733
1 3 184 631 199
1 4 155 486 92
1 5 908 930 916
1 6 979 205 772
1 8 254 494 704
1 9 963 680 871
2 3 451 439 992
2 4 782 228 961
2 6 556 629 216
2 7 326 983 507
2 10 980 735 573
3 4 247 206 688
3 5 809 590 655
3 6 406 148 114
3 7 953 75 668
3 8 685 429 512
3 9 660 67 460
4 6 979 586 423
4 8 679 654 570
4 9 640 245 800
4 10 690 190 223
5 6 424 126 640
5 7 204 235 691
5 8 705 225 980
5 9 140 531 206
6 8 199 700 197
6 9 706 664 424
6 10 128 918 452
7 8 661 387 802
7 9 223 185 50
7 10 107 152 70
8 9 136 746 333
8 10 957 501 256
9 10 890 468 246
