11 3
0 1 606 265 795
0 2 760 277 896
0 3 161 74 73
0 4 634 421 88
0 5 61 255 951
0 6 847 877 685
0 7 506 162 802
0 8 612 357 506
0 9 946 277 568
0 10 316 796 534
1 2 338 672 968
1 3 196 114 775
1 4 952 158 785
1 5 688 310 705
1 6 949 852 700
1 7 959 284 967
1 8 305 70 295
1 9 177 294 968
1 10 457 56 101
2 3 458 541 811
2 4 443 58 420
2 5 606 282 390
2 6 197 690 844
2 7 243 210 152
2 8 177 824 667
2 9 720 748 566
2 10 123 283 539
3 4 91 414 951
3 5 540 114 109
3 6 790 952 517
3 7 461 854 641
3 8 68 223 447
3 9 796 683 303
3 10 981 709 995
4 5 985 814 83
4 6 377 152 864
4 7 99 573 533
4 8 100 987 541
4 9 254 114 117
4 10 439 640 720
5 6 176 257 931
5 7 673 333 670
5 8 736 478 715
5 9 922 686 916
5 10 92 65 170
6 7 87 937 553
6 8 978 70 920
6 9 451 997 934
6 10 662 407 522
7 8 582 365 89
7 9 394 52 911
7 10 833 611 190
8 9 132 231 50
8 10 365 449 153
9 10 479 97 637
