11 3
0 1 627 396 170
0 2 508 172 161
0 3 226 974 872
0 4 252 214 244
0 5 565 870 182
0 6 509 665 189
0 7 532 769 861
0 8 897 912 100
0 9 856 87 402
0 10 128 485 267
1 2 89 957 446
1 3 477 814 553
1 4 662 985 371
1 5 836 629 294
1 6 812 636 875
1 7 52 442 483
1 8 557 844 264
1 9 866 991 392
1 10 289 270 902
2 3 544 369 487
2 4 962 298 390
2 5 264 696 744
2 6 916 159 257
2 7 222 649 414
2 8 847 514 59
2 9 105 187 347
2 10 161 94 72
3 4 764 914 889
3 5 565 317 288
3 6 869 261 144
3 7 569 65 817
3 8 510 242 541
3 9 535 640 713
3 10 976 822 779
4 5 216 512 798
4 6 336 279 731
4 7 869 99 231
4 8 637 640 511
4 9 517 626 488
4 10 760 416 799
5 6 657 296 903
5 7 338 110 618
5 8 180 437 655
5 9 94 351 955
5 10 724 671 162
6 7 662 702 660
6 8 379 242 781
6 9 873 949 163
6 10 687 649 978
7 8 242 331 622
7 9 193 412 148
7 10 292 159 205
8 9 69 115 819
8 10 257 266 702
9 10 242 557 981
