11 3
0 1 358 243 976
0 2 931 148 151
0 3 557 762 910
0 4 534 881 228
0 5 597 113 407
0 6 504 970 597
0 7 685 402 445
0 8 658 670 142
0 10 971 606 994
1 2 670 219 227
1 4 642 340 367
1 5 395 739 670
1 6 307 816 80
1 7 76 131 176
1 8 62 839 650
1 9 959 517 830
1 10 956 524 85
2 3 525 454 763
2 4 153 838 963
2 5 141 261 261
2 6 977 322 60
2 7 935 343 547
2 8 820 991 249
2 9 968 845 541
2 10 332 141 455
3 4 110 687 804
3 7 861 195 620
3 8 787 685 942
3 9 265 392 649
3 10 709 228 995
4 5 604 416 769
4 6 611 353 971
4 7 674 500 646
4 9 120 214 576
4 10 664 292 377
5 6 609 853 810
5 7 699 983 512
6 9 209 978 394
6 10 911 823 828
7 9 632 623 443
7 10 748 801 979
9 10 572 697 313
