11 3
0 1 273 81 832
0 2 199 954 280
0 3 920 963 627
0 4 871 674 678
0 5 706 540 461
0 6 610 797 256
0 7 271 942 352
0 8 404 358 588
0 9 500 367 784
0 10 709 682 744
1 2 107 946 195
1 3 834 402 783
1 4 364 128 676
1 5 91 637 54
1 6 758 421 910
1 7 523 712 265
1 8 659 239 137
1 9 688 364 535
1 10 136 728 324
2 3 517 615 184
2 4 839 558 234
2 5 693 505 940
2 6 697 123 70
2 7 437 200 691
2 8 856 390 206
2 9 737 226 434
2 10 637 976 583
3 4 441 926 914
3 5 475 680 52
3 6 165 55 101
3 7 886 336 752
3 8 438 428 476
3 9 577 483 496
3 10 654 348 772
4 5 546 900 984
4 6 146 123 420
4 7 749 320 79
4 8 961 488 854
4 9 959 178 260
4 10 343 263 167
5 6 605 247 786
5 7 417 989 342
5 8 923 795 675
5 9 928 226 614
5 10 762 197 841
6 7 647 286 512
6 8 402 616 989
6 9 613 741 731
6 10 882 552 114
7 8 428 154 804
7 9 372 797 579
7 10 54 138 686
8 9 577 69 367
8 10 487 811 58
9 10 139 840 935
