11 3
0 1 878 305 709
0 2 72 885 365
0 4 224 310 776
0 5 544 554 917
0 6 205 686 634
0 7 249 408 429
0 8 478 473 50
0 9 732 492 265
0 10 830 127 88
1 3 563 248 577
1 6 77 251 419
1 8 990 465 714
1 9 616 835 488
1 10 481 681 618
2 3 216 283 383
2 4 680 323 493
2 5 601 680 921
2 6 353 59 69
2 7 75 609 290
2 8 889 54 326
2 9 795 766 640
2 10 76 231 707
3 4 666 682 628
3 5 108 689 414
3 6 521 263 584
3 7 614 185 833
3 8 797 91 738
3 9 805 197 749
3 10 475 790 128
4 5 166 233 108
4 6 782 218 730
4 8 241 869 976
4 9 235 369 512
5 6 550 214 420
5 8 116 324 742
5 9 930 863 768
5 10 100 95 506
6 7 90 269 85
6 8 189 578 405
6 9 599 501 56
6 10 863 678 766
7 10 983 392 98
8 10 427 596 706
9 10 114 845 845
