11 3
0 1 663 352 593
0 2 634 55 71
0 4 118 819 529
0 5 143 64 612
0 6 622 665 809
0 8 290 637 827
0 9 657 681 199
0 10 317 618 582
1 2 964 828 537
1 3 621 145 399
1 5 262 455 583
1 6 396 677 402
1 8 592 685 702
1 9 793 858 466
2 3 601 211 768
2 7 901 150 98
2 8 244 561 200
2 9 332 132 274
2 10 214 105 655
3 4 747 929 620
3 5 194 397 598
3 6 834 52 886
3 7 337 556 488
3 8 309 411 203
3 9 750 844 364
3 10 594 772 548
4 7 303 453 987
4 9 993 125 87
5 7 601 836 862
5 8 51 138 982
5 9 748 832 621
5 10 735 95 429
6 7 795 402 855
6 8 684 986 844
6 9 635 255 382
7 8 466 240 609
7 9 855 845 87
7 10 98 964 527
8 9 396 211 626
9 10 343 963 848
