11 3
0 1 890 192 957
0 2 53 151 839
0 3 109 673 439
0 4 813 175 823
0 5 119 332 647
0 6 797 665 822
0 7 593 782 516
0 8 939 185 860
0 9 271 330 699
0 10 727 303 366
1 2 938 158 202
1 3 539 174 522
1 4 81 780 338
1 5 827 391 125
1 6 606 872 233
1 7 995 539 641
1 8 534 380 843
1 9 204 79 902
1 10 184 737 147
2 3 579 160 180
2 4 725 717 712
2 5 454 73 796
2 6 199 342 353
2 7 501 856 748
2 8 299 840 461
2 9 202 799 704
2 10 206 219 801
3 4 205 969 738
3 5 221 175 428
3 6 196 185 737
3 7 479 689 326
3 8 779 73 211
3 9 783 404 469
3 10 589 177 276
4 5 252 530 188
4 6 229 458 555
4 7 91 563 697
4 8 873 980 945
4 9 623 742 978
4 10 935 635 91
5 6 76 472 703
5 7 344 576 550
5 8 380 296 629
5 9 210 559 936
5 10 933 454 979
6 7 317 183 261
6 8 54 462 239
6 9 512 355 198
6 10 313 145 728
7 8 595 519 710
7 9 699 897 678
7 10 431 83 535
8 9 848 378 500
8 10 995 502 222
9 10 793 627 283
