11 3
0 3 719 977 744
0 4 264 670 446
0 5 654 727 254
0 7 154 768 997
0 8 344 323 439
0 9 668 262 95
0 10 695 488 884
1 2 610 900 913
1 3 253 77 121
1 4 323 430 622
1 5 909 276 283
1 7 762 831 501
1 8 893 503 365
1 9 568 202 259
1 10 428 369 416
2 3 542 718 454
2 6 703 886 775
2 8 832 385 118
2 9 827 578 180
2 10 166 263 655
3 4 595 877 233
3 5 806 702 384
3 8 386 547 134
3 9 348 648 992
4 8 507 928 469
4 9 617 280 295
5 6 871 414 856
5 7 721 491 406
5 8 361 394 461
5 9 809 644 548
6 9 674 261 165
6 10 367 286 532
7 10 504 166 681
8 9 598 949 52
9 10 443 973 399
