11 3
0 1 311 690 691
0 2 561 84 284
0 3 98 736 80
0 4 375 689 230
0 5 924 771 339
0 6 155 912 923
0 7 748 924 570
0 8 332 269 886
0 9 412 563 379
0 10 424 265 955
1 2 898 563 731
1 3 102 320 915
1 4 905 663 699
1 5 129 299 69
1 6 373 859 501
1 7 774 281 365
1 8 100 59 965
1 9 558 186 91
1 10 731 802 887
2 3 257 75 830
2 4 493 68 711
2 5 303 906 579
2 6 768 597 782
2 7 332 416 701
2 8 674 133 928
2 9 394 178 775
2 10 631 525 85
3 4 290 953 834
3 5 343 422 428
3 6 215 977 549
3 7 318 125 560
3 8 509 55 463
3 9 646 910 375
3 10 997 830 230
4 5 904 378 177
4 6 980 169 287
4 7 225 206 307
4 8 132 693 660
4 9 734 683 448
4 10 169 92 127
5 6 461 777 339
5 7 91 273 758
5 8 733 806 434
5 9 733 554 257
5 10 119 292 113
6 7 600 367 639
6 8 622 166 417
6 9 884 643 541
6 10 379 799 256
7 8 668 299 76
7 9 968 424 489
7 10 564 855 616
8 9 496 968 884
8 10 204 211 828
9 10 110 887 243
