11 4
0 1 903 207 349 370
0 2 902 265 246 889
0 3 276 296 401 114
0 4 888 952 169 588
0 5 379 813 412 442
0 6 932 752 726 352
0 7 728 948 980 140
0 8 833 513 80 882
0 9 916 337 430 150
0 10 186 939 365 68
1 2 286 365 161 925
1 3 422 87 224 374
1 4 330 399 675 900
1 5 900 157 116 784
1 6 885 324 904 194
1 7 791 813 831 784
1 8 295 802 964 841
1 9 949 261 377 343
1 10 94 426 198 952
2 3 441 336 61 709
2 4 123 255 980 517
2 5 73 994 418 575
2 6 737 227 339 786
2 7 377 930 355 835
2 8 204 865 216 559
2 9 345 264 769 148
2 10 465 88 649 549
3 4 212 489 943 989
3 5 150 809 498 341
3 6 107 482 983 705
3 7 136 479 215 974
3 8 854 722 731 407
3 9 836 516 741 688
3 10 275 941 668 913
4 5 689 809 442 437
4 6 305 220 192 958
4 7 69 246 895 451
4 8 550 639 388 591
4 9 982 897 371 768
4 10 941 367 162 681
5 6 749 141 737 182
5 7 171 77 639 366
5 8 94 457 970 453
5 9 763 385 179 492
5 10 426 822 124 248
6 7 670 599 732 787
6 8 313 110 972 493
6 9 289 122 967 994
6 10 841 796 331 600
7 8 458 484 311 372
7 9 801 382 116 621
7 10 211 117 771 578
8 9 606 969 181 555
8 10 694 556 93 922
9 10 946 504 180 560
