11 4
0 1 756 987 612 479
0 2 260 69 324 841
0 3 272 777 839 473
0 4 391 224 118 285
0 5 318 563 706 580
0 6 190 987 594 269
0 7 420 78 889 812
0 8 570 383 880 807
0 9 831 240 741 322
0 10 655 976 709 488
1 2 898 954 254 259
1 3 240 313 60 655
1 4 239 553 578 191
1 5 824 367 765 447
1 6 488 752 349 316
1 7 303 407 51 294
1 8 747 578 782 55
1 9 321 553 413 424
1 10 258 789 879 462
2 3 111 540 86 262
2 4 896 671 70 658
2 5 779 183 411 177
2 6 335 740 131 846
2 7 57 623 680 159
2 8 955 615 185 528
2 9 933 109 880 321
2 10 687 429 924 585
3 4 475 156 587 412
3 5 968 978 955 338
3 6 822 664 346 433
3 7 636 319 230 532
3 8 136 325 886 497
3 9 155 210 744 476
3 10 413 414 453 971
4 5 552 64 371 693
4 6 298 818 705 64
4 7 443 424 74 936
4 8 855 701 742 667
4 9 908 315 423 522
4 10 616 771 443 391
5 6 396 937 741 889
5 7 959 374 389 526
5 8 252 346 706 825
5 9 296 599 689 759
5 10 223 62 268 918
6 7 309 382 901 748
6 8 842 819 655 106
6 9 468 453 189 636
6 10 689 745 292 143
7 8 580 899 180 496
7 9 420 104 706 125
7 10 963 235 852 66
8 9 210 668 681 410
8 10 126 566 714 732
9 10 156 619 206 391
