11 4
0 1 666 963 727 761
0 2 942 698 306 471
0 4 674 81 597 263
0 5 449 392 91 996
0 6 94 650 219 719
1 3 254 472 579 611
1 4 902 388 923 709
1 5 310 213 602 682
1 6 293 101 585 747
1 8 710 399 300 886
1 9 830 429 347 163
1 10 214 483 66 968
2 5 600 894 256 289
2 6 371 202 410 612
2 10 957 852 564 692
3 4 271 318 313 682
3 7 994 827 98 521
3 8 997 167 877 597
3 10 456 471 787 229
4 5 829 950 949 113
4 7 694 669 655 607
4 8 556 810 117 806
5 7 156 952 336 745
5 9 763 289 943 746
5 10 860 558 146 69
6 8 569 201 234 122
6 9 200 655 364 535
7 8 746 557 236 715
7 10 972 294 371 962
