11 4
0 5 296 707 476 982
0 8 404 667 845 499
0 9 940 120 582 910
0 10 260 481 493 965
1 2 214 914 590 494
1 4 426 704 561 738
1 7 729 249 373 272
1 10 280 507 410 767
2 3 808 455 925 452
2 6 827 305 981 330
2 8 440 276 167 181
2 10 114 54 398 901
3 5 879 711 980 117
3 6 305 149 640 976
3 7 882 384 350 707
3 10 917 994 326 840
4 5 905 442 450 975
4 8 240 377 559 372
5 7 457 348 71 807
5 8 197 484 559 887
5 9 921 93 566 653
6 8 257 559 84 265
6 10 632 405 473 956
7 8 779 342 860 556
8 9 84 411 217 231
8 10 952 990 804 992
