11 4
0 1 670 646 828 302
0 3 71 257 877 756
0 4 123 83 949 75
0 5 132 628 753 634
0 6 351 973 983 252
0 7 99 701 522 557
0 10 298 899 578 539
1 2 433 513 931 374
1 3 267 752 982 726
1 4 682 665 830 330
1 5 61 285 119 830
1 6 444 149 954 183
1 7 938 711 806 995
1 9 278 444 779 144
1 10 272 57 530 522
2 4 203 135 925 436
2 7 319 336 861 935
2 9 553 688 384 202
3 4 698 462 749 525
3 5 229 135 800 895
3 7 858 796 621 605
3 9 284 468 72 410
3 10 556 698 142 828
4 5 322 838 924 198
4 6 287 82 869 284
4 9 395 852 403 73
5 6 410 551 632 542
5 7 120 345 64 606
5 8 213 895 899 514
5 9 506 122 436 626
6 10 269 245 438 835
7 8 282 942 355 710
8 10 809 435 736 373
