11 4
0 1 663 444 409 993
0 2 288 187 184 571
0 3 952 58 839 476
0 4 109 311 593 428
0 5 813 407 180 475
0 6 583 690 645 943
0 7 595 795 672 772
0 8 667 790 194 395
0 9 784 230 608 123
0 10 941 406 970 914
1 2 173 318 919 147
1 3 96 127 137 534
1 4 659 755 63 508
1 5 416 443 283 201
1 6 744 900 409 948
1 7 910 503 966 802
1 8 714 719 987 275
1 9 188 933 334 759
1 10 589 663 986 643
2 3 422 110 151 411
2 4 424 651 454 241
2 5 667 579 476 701
2 6 139 257 864 957
2 7 55 434 447 163
2 8 829 964 55 187
2 9 398 228 799 230
2 10 360 707 102 424
3 4 496 309 132 895
3 5 99 828 138 991
3 6 780 135 85 98
3 7 794 244 688 263
3 8 683 157 332 753
3 9 850 202 964 63
3 10 864 734 430 412
4 5 706 82 713 627
4 6 770 668 98 582
4 7 147 575 711 389
4 8 95 903 157 334
4 9 623 243 661 528
4 10 54 117 812 57
5 6 707 882 226 119
5 7 168 271 114 199
5 8 804 731 198 727
5 9 645 590 171 909
5 10 922 939 217 508
6 7 784 104 291 931
6 8 809 84 213 142
6 9 500 702 524 481
6 10 225 125 390 350
7 8 88 933 874 180
7 9 912 509 559 607
7 10 115 795 73 295
8 9 682 747 781 475
8 10 559 608 926 516
9 10 564 270 356 880
