11 4
0 1 803 552 668 204
0 2 240 644 253 702
0 3 753 670 399 864
0 4 467 703 989 620
0 5 769 408 334 159
0 6 75 855 976 575
0 7 752 554 435 80
0 8 203 876 161 743
0 9 255 200 332 706
0 10 779 875 443 722
1 2 904 745 767 622
1 3 811 595 616 198
1 4 417 455 719 404
1 5 732 148 743 874
1 6 385 93 406 790
1 7 696 905 460 447
1 8 473 561 700 725
1 9 186 896 95 943
1 10 463 677 827 125
2 3 626 914 311 680
2 4 320 433 353 570
2 5 708 840 521 940
2 6 203 718 363 183
2 7 134 777 705 137
2 8 146 796 772 256
2 9 344 719 905 770
2 10 715 999 963 319
3 4 50 169 653 777
3 5 325 794 669 545
3 6 305 717 440 761
3 7 565 429 86 300
3 8 263 101 485 667
3 9 715 877 772 312
3 10 494 213 464 792
4 5 882 314 454 152
4 6 714 52 829 444
4 7 217 518 820 963
4 8 345 672 257 626
4 9 825 184 476 953
4 10 694 731 978 491
5 6 137 943 371 108
5 7 278 182 640 621
5 8 452 454 513 425
5 9 786 635 508 102
5 10 599 103 565 924
6 7 417 803 275 137
6 8 833 254 531 721
6 9 795 796 431 865
6 10 424 675 703 534
7 8 272 859 320 352
7 9 477 917 625 298
7 10 254 530 782 958
8 9 502 785 588 939
8 10 85 661 261 300
9 10 657 585 384 815
