11 4
0 1 344 433 298 671
0 2 624 451 385 225
0 3 388 728 913 70
0 4 836 971 263 286
0 5 272 882 237 94
0 6 447 570 864 628
0 7 515 890 140 639
0 8 129 871 377 209
0 9 271 877 597 935
0 10 323 944 604 260
1 2 665 840 412 423
1 3 385 304 976 54
1 4 177 288 417 262
1 5 379 683 714 870
1 6 445 422 386 725
1 7 635 813 255 768
1 8 118 719 597 595
1 9 127 956 376 369
1 10 612 980 264 97
2 3 960 58 408 713
2 4 619 471 737 685
2 5 613 454 719 711
2 6 236 295 562 936
2 7 110 529 228 674
2 8 270 427 103 533
2 9 824 509 118 578
2 10 196 676 721 521
3 4 425 926 310 900
3 5 987 168 419 917
3 6 207 526 189 205
3 7 577 107 993 131
3 8 420 321 708 812
3 9 973 883 182 716
3 10 277 402 342 632
4 5 70 186 180 339
4 6 808 726 630 577
4 7 66 265 92 140
4 8 241 769 490 789
4 9 185 877 334 944
4 10 383 387 187 266
5 6 590 772 472 673
5 7 526 662 680 785
5 8 83 692 756 82
5 9 777 533 364 616
5 10 768 301 829 598
6 7 313 704 826 834
6 8 968 457 80 370
6 9 990 536 568 465
6 10 60 822 967 725
7 8 462 329 873 575
7 9 906 377 502 63
7 10 104 751 356 826
8 9 468 703 171 507
8 10 804 318 514 558
9 10 950 419 501 919
