11 4
0 1 64 501 905 770
0 2 786 292 527 796
0 3 784 778 255 404
0 4 605 89 420 970
0 5 285 183 862 736
0 6 391 196 541 745
0 7 349 414 157 377
0 8 799 866 194 108
0 9 824 675 280 864
0 10 358 793 920 522
1 2 750 466 278 729
1 3 381 191 551 116
1 4 737 370 70 781
1 5 185 329 427 252
1 6 352 683 887 373
1 7 478 564 952 839
1 8 806 416 605 344
1 9 769 384 676 196
1 10 621 839 440 789
2 3 224 359 885 661
2 4 844 338 661 463
2 5 903 651 315 825
2 6 849 71 597 652
2 7 932 703 281 969
2 8 548 655 92 278
2 9 839 628 404 72
2 10 597 385 117 171
3 4 970 895 440 809
3 5 88 136 677 892
3 6 941 605 359 500
3 7 564 71 951 105
3 8 570 176 194 284
3 9 796 804 536 571
3 10 811 820 223 685
4 5 449 320 340 962
4 6 596 509 772 607
4 7 493 265 85 373
4 8 855 532 371 683
4 9 327 871 302 802
4 10 315 381 177 123
5 6 999 862 721 928
5 7 220 795 510 298
5 8 992 708 607 440
5 9 491 341 882 693
5 10 575 306 635 592
6 7 941 832 708 409
6 8 333 691 481 477
6 9 277 815 345 226
6 10 121 330 572 291
7 8 738 385 96 284
7 9 164 330 296 718
7 10 73 541 200 140
8 9 78 155 786 216
8 10 629 565 414 434
9 10 994 177 596 968
