11 4
0 1 382 811 867 782
0 2 732 192 999 584
0 3 864 344 132 277
0 4 479 70 195 937
0 5 262 305 498 958
0 6 228 692 841 197
0 7 796 116 415 652
0 8 352 456 719 420
0 9 134 314 926 710
0 10 839 454 315 279
1 2 595 361 62 624
1 3 115 346 549 374
1 4 208 641 557 339
1 5 944 427 819 600
1 6 867 700 806 796
1 7 958 139 880 944
1 8 137 638 883 653
1 9 809 864 233 301
1 10 655 168 382 925
2 3 387 739 238 861
2 4 647 770 949 920
2 5 540 369 596 659
2 6 772 593 317 472
2 7 80 528 855 496
2 8 740 214 621 687
2 9 255 91 754 311
2 10 767 364 218 97
3 4 229 911 437 314
3 5 955 571 495 324
3 6 816 858 717 191
3 7 384 967 782 732
3 8 946 806 628 160
3 9 257 178 901 374
3 10 600 259 727 933
4 5 115 255 918 376
4 6 849 858 758 249
4 7 258 513 726 421
4 8 613 822 872 662
4 9 692 311 569 711
4 10 591 874 552 939
5 6 648 859 683 391
5 7 904 734 615 448
5 8 784 664 255 998
5 9 799 188 588 630
5 10 475 80 132 185
6 7 309 760 505 239
6 8 587 262 228 885
6 9 318 110 90 732
6 10 866 413 970 407
7 8 969 341 529 573
7 9 512 294 995 340
7 10 209 442 472 144
8 9 579 83 861 245
8 10 460 868 841 661
9 10 873 227 924 362
