11 4
0 1 352 297 169 102
0 2 534 308 651 407
0 3 560 355 569 335
0 4 684 217 300 859
0 5 545 319 85 669
0 6 783 154 260 926
0 7 465 185 562 162
0 8 482 591 626 554
0 9 762 334 111 374
0 10 243 402 839 756
1 2 650 268 995 215
1 3 661 848 715 630
1 4 615 860 776 942
1 5 652 106 378 785
1 6 310 534 356 661
1 7 402 316 746 601
1 8 510 826 850 414
1 9 134 517 170 131
1 10 180 536 939 426
2 3 248 468 131 711
2 4 77 554 151 815
2 5 331 493 886 482
2 6 834 924 583 154
2 7 726 245 804 441
2 8 881 956 722 688
2 9 301 573 987 349
2 10 80 228 153 623
3 4 233 290 282 332
3 5 68 292 877 354
3 6 737 57 919 785
3 7 224 735 244 483
3 8 514 458 638 464
3 9 894 213 227 432
3 10 352 960 216 660
4 5 966 253 175 120
4 6 603 358 162 867
4 7 714 723 858 990
4 8 293 616 296 918
4 9 94 743 338 797
4 10 123 534 341 872
5 6 981 567 657 661
5 7 124 197 235 441
5 8 460 238 258 104
5 9 247 563 154 527
5 10 471 316 754 183
6 7 761 107 938 929
6 8 190 205 279 377
6 9 791 956 169 976
6 10 628 457 354 964
7 8 481 830 64 126
7 9 602 601 193 621
7 10 898 618 683 147
8 9 423 83 869 517
8 10 227 470 510 853
9 10 318 511 332 863
