11 4
0 1 855 786 956 929
0 2 991 171 897 517
0 3 820 545 714 836
0 4 716 349 638 818
0 5 479 809 355 975
0 6 642 983 156 626
0 7 461 759 787 722
0 8 908 523 104 951
0 9 778 154 422 538
0 10 611 764 654 410
1 2 323 936 549 982
1 3 288 632 720 307
1 4 359 587 798 721
1 5 773 691 825 499
1 6 420 455 58 312
1 7 877 442 825 330
1 8 865 394 286 555
1 9 732 684 605 698
1 10 465 221 666 703
2 3 373 828 978 825
2 4 920 591 174 350
2 5 521 327 80 692
2 6 215 127 746 546
2 7 232 193 410 504
2 8 349 58 461 855
2 9 277 674 849 872
2 10 407 478 851 647
3 4 361 957 914 495
3 5 462 241 804 686
3 6 359 333 477 141
3 7 636 331 630 821
3 8 414 938 207 702
3 9 547 58 57 192
3 10 912 184 340 705
4 5 585 540 528 983
4 6 890 117 471 132
4 7 56 838 779 630
4 8 439 202 442 979
4 9 277 781 497 304
4 10 730 72 580 770
5 6 92 329 750 779
5 7 288 324 201 358
5 8 700 68 148 233
5 9 410 414 682 927
5 10 860 690 373 86
6 7 936 74 70 100
6 8 266 218 116 917
6 9 388 675 752 911
6 10 129 552 528 393
7 8 289 453 810 683
7 9 925 210 298 550
7 10 580 633 859 507
8 9 655 124 503 135
8 10 298 883 577 198
9 10 432 969 279 638
