11 4
0 1 88 288 340 832
0 4 406 789 145 213
0 8 968 899 839 371
0 10 523 266 718 906
1 2 686 735 335 936
1 4 922 471 690 354
1 7 474 893 269 70
1 9 738 501 597 772
1 10 64 395 933 436
2 3 91 458 692 169
2 4 596 121 360 309
2 6 88 546 231 594
2 7 479 952 835 904
3 8 445 316 708 127
4 7 784 440 941 685
4 9 179 662 712 651
4 10 164 736 861 62
5 6 486 307 798 577
5 9 101 343 307 362
6 7 332 240 862 504
6 8 811 913 201 88
7 8 366 478 510 716
7 10 556 403 800 395
8 9 72 922 388 568
8 10 233 729 887 526
