11 4
0 1 404 632 679 457
0 2 448 680 168 437
0 3 331 252 670 799
0 4 579 410 763 359
0 5 942 882 624 288
0 6 337 608 382 542
0 7 931 408 407 144
0 8 674 437 100 918
0 9 579 880 373 700
0 10 163 875 392 378
1 2 636 914 375 876
1 3 939 951 697 436
1 4 524 511 173 280
1 5 287 451 540 947
1 6 72 933 755 775
1 7 421 910 516 767
1 8 816 648 551 354
1 9 317 107 907 372
1 10 657 449 483 377
2 3 721 258 564 380
2 4 865 526 335 600
2 5 660 923 567 458
2 6 857 497 935 902
2 7 186 412 642 941
2 8 557 647 766 563
2 9 573 674 888 690
2 10 173 681 910 119
3 4 737 739 132 819
3 5 626 530 574 431
3 6 884 919 923 866
3 7 194 114 283 637
3 8 933 506 490 677
3 9 481 528 584 740
3 10 224 908 88 565
4 5 268 523 255 423
4 6 187 600 955 778
4 7 336 321 662 671
4 8 851 350 627 347
4 9 632 260 620 539
4 10 910 160 853 373
5 6 132 498 300 908
5 7 432 583 562 891
5 8 662 93 931 848
5 9 652 933 531 909
5 10 738 61 383 368
6 7 396 578 558 533
6 8 555 639 200 881
6 9 549 155 332 144
6 10 115 855 57 194
7 8 549 568 787 551
7 9 285 172 957 422
7 10 367 915 211 849
8 9 875 286 81 478
8 10 888 844 851 935
9 10 321 557 977 633
