11 4
0 1 501 819 539 466
0 2 278 691 426 170
0 3 409 392 452 938
0 4 971 826 492 903
0 5 795 321 908 232
0 6 672 328 870 157
0 7 843 326 538 569
0 8 531 210 84 444
0 9 237 263 361 231
0 10 626 605 379 768
1 2 621 584 777 206
1 3 880 222 478 938
1 4 910 388 964 560
1 5 173 281 808 91
1 6 153 562 191 714
1 7 973 435 690 649
1 8 244 234 488 915
1 9 539 626 202 777
1 10 362 241 801 903
2 3 647 850 526 191
2 4 972 381 993 105
2 5 787 230 283 960
2 6 454 70 734 260
2 7 928 282 715 786
2 8 482 559 205 402
2 9 403 318 158 990
2 10 79 440 685 577
3 4 710 875 154 496
3 5 387 706 558 77
3 6 764 876 384 86
3 7 898 367 806 736
3 8 308 187 336 506
3 9 312 494 163 374
3 10 679 907 246 995
4 5 310 465 227 135
4 6 75 130 648 758
4 7 318 781 954 687
4 8 452 743 826 386
4 9 889 384 447 915
4 10 60 592 976 442
5 6 501 801 996 86
5 7 286 115 688 286
5 8 460 821 388 123
5 9 499 614 687 879
5 10 160 360 510 611
6 7 443 819 979 847
6 8 693 776 258 601
6 9 219 643 951 851
6 10 126 741 145 130
7 8 869 677 313 278
7 9 661 968 667 686
7 10 614 550 468 578
8 9 223 244 511 625
8 10 373 887 740 823
9 10 790 95 466 380
