11 4
0 1 973 523 955 708
0 2 523 980 941 984
0 3 652 701 180 432
0 4 992 695 774 285
0 5 240 739 144 539
0 6 552 672 838 128
0 7 711 469 896 268
0 8 387 157 533 351
0 9 563 663 812 781
0 10 714 842 64 58
1 2 352 810 397 298
1 3 736 910 335 687
1 4 196 293 721 589
1 5 69 991 499 335
1 6 535 263 742 913
1 7 874 264 214 690
1 8 560 389 531 661
1 9 482 237 394 400
1 10 595 357 787 373
2 3 390 918 221 490
2 4 545 662 104 618
2 5 115 480 510 843
2 6 893 552 473 440
2 7 775 375 746 82
2 8 336 300 780 139
2 9 410 178 376 891
2 10 967 211 385 87
3 4 974 886 137 475
3 5 372 136 823 292
3 6 406 889 377 736
3 7 828 55 537 638
3 8 196 916 154 550
3 9 590 297 148 661
3 10 188 563 337 855
4 5 634 156 304 315
4 6 801 601 677 130
4 7 416 57 713 902
4 8 465 890 234 566
4 9 496 98 272 310
4 10 674 416 868 412
5 6 641 141 514 106
5 7 805 953 597 94
5 8 96 206 846 821
5 9 650 435 857 264
5 10 880 63 723 430
6 7 296 582 70 830
6 8 596 914 587 789
6 9 389 268 263 371
6 10 965 563 145 753
7 8 292 867 766 793
7 9 707 91 569 577
7 10 514 333 352 504
8 9 934 628 613 436
8 10 53 913 825 365
9 10 873 489 537 583
