11 4
0 1 577 423 493 786
0 2 622 75 955 765
0 3 311 865 555 497
0 4 120 425 489 643
0 5 414 181 207 292
0 6 716 635 722 413
0 7 270 134 815 736
0 8 841 936 907 388
0 9 611 404 455 678
0 10 225 469 624 625
1 2 847 198 948 485
1 3 952 888 327 635
1 4 833 79 616 166
1 5 296 549 140 172
1 6 59 246 654 534
1 7 708 968 716 676
1 8 470 245 188 843
1 9 769 635 270 62
1 10 329 432 510 400
2 3 644 510 771 902
2 4 806 115 648 103
2 5 233 117 561 593
2 6 835 389 699 620
2 7 55 709 879 755
2 8 563 145 241 261
2 9 233 81 791 954
2 10 751 104 624 753
3 4 245 400 366 628
3 5 96 427 788 882
3 6 771 231 837 946
3 7 120 863 604 270
3 8 724 767 567 251
3 9 217 282 175 507
3 10 175 441 120 211
4 5 782 855 291 724
4 6 416 973 669 750
4 7 50 313 56 921
4 8 451 963 812 553
4 9 580 715 927 851
4 10 313 328 776 777
5 6 964 71 157 915
5 7 811 547 507 194
5 8 120 811 863 470
5 9 112 503 401 625
5 10 65 386 364 355
6 7 52 980 578 444
6 8 642 989 411 688
6 9 148 796 753 614
6 10 314 311 99 619
7 8 895 180 838 886
7 9 639 485 643 884
7 10 391 957 559 430
8 9 785 726 476 946
8 10 630 348 717 679
9 10 126 820 658 946
