11 4
0 1 509 922 922 67
0 2 968 301 285 974
0 3 661 949 405 767
0 4 164 149 868 795
0 5 371 904 543 151
0 6 145 361 487 501
0 7 770 609 704 460
0 8 255 843 205 960
0 9 239 202 659 298
0 10 769 510 705 972
1 2 610 823 330 621
1 3 304 374 887 509
1 4 817 68 618 509
1 5 510 669 205 508
1 6 73 238 252 839
1 7 74 783 555 834
1 8 880 831 582 799
1 9 665 860 593 426
1 10 723 230 614 768
2 3 579 645 96 913
2 4 450 572 476 521
2 5 650 341 952 785
2 6 991 564 792 246
2 7 493 412 931 368
2 8 882 93 504 705
2 9 499 431 62 608
2 10 857 131 282 701
3 4 172 730 863 973
3 5 819 993 633 521
3 6 488 85 800 720
3 7 977 182 989 993
3 8 543 322 330 126
3 9 965 287 695 921
3 10 557 858 169 484
4 5 221 951 645 380
4 6 693 592 314 999
4 7 797 752 400 987
4 8 452 308 287 252
4 9 126 921 718 710
4 10 569 299 679 639
5 6 593 201 161 460
5 7 829 768 443 786
5 8 597 58 508 755
5 9 938 381 605 207
5 10 334 832 84 345
6 7 353 552 133 461
6 8 977 970 206 753
6 9 324 942 310 65
6 10 686 72 253 184
7 8 705 187 972 737
7 9 91 615 226 675
7 10 222 324 369 522
8 9 680 525 795 444
8 10 721 563 893 791
9 10 203 582 194 923
