11 4
0 1 768 926 784 793
0 2 523 945 389 806
0 4 850 691 158 693
0 5 679 512 829 82
0 6 962 848 739 542
0 7 720 718 711 960
0 10 645 215 76 944
1 2 437 911 483 966
1 3 817 207 585 154
1 4 690 682 477 699
1 5 558 869 947 471
1 7 594 340 482 690
1 9 483 971 243 775
1 10 285 714 873 519
2 3 389 424 389 274
2 4 965 164 965 422
2 5 405 274 514 841
2 8 230 253 821 979
2 9 461 935 467 184
2 10 834 874 757 634
3 4 494 963 395 633
3 5 591 995 420 754
3 6 651 205 951 581
3 7 483 277 896 297
3 9 967 957 155 119
4 5 543 558 940 422
4 6 713 673 89 325
4 8 123 672 436 725
4 9 603 908 546 635
4 10 617 425 312 656
5 6 318 713 60 757
5 7 736 832 105 926
5 8 353 804 894 55
5 10 284 910 591 270
6 7 981 328 183 997
6 8 629 731 178 588
6 9 303 281 65 329
6 10 250 670 164 382
7 8 858 546 570 574
7 9 930 607 335 563
7 10 767 651 577 247
8 9 276 462 538 128
8 10 214 220 87 611
