11 4
0 1 853 719 673 231
0 2 710 323 673 710
0 3 995 744 277 539
0 4 342 419 589 822
0 5 594 349 145 889
0 6 623 457 564 502
0 7 643 71 814 915
0 8 114 278 829 290
0 9 97 712 382 752
1 3 314 194 91 435
1 5 670 437 496 699
1 6 357 280 149 660
1 10 201 366 174 319
2 3 783 799 685 815
2 6 642 327 609 686
2 9 452 423 591 362
3 7 648 500 493 572
3 8 322 870 461 520
4 5 53 378 411 573
4 6 449 492 977 603
4 8 592 291 527 312
4 10 669 731 634 222
5 6 366 338 350 990
6 7 602 582 461 934
6 8 951 852 835 113
6 10 620 552 356 561
8 9 181 178 252 834
