12 2
0 1 349 503
0 3 855 749
0 4 436 173
0 5 571 739
0 6 935 319
0 7 457 945
0 8 841 305
0 11 939 788
1 2 783 479
1 3 268 237
1 4 762 88
1 5 613 415
1 7 373 224
1 8 689 84
1 10 390 326
1 11 773 693
2 3 395 128
2 6 62 255
2 7 936 639
2 9 117 363
2 11 78 396
3 4 236 171
3 5 812 338
3 7 848 430
3 8 802 525
3 9 356 622
4 5 422 495
4 7 866 122
4 8 823 847
4 9 994 418
4 10 694 825
4 11 116 891
5 6 193 876
5 7 216 665
5 8 871 177
5 9 628 409
5 10 870 399
5 11 928 90
6 7 333 295
6 9 891 264
6 10 710 546
6 11 259 890
7 10 845 166
7 11 916 424
8 9 340 793
8 10 449 878
8 11 179 911
9 10 533 801
9 11 340 445
10 11 840 741
