12 2
0 1 741 166
0 2 817 541
0 3 910 415
0 4 623 322
0 6 441 413
0 7 585 376
0 8 334 255
0 9 930 452
0 10 804 115
0 11 772 601
1 2 142 464
1 3 461 569
1 6 660 437
1 8 261 273
1 9 188 848
1 10 149 999
1 11 582 410
2 3 694 722
2 4 637 913
2 5 425 183
2 6 535 742
2 7 941 410
2 9 696 948
2 10 242 240
2 11 407 955
3 4 440 397
3 5 817 633
3 6 231 244
3 7 754 102
3 8 664 542
3 9 887 414
3 10 249 149
3 11 752 662
4 5 706 604
4 6 737 219
4 8 991 175
4 9 625 467
4 11 646 726
5 6 776 989
5 7 715 146
5 8 762 261
5 10 752 494
5 11 391 769
6 7 199 143
6 8 769 116
6 9 922 168
6 10 440 90
7 8 829 417
7 9 318 498
7 10 529 359
8 9 848 896
8 11 249 387
9 10 157 809
10 11 952 707
