12 2
0 1 923 146
0 2 878 891
0 3 806 383
0 4 733 193
0 5 992 409
0 6 601 392
0 7 614 273
0 10 389 415
0 11 272 705
1 2 513 796
1 3 809 952
1 5 550 511
1 6 913 914
1 7 771 427
1 8 165 57
1 9 989 699
1 11 786 446
2 3 50 457
2 5 572 413
2 6 366 966
2 7 612 169
2 8 193 940
2 10 344 275
2 11 992 693
3 4 111 708
3 5 371 67
3 6 538 265
3 7 584 787
3 8 515 822
3 9 443 205
3 10 852 212
3 11 910 361
4 5 184 540
4 6 536 922
4 8 684 925
4 9 965 891
4 10 643 834
4 11 569 624
5 6 944 702
5 7 298 118
5 8 477 810
5 9 823 84
5 10 709 223
5 11 281 633
6 9 617 893
6 10 832 687
6 11 372 103
7 8 318 956
7 10 420 774
7 11 78 978
8 9 59 61
8 10 595 492
8 11 491 490
9 10 854 584
10 11 772 973
