12 2
0 2 710 350
0 3 535 123
0 4 221 659
0 7 778 833
0 9 832 231
0 11 167 104
1 2 359 933
1 3 226 815
1 5 643 202
1 7 953 819
1 8 947 987
1 9 53 398
1 10 232 879
2 4 794 166
2 5 368 986
2 6 868 967
2 7 477 773
2 10 846 437
2 11 324 190
3 4 169 789
3 5 611 953
3 6 374 183
3 7 225 566
3 9 434 645
3 10 827 699
3 11 807 543
4 5 949 888
4 6 407 599
4 8 786 812
4 9 412 746
4 10 587 392
5 7 727 665
5 10 149 222
5 11 435 366
6 8 864 239
6 11 164 140
7 8 911 802
7 9 531 883
7 10 224 352
7 11 939 812
8 9 310 553
8 10 74 866
10 11 810 661
