12 2
0 2 290 325
0 3 152 878
0 4 797 426
0 5 973 922
0 6 139 315
0 7 865 432
0 9 345 729
0 10 730 950
0 11 511 869
1 5 155 85
1 6 851 562
1 7 302 857
1 8 317 635
1 9 186 315
2 4 641 221
2 5 86 289
2 7 822 881
2 8 811 351
2 10 435 349
2 11 453 417
3 6 361 620
3 7 363 556
3 8 950 998
3 9 848 751
3 11 475 820
4 5 997 584
4 8 860 609
4 9 392 137
4 11 636 327
5 6 607 465
5 7 669 712
5 8 917 502
5 9 249 513
5 10 297 883
6 7 648 256
6 10 953 656
6 11 601 382
7 8 743 237
7 9 429 166
7 10 148 711
7 11 536 570
8 11 280 516
9 11 731 637
10 11 808 244
