12 2
0 1 345 467
0 2 623 112
0 3 656 118
0 4 84 884
0 5 972 994
0 6 301 700
0 7 286 832
0 8 318 439
0 9 907 673
0 10 785 826
0 11 485 919
1 2 752 617
1 3 188 187
1 4 660 909
1 5 466 134
1 6 578 88
1 7 305 699
1 8 809 196
1 9 778 650
1 10 968 212
1 11 992 282
2 3 140 648
2 4 966 878
2 5 811 825
2 6 454 886
2 7 714 168
2 8 525 571
2 9 455 908
2 10 802 143
2 11 418 569
3 4 630 242
3 5 821 328
3 6 421 335
3 7 580 286
3 8 803 252
3 9 50 483
3 10 745 477
3 11 288 359
4 5 960 599
4 6 548 342
4 7 449 556
4 8 785 598
4 9 500 819
4 10 173 388
4 11 988 183
5 6 442 432
5 7 778 129
5 8 428 177
5 9 705 114
5 10 538 77
5 11 339 980
6 7 282 248
6 8 413 662
6 9 425 377
6 10 415 293
6 11 142 969
7 8 297 417
7 9 278 588
7 10 161 781
7 11 668 735
8 9 417 670
8 10 830 550
8 11 468 923
9 10 236 650
9 11 831 702
10 11 699 798
