12 2
0 1 840 293
0 2 437 830
0 3 881 585
0 4 829 808
0 5 467 987
0 6 871 932
0 7 243 939
0 8 862 57
0 9 952 549
0 10 919 917
0 11 356 293
1 2 744 934
1 3 742 704
1 4 314 156
1 5 175 406
1 6 476 890
1 7 267 243
1 8 650 485
1 9 437 283
1 10 876 71
1 11 995 721
2 3 563 540
2 4 806 790
2 5 846 798
2 6 294 755
2 7 789 762
2 8 549 445
2 9 530 694
2 10 268 311
2 11 584 194
3 4 434 797
3 5 886 491
3 6 753 959
3 7 156 729
3 8 223 276
3 9 306 585
3 10 378 951
3 11 756 838
4 5 126 924
4 6 217 756
4 7 719 588
4 8 272 303
4 9 523 814
4 10 972 675
4 11 380 294
5 6 296 836
5 7 144 714
5 8 76 247
5 9 176 571
5 10 792 62
5 11 968 606
6 7 230 111
6 8 820 155
6 9 596 823
6 10 854 567
6 11 628 758
7 8 957 708
7 9 938 912
7 10 978 575
7 11 420 898
8 9 127 614
8 10 265 107
8 11 78 993
9 10 570 322
9 11 793 541
10 11 433 531
