12 3
0 1 618 444 282
0 3 350 563 618
0 5 885 942 211
0 6 943 514 325
0 9 754 820 505
0 10 114 303 535
0 11 264 338 600
1 3 629 553 423
1 5 636 648 663
1 6 818 129 373
1 8 217 889 928
1 10 169 94 223
1 11 224 173 506
2 5 442 751 309
2 6 857 383 670
2 7 514 386 433
2 8 214 87 527
2 10 819 678 771
3 6 309 290 982
3 9 194 555 565
3 10 915 308 552
4 6 808 201 98
4 7 73 607 487
4 9 356 915 578
4 11 565 615 628
5 6 431 127 413
5 8 526 325 768
6 10 538 681 575
7 8 602 627 412
7 9 533 933 228
7 11 626 955 843
8 9 637 446 347
8 11 730 957 978
9 11 749 115 292
