12 3
0 1 649 236 879
0 3 689 890 795
0 4 126 313 356
0 5 134 751 854
0 6 956 804 125
0 8 885 493 510
0 9 295 109 955
0 10 204 259 760
0 11 542 336 407
1 2 800 575 489
1 3 453 997 882
1 4 484 768 578
1 6 569 830 861
1 7 357 888 876
1 8 256 360 843
1 9 431 632 920
1 10 910 180 76
1 11 353 188 500
2 4 268 889 449
2 6 961 390 564
2 7 100 65 208
2 8 132 469 484
2 9 61 191 417
2 10 463 414 892
2 11 556 69 826
3 4 616 474 665
3 5 315 620 724
3 6 734 760 692
3 9 648 73 108
3 10 950 561 793
3 11 542 919 225
4 7 395 246 148
4 8 265 815 719
4 9 277 470 863
4 10 774 52 646
5 6 654 262 260
5 7 503 985 78
5 8 713 62 878
5 9 980 894 292
5 10 603 316 849
5 11 556 476 667
6 8 93 243 451
6 9 71 375 510
6 10 654 492 136
6 11 974 966 765
7 8 961 243 674
7 11 975 139 761
8 9 684 111 157
8 10 774 369 580
8 11 847 864 502
10 11 865 190 181
