12 3
0 3 704 89 382
0 4 671 373 810
0 5 294 537 753
0 7 85 562 993
0 8 192 248 780
0 11 330 441 775
1 4 938 614 409
1 6 450 137 278
1 9 463 660 886
2 5 662 828 864
2 6 575 606 609
2 8 728 758 551
2 9 473 928 771
2 10 123 161 581
3 4 66 864 517
3 5 750 833 191
3 7 253 373 420
3 9 835 107 62
3 10 909 478 816
4 6 316 407 746
4 10 148 688 374
4 11 335 312 727
5 6 726 974 94
5 8 790 722 910
5 9 306 353 704
5 10 287 229 234
6 8 705 806 991
6 9 770 393 61
7 10 423 817 311
7 11 216 924 311
8 9 384 512 585
10 11 160 351 738
