12 3
0 1 529 95 632
0 3 458 419 595
0 4 432 330 756
0 5 824 135 458
0 8 995 381 541
0 9 609 127 375
1 3 285 580 624
1 4 497 716 724
1 11 414 881 856
2 3 628 199 299
2 5 701 979 333
2 6 478 224 113
2 8 748 902 279
2 10 680 218 212
2 11 397 357 328
3 4 144 471 269
3 6 325 785 827
3 7 769 75 512
3 8 417 263 119
4 5 727 849 746
4 6 323 114 73
4 7 809 316 292
4 8 490 622 908
4 9 633 395 864
4 10 215 297 849
4 11 832 657 138
5 8 614 884 552
5 9 160 51 134
6 7 176 302 461
6 9 237 718 690
6 10 530 423 715
6 11 386 367 482
7 8 455 824 748
7 11 194 248 806
9 11 912 813 441
10 11 801 94 335
