12 3
0 1 161 400 388
0 2 112 603 94
0 3 587 691 112
0 5 873 96 330
0 6 163 562 507
0 7 603 112 976
0 8 634 774 176
0 9 219 836 915
0 10 679 620 693
0 11 639 637 428
1 2 839 799 634
1 3 793 725 589
1 5 889 91 448
1 6 540 88 404
1 7 739 776 186
1 10 726 147 438
1 11 806 769 799
2 3 465 434 635
2 4 754 687 265
2 5 879 356 807
2 6 663 140 863
2 9 518 69 738
3 4 598 459 813
3 8 177 196 131
3 9 773 650 865
3 10 577 471 514
3 11 183 991 457
4 6 332 574 584
4 7 904 883 876
4 8 686 261 845
4 9 676 342 439
5 8 744 330 798
5 10 685 125 332
6 8 834 89 714
6 9 910 936 593
6 10 882 856 508
6 11 495 366 329
7 8 184 611 368
7 9 263 389 630
7 10 426 373 168
7 11 193 246 583
8 9 447 467 698
8 11 349 197 373
9 10 820 929 702
10 11 564 173 222
