12 3
0 3 733 711 646
0 5 992 177 178
0 6 840 919 83
0 7 728 894 272
1 3 206 386 741
1 6 529 924 528
1 11 779 512 731
2 3 727 786 837
2 4 683 393 517
2 6 129 678 587
2 7 186 310 69
2 11 747 74 956
3 4 412 872 139
3 5 539 987 74
3 7 734 214 200
3 11 653 979 557
4 5 537 906 238
4 6 751 537 844
4 8 340 524 588
4 9 63 112 253
4 10 754 897 427
5 6 70 398 822
5 8 179 431 936
5 9 530 775 949
6 7 804 909 757
6 8 106 888 820
6 10 526 860 320
6 11 670 897 713
7 8 691 937 794
7 11 436 776 183
8 10 307 457 628
9 11 863 509 685
10 11 295 176 241
