12 3
0 1 187 163 899
0 2 101 75 908
0 3 245 907 327
0 4 810 244 442
0 5 119 60 962
0 6 541 236 396
0 7 888 204 113
0 8 253 949 266
0 9 920 754 789
0 10 615 231 655
0 11 671 406 155
1 2 952 573 540
1 3 248 414 225
1 4 149 615 947
1 5 363 572 521
1 6 464 575 365
1 7 594 619 536
1 8 68 318 333
1 9 490 171 829
1 10 127 347 604
1 11 432 994 586
2 3 686 202 317
2 4 559 500 663
2 5 544 591 539
2 6 919 753 739
2 7 750 878 926
2 8 191 696 195
2 9 244 477 550
2 10 928 364 794
2 11 735 878 627
3 4 254 566 299
3 5 820 600 479
3 6 701 446 221
3 7 354 457 517
3 8 454 964 216
3 9 941 226 320
3 10 255 156 275
3 11 886 978 143
4 5 86 94 925
4 6 531 54 460
4 7 728 204 926
4 8 667 927 432
4 9 792 819 394
4 10 340 852 137
4 11 89 122 304
5 6 295 275 544
5 7 744 421 144
5 8 582 803 543
5 9 627 385 816
5 10 485 939 485
5 11 469 694 543
6 7 147 228 901
6 8 386 638 534
6 9 730 923 960
6 10 994 619 238
6 11 200 562 995
7 8 174 442 925
7 9 622 605 712
7 10 675 354 628
7 11 339 336 367
8 9 819 124 886
8 10 824 597 377
8 11 699 302 447
9 10 319 533 103
9 11 784 861 540
10 11 140 740 93
