12 3
0 3 397 804 140
0 4 419 779 670
0 5 419 156 394
0 8 63 624 115
0 9 843 468 841
0 10 267 551 726
0 11 446 757 71
1 2 361 88 480
1 4 709 759 436
1 5 340 90 319
1 6 503 948 774
1 7 866 465 711
1 9 325 859 306
1 11 595 161 383
2 5 459 574 819
2 6 794 974 69
2 7 232 953 455
2 8 449 275 75
2 9 742 426 357
3 4 734 142 213
3 5 80 477 107
3 6 574 68 394
3 7 563 530 603
3 10 803 684 79
3 11 818 673 105
4 5 870 708 497
4 7 83 55 721
4 8 121 626 809
4 10 532 144 76
4 11 204 569 875
5 6 486 93 407
5 7 298 321 683
5 9 636 118 865
6 7 514 840 427
6 11 687 939 765
7 8 430 989 885
7 9 143 508 953
7 10 892 65 203
7 11 629 111 247
9 10 292 500 515
9 11 869 402 756
10 11 338 810 561
