12 3
0 1 909 193 111
0 2 239 134 693
0 3 567 85 208
0 4 354 207 342
0 5 641 465 622
0 6 70 321 175
0 7 697 302 311
0 8 345 294 792
0 9 189 224 435
0 10 133 327 81
0 11 483 356 872
1 2 941 621 238
1 3 681 408 404
1 4 116 778 241
1 5 895 772 587
1 6 471 519 421
1 7 240 422 975
1 8 594 141 243
1 9 912 271 739
1 10 714 647 922
1 11 367 860 835
2 3 283 229 841
2 4 230 197 974
2 5 801 893 235
2 6 632 551 368
2 7 749 161 696
2 8 51 944 331
2 9 501 145 843
2 10 806 753 238
2 11 934 263 971
3 4 615 916 687
3 5 488 621 940
3 6 639 82 414
3 7 265 51 408
3 8 564 298 983
3 9 427 927 115
3 10 583 537 731
3 11 157 715 489
4 5 221 256 566
4 6 580 156 577
4 7 933 559 902
4 8 859 555 196
4 9 159 982 442
4 10 950 156 146
4 11 790 799 288
5 6 153 670 791
5 7 991 567 201
5 8 578 469 436
5 9 998 249 412
5 10 762 715 230
5 11 459 285 927
6 7 90 914 671
6 8 833 370 941
6 9 468 380 574
6 10 946 487 590
6 11 932 871 473
7 8 197 668 221
7 9 995 554 122
7 10 412 549 675
7 11 784 647 204
8 9 676 356 828
8 10 90 555 173
8 11 78 679 673
9 10 788 634 983
9 11 617 186 875
10 11 720 770 796
