12 3
0 1 329 944 633
0 2 425 61 113
0 3 615 61 877
0 4 706 82 75
0 5 158 549 354
0 6 650 195 859
0 7 94 69 422
0 8 489 939 487
0 9 604 765 257
0 10 517 987 441
1 2 616 448 74
1 3 996 283 727
1 6 239 80 766
1 7 361 508 807
1 8 579 58 527
2 3 611 152 155
2 4 513 555 665
2 6 827 347 450
2 7 326 534 779
3 4 68 724 348
3 5 805 696 89
3 6 69 374 664
3 7 335 704 466
3 10 812 442 870
3 11 171 463 769
4 11 207 760 428
5 6 133 935 489
5 8 532 264 234
5 9 782 266 914
5 10 270 635 237
5 11 403 887 545
6 10 255 669 709
6 11 894 57 384
7 8 54 364 406
8 9 396 115 997
8 10 146 894 735
8 11 926 926 196
9 10 141 282 298
9 11 336 214 785
