12 3
0 1 530 188 152
0 2 992 405 945
0 3 905 301 266
0 4 444 731 491
0 5 648 930 357
0 6 865 659 585
0 7 816 375 108
0 8 652 417 699
0 9 879 257 280
0 10 913 332 153
0 11 730 660 272
1 2 961 244 187
1 3 844 314 779
1 4 649 213 594
1 5 933 903 151
1 6 898 845 559
1 7 164 381 926
1 8 951 59 151
1 9 117 308 482
1 10 509 354 774
1 11 549 169 353
2 3 100 443 425
2 4 417 342 785
2 5 154 63 848
2 6 903 881 139
2 7 500 865 266
2 8 974 748 494
2 9 148 290 58
2 10 313 782 115
2 11 810 121 840
3 4 57 725 567
3 5 104 619 962
3 6 768 134 584
3 7 83 777 68
3 8 257 831 650
3 9 944 469 596
3 10 799 363 473
3 11 414 178 333
4 5 770 336 94
4 6 221 959 724
4 7 994 477 769
4 8 599 327 390
4 9 87 682 129
4 10 356 515 655
4 11 827 627 306
5 6 616 691 963
5 7 271 92 724
5 8 681 780 116
5 9 354 867 79
5 10 529 578 772
5 11 121 829 447
6 7 129 302 754
6 8 897 978 680
6 9 654 437 452
6 10 309 416 820
6 11 425 870 686
7 8 837 690 622
7 9 873 512 596
7 10 96 272 217
7 11 628 621 878
8 9 693 165 259
8 10 257 121 651
8 11 218 989 389
9 10 286 250 634
9 11 218 777 779
10 11 905 245 475
