12 3
0 2 215 331 232
0 5 94 497 880
0 6 852 608 800
0 7 301 734 707
0 8 185 498 293
0 9 702 672 792
0 10 402 284 166
0 11 640 331 553
1 2 875 486 374
1 4 887 532 905
1 5 596 599 151
1 6 609 578 376
1 7 472 191 471
1 8 402 154 571
1 9 474 522 63
1 10 325 902 332
1 11 508 305 164
2 3 348 822 974
2 4 395 960 358
2 5 171 66 597
2 7 780 767 152
2 8 798 458 63
2 10 380 337 59
2 11 616 751 427
3 4 460 425 676
3 5 354 330 407
3 6 680 332 324
3 8 145 470 375
3 11 572 346 903
4 5 727 808 276
4 7 531 521 802
4 8 995 255 855
4 9 868 332 968
4 10 62 302 171
4 11 497 422 471
5 6 284 421 351
5 8 461 469 106
5 9 209 870 182
5 10 584 323 721
5 11 698 156 416
6 7 334 327 611
6 8 472 594 738
6 9 236 903 191
6 10 50 146 881
7 8 957 630 730
7 9 454 275 944
7 10 242 393 512
8 9 544 113 194
8 11 837 617 962
9 10 573 289 939
9 11 801 180 491
10 11 970 607 284
