12 3
0 1 721 104 454
0 2 136 276 636
0 3 135 382 572
0 4 512 340 663
0 5 312 101 303
0 6 293 688 852
0 7 283 779 771
0 8 673 956 560
0 9 152 95 581
0 10 629 774 884
0 11 848 761 610
1 2 255 179 669
1 3 416 481 447
1 4 692 138 232
1 5 353 622 88
1 6 247 867 669
1 7 486 271 840
1 8 706 660 756
1 9 223 639 742
1 10 690 726 144
1 11 75 270 322
2 3 937 883 463
2 4 851 465 750
2 5 771 768 236
2 6 470 353 136
2 7 91 425 848
2 8 927 493 418
2 9 377 794 681
2 10 721 383 469
2 11 177 139 866
3 4 176 975 317
3 5 169 214 380
3 6 883 941 487
3 7 189 150 213
3 8 812 423 632
3 9 701 299 180
3 10 707 725 500
3 11 195 204 535
4 5 122 565 734
4 6 428 510 309
4 7 856 910 313
4 8 525 520 648
4 9 932 191 375
4 10 219 473 277
4 11 995 814 987
5 6 599 772 141
5 7 523 143 545
5 8 262 179 899
5 9 307 611 353
5 10 420 240 432
5 11 678 387 393
6 7 488 776 171
6 8 385 884 767
6 9 794 114 915
6 10 103 451 871
6 11 206 175 356
7 8 132 267 881
7 9 828 661 542
7 10 553 742 776
7 11 861 221 925
8 9 175 951 589
8 10 193 560 660
8 11 283 724 89
9 10 697 431 488
9 11 52 55 961
10 11 103 574 521
