12 3
0 1 340 502 945
0 2 584 954 289
0 3 725 878 786
0 4 967 65 137
0 5 694 964 81
0 6 972 902 767
0 7 111 859 547
0 8 837 285 90
0 9 699 267 642
0 10 483 950 213
0 11 912 54 324
1 2 755 977 974
1 3 131 512 333
1 4 707 125 100
1 5 908 322 883
1 6 707 675 693
1 7 732 379 304
1 8 365 721 257
1 9 113 646 883
1 10 725 547 833
1 11 689 285 836
2 3 514 773 132
2 4 275 536 533
2 5 960 303 480
2 6 315 190 996
2 7 815 567 942
2 8 77 865 246
2 9 213 768 281
2 10 429 650 335
2 11 543 669 221
3 4 784 549 328
3 5 597 125 524
3 6 390 584 57
3 7 127 384 475
3 8 406 526 200
3 9 908 181 882
3 10 805 688 858
3 11 123 867 121
4 5 63 507 765
4 6 584 707 764
4 7 98 94 675
4 8 964 360 960
4 9 243 191 371
4 10 879 678 416
4 11 378 703 537
5 6 661 289 516
5 7 97 598 189
5 8 526 143 603
5 9 865 546 809
5 10 548 326 198
5 11 131 651 509
6 7 572 558 646
6 8 834 674 777
6 9 977 248 368
6 10 218 476 595
6 11 687 747 557
7 8 305 703 254
7 9 224 500 904
7 10 166 353 631
7 11 922 391 853
8 9 531 443 727
8 10 920 391 317
8 11 665 219 654
9 10 956 306 518
9 11 829 712 510
10 11 763 647 223
