12 3
0 1 732 690 834
0 2 428 969 362
0 3 132 424 516
0 4 627 463 331
0 5 288 349 645
0 6 656 171 438
0 7 565 344 137
0 8 444 103 700
0 9 697 869 545
0 10 240 243 217
0 11 154 193 56
1 6 107 180 928
1 7 722 863 302
1 8 622 632 694
1 9 719 266 196
1 10 461 226 853
1 11 110 949 334
2 3 115 606 825
2 4 84 898 869
2 6 476 300 805
2 7 788 308 414
2 8 845 600 993
2 9 829 136 227
2 11 691 467 238
3 4 833 760 127
3 6 555 277 88
3 7 423 63 137
3 8 430 519 245
3 9 571 771 435
3 10 699 81 813
4 6 977 437 776
4 7 361 305 811
4 9 757 142 968
4 11 512 693 576
5 6 737 738 62
5 8 105 792 445
5 9 870 415 929
5 10 504 668 372
5 11 330 563 270
6 11 574 154 566
7 8 585 305 296
7 9 736 707 145
7 10 838 273 69
7 11 691 606 504
8 9 586 424 212
8 11 198 974 637
9 11 134 531 413
10 11 219 304 882
