12 3
0 1 467 709 412
0 2 730 650 201
0 3 582 255 122
0 4 966 554 741
0 5 211 278 928
0 6 433 312 721
0 7 635 73 611
0 8 499 508 826
0 9 552 215 819
0 10 788 489 715
0 11 838 241 359
1 2 472 102 490
1 3 262 828 523
1 4 917 636 380
1 5 87 552 769
1 6 120 351 354
1 7 689 58 264
1 8 693 615 508
1 9 87 998 480
1 10 126 435 765
1 11 472 511 799
2 3 700 842 232
2 4 884 965 862
2 5 586 211 344
2 6 170 568 282
2 7 571 849 405
2 8 595 160 748
2 9 708 200 107
2 10 196 597 527
2 11 910 896 366
3 4 516 342 161
3 5 168 961 566
3 6 623 233 386
3 7 747 335 312
3 8 389 688 448
3 9 166 747 979
3 10 906 999 744
3 11 409 688 51
4 5 120 565 189
4 6 339 676 920
4 7 821 89 88
4 8 578 591 967
4 9 93 877 768
4 10 94 423 169
4 11 245 101 512
5 6 187 623 994
5 7 656 306 127
5 8 473 187 415
5 9 251 708 636
5 10 390 636 519
5 11 486 678 959
6 7 852 302 745
6 8 833 204 477
6 9 829 848 54
6 10 551 224 386
6 11 77 403 855
7 8 53 935 568
7 9 186 987 652
7 10 147 278 365
7 11 735 422 684
8 9 153 706 384
8 10 747 907 954
8 11 433 594 726
9 10 371 215 708
9 11 760 348 183
10 11 966 479 913
