12 3
0 1 931 428 211
0 2 602 692 169
0 3 306 232 812
0 4 86 852 198
0 5 991 182 626
0 6 399 81 462
0 8 334 870 192
0 11 515 953 739
1 4 709 608 731
1 6 170 546 818
1 8 125 217 866
1 11 423 354 125
2 3 825 143 567
2 4 80 984 304
2 5 471 123 265
2 6 363 781 811
3 5 137 875 145
3 8 145 543 696
3 9 921 93 986
3 10 117 490 395
3 11 382 907 896
4 6 199 703 859
4 7 992 896 518
4 9 422 616 564
5 6 378 676 982
5 8 127 437 753
5 9 796 457 706
5 10 153 682 890
6 7 530 365 238
7 8 811 650 346
7 10 902 913 95
7 11 680 575 885
8 11 58 529 366
10 11 105 340 794
