12 3
0 3 414 718 549
0 8 426 319 242
0 11 616 90 247
1 2 510 915 163
1 3 154 824 250
1 4 660 669 581
1 5 358 575 190
1 6 601 414 385
1 7 451 397 297
1 9 813 931 555
1 10 712 212 848
1 11 512 53 280
2 3 410 660 484
2 4 721 767 794
2 6 54 102 636
2 7 235 55 544
2 8 712 815 587
3 5 548 885 316
3 11 986 674 359
4 5 391 725 695
4 7 688 892 458
4 9 887 310 503
4 10 866 850 412
4 11 253 162 269
5 6 738 191 564
5 7 703 448 57
5 8 539 129 721
6 8 723 352 869
6 11 561 818 561
7 9 472 720 832
7 10 633 757 573
8 9 701 902 464
8 10 669 575 700
9 10 697 641 435
