12 3
0 1 553 666 966
0 5 911 860 851
0 6 894 268 425
0 7 727 476 259
0 8 387 79 968
0 9 217 143 148
0 10 966 547 235
0 11 634 98 575
1 4 319 673 561
1 7 946 849 476
1 9 542 982 232
1 11 586 98 618
2 3 226 386 772
2 4 109 832 909
2 6 865 492 64
2 8 636 213 829
2 11 391 97 358
3 4 217 330 364
3 5 728 274 194
3 7 383 549 636
3 8 572 476 171
3 10 650 349 948
3 11 936 222 455
4 5 255 983 962
4 8 760 559 180
4 9 432 580 984
4 10 554 801 950
5 6 549 203 366
5 8 228 457 651
5 9 329 511 648
5 10 641 363 971
6 9 130 385 507
7 8 92 146 165
7 10 669 323 508
10 11 81 350 409
