12 3
0 1 659 137 688
0 2 208 484 364
0 3 298 800 656
0 4 798 567 416
0 5 909 820 251
0 6 271 533 274
0 7 627 589 633
0 8 833 84 703
0 9 574 989 133
0 10 912 748 528
0 11 767 848 367
1 2 631 245 780
1 3 542 348 221
1 4 429 96 256
1 5 372 772 731
1 6 271 460 134
1 7 878 982 734
1 8 941 584 754
1 9 847 809 195
1 10 306 601 483
1 11 200 910 579
2 3 416 351 243
2 4 84 839 710
2 5 487 777 883
2 6 722 447 434
2 7 399 841 990
2 8 205 214 93
2 9 299 61 181
2 10 909 324 462
2 11 667 640 941
3 4 525 849 851
3 5 449 603 852
3 6 646 444 649
3 7 475 437 63
3 8 62 278 96
3 9 290 217 658
3 10 843 517 311
3 11 840 214 118
4 5 559 481 155
4 6 258 630 749
4 7 475 123 360
4 8 654 706 132
4 9 112 531 904
4 10 210 248 587
4 11 758 519 104
5 6 738 395 951
5 7 210 585 197
5 8 144 796 626
5 9 575 201 519
5 10 716 989 733
5 11 332 249 96
6 7 289 395 422
6 8 768 519 481
6 9 224 932 223
6 10 927 737 887
6 11 712 256 898
7 8 940 164 837
7 9 844 332 384
7 10 126 993 742
7 11 810 383 726
8 9 75 783 733
8 10 901 609 152
8 11 151 863 742
9 10 56 82 175
9 11 519 82 96
10 11 824 447 511
