12 3
0 2 808 728 908
0 5 78 709 560
0 6 832 635 178
0 8 504 730 550
0 10 446 899 910
1 4 445 507 180
1 6 205 848 369
1 7 676 360 812
1 8 506 264 661
1 11 437 702 588
2 4 586 118 214
2 6 864 494 291
2 7 951 515 182
2 8 918 388 826
2 9 981 779 682
2 10 810 286 158
2 11 447 715 391
3 4 870 268 640
3 6 871 711 820
3 8 717 109 326
3 10 436 430 583
3 11 540 835 422
4 5 866 194 349
4 7 900 338 417
4 8 905 341 267
4 9 732 158 399
4 10 206 786 892
4 11 202 903 281
5 6 486 647 733
5 7 289 196 214
5 9 639 529 333
5 10 639 254 295
6 7 862 605 968
6 9 436 170 337
7 9 144 157 788
7 10 842 882 78
8 11 165 351 747
10 11 223 462 58
