12 3
0 1 336 96 295
0 2 674 693 52
0 3 874 130 328
0 4 730 568 632
0 5 491 426 681
0 6 827 643 479
0 7 941 279 223
0 8 332 764 990
0 9 555 831 92
0 10 988 632 353
0 11 949 915 713
1 2 860 296 329
1 3 479 139 867
1 4 199 258 760
1 5 793 776 766
1 6 328 272 673
1 7 468 955 637
1 8 530 662 668
1 9 657 866 893
1 10 505 896 711
1 11 776 498 99
2 3 61 656 970
2 4 845 425 892
2 5 753 839 515
2 6 937 428 550
2 7 478 646 170
2 8 127 987 571
2 9 921 568 181
2 10 499 515 650
2 11 154 616 157
3 4 300 101 939
3 5 949 663 750
3 6 597 490 866
3 7 784 185 704
3 8 269 350 597
3 9 311 842 458
3 10 962 427 478
3 11 300 169 347
4 5 648 902 709
4 6 596 915 932
4 7 169 181 89
4 8 215 733 632
4 9 606 517 191
4 10 774 955 625
4 11 602 818 439
5 6 714 657 206
5 7 130 203 492
5 8 180 626 318
5 9 277 547 910
5 10 830 808 691
5 11 976 653 900
6 7 911 751 398
6 8 374 83 187
6 9 485 530 412
6 10 81 229 233
6 11 730 351 55
7 8 528 475 265
7 9 211 220 291
7 10 184 600 578
7 11 583 186 470
8 9 630 701 426
8 10 176 853 747
8 11 991 836 800
9 10 117 266 135
9 11 289 747 409
10 11 240 375 859
