12 3
0 1 374 466 444
0 4 960 988 393
0 8 566 798 309
1 2 595 774 348
1 3 217 645 900
1 7 294 893 996
1 9 882 837 272
1 11 673 801 918
2 3 666 279 409
2 4 189 833 238
2 7 628 575 718
2 8 519 958 435
2 10 67 237 659
3 6 933 523 259
3 7 463 849 762
3 8 804 483 663
3 10 929 665 194
3 11 683 388 799
4 6 973 284 769
4 7 558 606 377
4 8 593 614 682
4 10 380 757 67
5 6 565 786 360
5 8 326 936 589
5 10 646 882 223
5 11 673 770 689
6 8 804 442 241
6 9 974 978 852
6 10 892 814 82
6 11 880 316 802
7 9 549 672 117
9 10 766 903 212
10 11 774 109 371
