12 3
0 1 692 995 161
0 2 306 896 457
0 3 646 872 626
0 4 290 238 888
0 5 373 980 992
0 6 418 446 473
0 7 474 146 93
0 8 231 955 337
1 2 269 880 66
1 3 527 407 738
1 4 477 154 589
1 6 709 165 853
1 8 962 957 525
1 9 281 437 300
1 10 228 482 177
2 4 737 750 654
2 5 213 296 167
2 7 834 836 540
3 4 673 290 537
3 6 145 983 217
3 7 275 59 285
3 8 68 63 856
3 9 119 358 155
3 10 998 545 646
4 5 808 700 766
4 7 675 152 363
4 10 56 220 322
4 11 480 859 357
5 6 380 119 653
5 11 303 420 766
6 7 255 119 959
6 11 876 462 773
7 8 81 819 990
8 9 512 207 539
10 11 687 319 152
