12 3
0 1 961 590 230
0 2 222 448 173
0 3 456 369 55
0 5 711 928 164
0 6 113 767 466
0 7 992 394 932
0 8 992 115 619
0 9 895 437 809
0 10 277 956 573
1 3 694 484 765
1 4 410 913 626
1 5 926 82 607
1 6 130 88 493
1 9 93 211 500
1 10 886 777 152
1 11 291 759 471
2 3 800 646 473
2 4 867 178 666
2 5 770 234 432
2 6 990 361 315
2 7 390 858 133
2 8 627 507 854
2 9 690 103 578
2 10 101 174 526
2 11 851 351 892
3 4 974 594 441
3 5 217 440 129
3 6 716 71 257
3 8 273 342 129
3 9 62 280 127
3 10 672 249 781
3 11 134 329 285
4 5 252 367 71
4 6 156 274 678
4 7 124 250 677
4 8 931 279 326
4 11 787 897 267
5 7 326 232 553
5 8 514 701 726
5 9 375 884 484
5 10 970 587 256
5 11 83 192 468
6 7 374 987 829
6 8 801 491 179
6 10 729 672 447
6 11 85 141 468
7 8 601 841 725
7 9 703 634 355
7 10 648 778 665
7 11 578 919 267
8 9 706 565 725
8 11 492 412 648
9 11 503 663 517
10 11 636 555 216
