12 3
0 1 961 745 534
0 2 924 883 999
0 3 377 297 200
0 4 862 162 899
0 5 378 635 380
0 6 486 881 50
0 7 659 644 906
0 8 765 863 921
0 9 825 918 218
0 10 242 484 177
0 11 832 424 750
1 2 285 149 191
1 3 97 450 278
1 4 453 51 417
1 5 326 851 958
1 6 344 518 329
1 7 878 451 461
1 8 333 186 672
1 9 544 590 218
1 10 364 142 686
1 11 647 845 978
2 3 293 138 255
2 4 150 788 241
2 5 538 175 752
2 6 246 738 962
2 7 673 370 518
2 8 333 908 317
2 9 351 816 782
2 10 428 129 507
2 11 539 717 329
3 4 455 656 584
3 5 361 100 684
3 6 477 498 236
3 7 737 132 863
3 8 774 309 945
3 9 408 143 455
3 10 642 636 326
3 11 194 976 631
4 5 646 136 701
4 6 981 755 525
4 7 267 332 492
4 8 381 269 480
4 9 459 853 723
4 10 376 623 65
4 11 530 839 515
5 6 575 181 569
5 7 634 427 408
5 8 779 671 670
5 9 941 804 313
5 10 361 624 772
5 11 280 848 50
6 7 50 692 300
6 8 469 994 443
6 9 668 562 699
6 10 59 425 962
6 11 842 571 978
7 8 894 225 958
7 9 224 279 254
7 10 601 226 176
7 11 144 397 74
8 9 681 737 508
8 10 846 202 913
8 11 393 812 976
9 10 111 159 122
9 11 384 897 283
10 11 795 725 490
