12 3
0 1 953 866 485
0 9 540 555 934
0 10 468 446 291
1 3 602 989 523
1 7 426 318 51
1 11 588 175 225
2 4 874 830 936
2 5 725 240 403
2 8 278 927 84
2 9 597 94 628
2 11 497 447 487
3 4 665 996 57
3 7 496 66 718
3 8 79 720 201
3 10 540 105 428
4 8 681 247 726
4 10 332 698 491
5 8 247 645 191
5 10 728 786 140
6 7 538 714 252
6 9 270 932 943
6 10 246 270 872
7 8 494 621 399
7 9 277 428 469
7 10 683 573 376
7 11 869 195 471
8 9 929 213 253
8 10 750 673 633
8 11 104 815 387
9 10 753 390 821
9 11 919 987 623
