12 3
0 1 803 109 625
0 2 676 354 763
0 3 617 637 443
0 4 608 593 120
0 5 883 593 227
0 6 312 627 927
0 7 397 680 439
0 8 849 519 329
0 9 796 800 585
0 10 730 410 649
0 11 82 224 194
1 2 661 279 586
1 3 194 393 410
1 4 308 204 462
1 5 695 975 571
1 6 663 479 520
1 7 263 709 192
1 8 136 89 631
1 9 468 484 795
1 10 373 89 864
1 11 457 152 375
2 3 769 487 886
2 4 273 421 174
2 5 835 440 59
2 6 980 878 299
2 7 386 117 235
2 8 526 718 966
2 9 373 432 782
2 10 797 342 124
2 11 845 284 138
3 4 174 513 525
3 5 101 113 191
3 6 761 677 263
3 7 750 929 432
3 8 558 233 249
3 9 286 75 799
3 10 831 320 497
3 11 77 693 830
4 5 577 750 704
4 6 395 409 651
4 7 596 158 435
4 8 859 184 818
4 9 275 453 197
4 10 390 968 188
4 11 56 644 169
5 6 925 342 702
5 7 464 875 530
5 8 509 200 89
5 9 851 103 108
5 10 833 55 235
5 11 764 363 185
6 7 496 67 110
6 8 925 913 334
6 9 344 70 228
6 10 81 564 613
6 11 403 354 557
7 8 68 523 322
7 9 722 706 447
7 10 802 778 625
7 11 824 335 608
8 9 388 265 262
8 10 849 263 603
8 11 726 499 141
9 10 213 305 671
9 11 942 572 781
10 11 997 853 707
