12 3
0 1 768 906 303
0 2 300 62 442
0 3 280 712 164
0 4 523 328 981
0 5 525 834 874
0 6 829 683 870
0 7 395 574 295
0 8 527 505 543
0 9 413 500 858
0 10 188 481 861
0 11 766 436 600
1 2 863 140 222
1 3 89 736 374
1 4 935 620 271
1 5 257 994 241
1 6 837 899 848
1 7 594 360 551
1 8 594 183 304
1 9 936 68 593
1 10 87 199 139
1 11 251 165 693
2 3 872 477 417
2 4 632 250 507
2 5 72 998 167
2 6 518 479 640
2 7 253 589 933
2 8 770 488 792
2 9 326 622 425
2 10 439 133 900
2 11 299 213 901
3 4 423 263 874
3 5 429 124 197
3 6 610 112 114
3 7 282 158 544
3 8 69 286 650
3 9 647 729 121
3 10 212 206 631
3 11 653 806 485
4 5 149 640 505
4 6 499 623 974
4 7 236 903 921
4 8 373 462 681
4 9 847 181 741
4 10 638 886 145
4 11 923 593 588
5 6 532 775 280
5 7 71 330 52
5 8 543 247 241
5 9 61 292 480
5 10 887 166 165
5 11 371 409 638
6 7 332 486 176
6 8 903 64 115
6 9 894 94 515
6 10 72 648 165
6 11 459 815 438
7 8 624 344 711
7 9 78 853 928
7 10 65 436 594
7 11 609 868 157
8 9 94 958 176
8 10 517 898 560
8 11 421 918 968
9 10 254 528 370
9 11 63 288 193
10 11 328 556 698
