12 3
0 2 862 311 128
0 3 797 324 536
0 4 438 531 813
0 5 863 976 51
0 6 240 539 204
0 7 628 148 666
0 8 508 368 63
0 9 416 504 858
0 10 186 883 109
0 11 139 962 541
1 2 610 355 884
1 3 942 334 92
1 4 358 608 318
1 8 590 149 727
1 9 816 683 60
1 10 300 439 772
1 11 273 943 348
2 3 458 974 665
2 4 751 667 703
2 5 780 182 662
2 6 536 154 933
2 7 808 846 474
2 9 531 998 936
2 11 902 227 253
3 4 828 739 789
3 8 590 624 399
3 9 709 964 864
3 10 963 951 550
3 11 607 385 291
4 7 154 793 609
4 8 111 798 909
4 9 514 753 339
4 11 480 334 370
5 6 444 674 327
5 7 205 820 401
5 8 116 609 982
5 9 207 52 342
5 10 701 972 370
5 11 94 318 504
6 7 912 699 909
6 8 896 305 103
6 9 224 926 536
6 10 156 618 301
6 11 502 548 526
7 8 569 440 187
7 9 745 532 372
7 11 489 889 376
8 10 813 653 336
8 11 689 569 538
10 11 789 268 100
