12 3
0 2 299 113 281
0 3 704 391 686
0 4 349 649 788
0 5 941 503 224
0 9 443 590 269
1 2 698 123 201
1 3 165 948 696
1 4 855 57 77
1 7 928 709 158
1 8 527 522 605
1 11 844 646 897
2 3 774 340 393
2 4 166 737 809
2 5 245 722 136
2 6 711 214 315
2 7 187 148 182
2 8 327 258 326
2 9 273 973 395
2 11 511 247 720
3 4 521 379 553
3 6 318 141 949
3 8 793 862 156
3 9 526 701 178
3 10 649 514 124
3 11 927 545 588
4 6 123 401 637
4 7 881 709 758
4 8 739 653 251
4 10 918 873 427
5 6 877 482 735
5 8 887 919 565
5 9 727 984 748
5 10 454 932 175
6 10 587 277 558
7 10 477 768 279
7 11 432 146 577
8 10 410 404 941
8 11 489 929 516
9 10 422 144 666
