12 3
0 1 587 624 253
0 2 992 495 277
0 4 839 703 870
0 5 178 927 329
0 8 134 372 427
0 9 885 629 534
0 10 801 989 960
0 11 804 273 791
1 2 680 433 179
1 3 73 126 969
1 4 735 457 561
1 9 642 565 326
1 10 497 449 736
1 11 823 171 276
2 3 416 634 672
2 5 238 777 528
2 6 361 775 357
2 7 904 380 104
2 8 219 594 332
2 9 197 634 54
2 10 389 859 392
2 11 900 127 779
3 5 705 625 595
3 6 332 940 352
3 8 545 170 921
3 11 402 421 537
4 5 746 994 745
4 6 758 622 84
4 7 960 423 585
4 8 660 113 755
4 9 709 668 821
4 10 342 557 401
4 11 365 386 341
5 7 104 942 425
5 8 642 320 862
5 9 871 816 897
5 10 79 221 870
5 11 761 302 725
6 7 755 538 603
6 10 517 484 435
6 11 667 364 372
7 8 601 639 671
7 9 426 952 453
7 10 140 267 381
8 9 650 792 100
8 10 230 728 892
8 11 953 166 737
9 10 699 94 699
9 11 411 538 50
10 11 646 961 139
