12 3
0 1 719 279 851
0 2 882 747 388
0 3 62 202 755
0 4 720 337 206
0 5 278 274 298
0 6 299 896 375
0 8 546 562 521
0 10 498 84 143
1 2 718 102 500
1 3 946 582 920
1 4 207 136 71
1 5 531 580 565
1 6 744 236 800
1 7 801 360 956
1 8 627 321 822
1 9 468 911 425
1 11 321 572 74
2 3 399 508 741
2 4 887 911 895
2 6 702 375 69
2 7 764 843 68
2 9 579 94 333
2 10 172 174 566
2 11 522 102 348
3 5 240 726 199
3 6 953 974 969
3 8 439 151 810
3 9 72 321 624
3 10 250 773 670
3 11 945 64 250
4 5 298 567 550
4 6 86 375 938
4 7 248 675 284
4 9 362 140 334
4 11 380 897 584
5 6 719 243 123
5 7 502 67 337
5 8 412 191 701
5 9 599 663 582
5 10 345 390 52
5 11 170 139 708
6 7 241 619 706
6 8 246 326 651
6 10 299 126 423
6 11 674 294 894
7 8 394 926 363
7 9 188 496 160
7 11 688 211 617
8 9 600 470 356
8 10 673 913 651
9 10 62 866 459
9 11 152 440 370
10 11 394 335 944
