12 3
0 1 225 379 180
0 2 401 482 226
0 3 527 774 904
0 4 792 449 691
0 5 560 209 530
0 6 361 528 620
0 7 487 775 702
0 8 124 644 757
0 9 755 75 82
0 10 613 129 357
0 11 436 846 455
1 2 617 886 687
1 3 570 240 171
1 4 595 211 541
1 5 601 192 310
1 6 79 406 768
1 7 971 770 683
1 8 661 374 832
1 9 608 482 242
1 10 788 583 605
1 11 92 515 716
2 3 667 55 303
2 4 483 893 358
2 5 664 115 242
2 6 756 460 632
2 7 449 490 106
2 8 754 690 505
2 9 390 650 89
2 10 489 483 470
2 11 986 242 700
3 4 672 727 565
3 5 187 959 843
3 6 452 675 275
3 7 607 772 680
3 8 224 573 440
3 9 889 112 632
3 10 566 567 361
3 11 508 720 350
4 5 685 663 313
4 6 502 995 145
4 7 665 602 638
4 8 630 491 394
4 9 991 996 227
4 10 539 993 574
4 11 226 665 634
5 6 345 588 240
5 7 571 565 273
5 8 528 881 383
5 9 294 584 740
5 10 727 937 650
5 11 699 661 464
6 7 824 398 746
6 8 278 467 357
6 9 959 706 694
6 10 702 147 515
6 11 299 320 988
7 8 664 755 312
7 9 222 889 591
7 10 604 176 849
7 11 115 283 287
8 9 921 222 370
8 10 313 630 771
8 11 548 178 422
9 10 90 994 466
9 11 643 345 207
10 11 422 760 280
