12 3
0 2 340 731 866
0 3 894 380 334
0 4 193 228 414
0 5 392 933 666
0 7 727 348 471
0 10 367 662 443
1 2 764 584 790
1 3 353 919 77
1 4 117 136 906
1 6 934 276 466
1 9 725 246 138
1 10 84 603 349
1 11 391 655 216
2 3 833 467 880
2 4 81 477 230
2 5 825 805 877
2 6 860 939 503
2 7 249 441 342
2 8 121 601 960
2 10 385 661 237
2 11 398 172 505
3 4 816 378 671
3 5 197 584 331
3 6 324 603 542
3 8 420 432 482
3 9 752 55 700
3 11 670 232 399
4 7 499 158 382
4 8 578 576 242
4 9 803 307 965
4 11 549 750 531
5 7 125 817 214
5 10 90 789 816
5 11 393 58 83
6 7 58 182 332
7 10 796 140 240
7 11 824 984 435
8 9 469 247 111
