12 3
0 1 298 919 172
0 2 176 523 965
0 3 174 940 545
0 4 454 81 791
0 5 87 664 810
0 6 279 429 206
0 7 996 334 177
0 8 648 295 739
0 9 934 944 81
0 10 488 187 134
0 11 847 615 405
1 2 669 631 531
1 3 448 772 698
1 4 658 123 623
1 5 128 922 449
1 6 435 617 86
1 7 603 976 739
1 8 425 102 874
1 9 117 685 276
1 10 349 555 994
1 11 319 833 273
2 3 608 312 113
2 4 467 952 565
2 5 660 236 339
2 6 222 641 362
2 7 942 62 457
2 8 618 893 922
2 9 605 759 931
2 10 490 601 863
2 11 659 389 724
3 4 649 65 63
3 5 237 315 609
3 6 473 586 814
3 7 451 897 961
3 8 119 239 293
3 9 374 579 869
3 10 156 993 328
3 11 144 331 132
4 5 117 628 631
4 6 941 182 947
4 7 194 414 827
4 8 813 664 541
4 9 942 568 422
4 10 632 859 932
4 11 370 298 222
5 6 162 805 838
5 7 988 63 163
5 8 526 242 341
5 9 848 965 872
5 10 385 911 513
5 11 73 639 257
6 7 258 545 537
6 8 541 541 226
6 9 123 455 123
6 10 77 598 612
6 11 134 647 198
7 8 350 981 703
7 9 245 102 385
7 10 750 683 280
7 11 692 146 875
8 9 689 777 716
8 10 319 190 465
8 11 736 804 831
9 10 632 755 357
9 11 405 531 349
10 11 527 63 222
