12 3
0 1 480 360 458
0 2 459 666 937
0 3 805 984 808
0 4 625 982 475
0 5 271 560 181
0 6 167 171 323
0 7 679 695 940
0 8 714 312 843
0 9 156 162 968
0 10 747 955 285
0 11 523 768 186
1 2 190 368 102
1 3 791 758 939
1 4 289 541 171
1 5 415 743 823
1 6 991 848 160
1 7 67 243 588
1 8 769 910 829
1 9 165 291 155
1 10 908 907 528
1 11 378 630 230
2 3 947 747 936
2 4 747 302 137
2 5 396 319 378
2 6 522 138 842
2 7 424 813 420
2 8 651 529 406
2 9 532 754 797
2 10 242 689 438
2 11 714 556 588
3 4 591 540 365
3 5 461 98 937
3 6 803 477 122
3 7 772 139 430
3 8 198 395 768
3 9 888 434 833
3 10 570 998 687
3 11 750 658 677
4 5 467 276 532
4 6 66 663 750
4 7 980 938 753
4 8 611 737 190
4 9 285 331 680
4 10 874 146 525
4 11 197 963 826
5 6 580 113 201
5 7 490 702 880
5 8 238 303 770
5 9 649 908 121
5 10 462 751 553
5 11 629 455 239
6 7 605 939 220
6 8 715 646 719
6 9 248 160 477
6 10 162 213 480
6 11 461 908 735
7 8 821 607 626
7 9 662 115 237
7 10 226 162 682
7 11 783 73 873
8 9 914 617 330
8 10 97 181 289
8 11 418 736 890
9 10 67 881 69
9 11 867 833 332
10 11 213 196 507
