12 3
0 1 561 130 106
0 2 560 510 446
0 3 756 502 100
0 4 176 543 516
0 5 769 163 734
0 6 205 768 549
0 7 926 284 423
0 8 240 197 461
0 9 191 372 564
0 10 583 804 333
0 11 935 929 738
1 2 442 793 575
1 3 685 308 598
1 4 139 184 936
1 5 271 336 593
1 6 767 753 691
1 7 691 74 614
1 8 353 268 235
1 9 409 953 983
1 10 574 417 289
1 11 516 964 312
2 3 865 832 439
2 4 820 684 517
2 5 586 213 296
2 6 128 626 183
2 7 597 320 821
2 8 152 886 509
2 9 726 229 538
2 10 974 284 812
2 11 410 550 246
3 4 325 787 485
3 5 371 498 316
3 6 775 540 399
3 7 954 246 706
3 8 408 733 742
3 9 81 360 656
3 10 486 482 889
3 11 842 248 460
4 5 162 185 478
4 6 310 392 834
4 7 421 892 839
4 8 393 905 306
4 9 186 664 360
4 10 554 711 639
4 11 478 580 585
5 6 486 473 300
5 7 852 407 906
5 8 104 358 844
5 9 345 812 364
5 10 647 798 933
5 11 61 663 710
6 7 524 644 652
6 8 160 780 594
6 9 869 828 612
6 10 671 766 56
6 11 587 586 213
7 8 700 216 92
7 9 595 479 330
7 10 132 448 401
7 11 559 868 189
8 9 914 498 362
8 10 656 441 574
8 11 864 980 142
9 10 938 974 822
9 11 383 74 952
10 11 883 488 356
