12 4
0 2 529 463 946 456
0 5 88 223 424 183
0 6 705 558 603 941
0 7 264 249 826 135
0 8 507 581 546 539
0 9 480 672 398 482
0 10 83 952 288 330
1 2 574 436 315 639
1 3 645 643 465 579
1 5 726 796 922 284
1 6 809 163 173 976
1 7 487 881 844 810
1 8 423 879 830 848
1 9 678 838 829 622
1 10 389 349 624 847
1 11 396 104 790 108
2 3 789 304 764 152
2 4 68 445 174 425
2 5 606 400 696 919
2 7 745 556 144 511
2 8 537 661 967 514
2 9 832 642 925 988
2 10 275 561 218 730
3 4 531 962 654 733
3 5 998 253 771 107
3 6 320 567 689 870
3 8 471 342 359 206
3 9 295 305 914 842
3 11 569 542 553 613
4 5 422 892 884 302
4 7 174 674 576 578
4 8 691 877 620 304
4 10 169 204 984 888
4 11 393 678 75 341
5 9 848 715 392 626
5 10 707 835 79 488
5 11 219 703 911 933
6 8 193 989 636 174
6 9 184 706 506 936
6 10 220 333 151 350
6 11 838 175 245 576
7 8 900 947 938 709
7 9 189 176 978 703
7 10 759 545 574 253
7 11 614 68 435 616
8 9 117 439 779 53
8 10 650 375 649 673
8 11 542 189 211 593
9 10 289 874 896 479
10 11 426 377 520 447
