12 4
0 1 364 381 186 385
0 2 553 433 471 406
0 3 545 302 513 329
0 4 474 712 200 716
0 5 960 560 816 69
0 6 492 548 948 940
0 7 565 703 387 645
0 8 668 93 64 896
0 9 413 561 989 70
0 11 940 484 754 608
1 3 924 749 580 92
1 4 436 792 114 348
1 5 928 974 745 669
1 6 147 990 133 588
1 7 590 924 169 880
1 8 80 508 486 304
1 10 901 763 153 341
2 3 470 439 940 981
2 4 165 482 518 118
2 5 696 522 395 863
2 6 689 729 875 350
2 7 163 987 557 501
2 9 277 200 807 299
3 4 129 116 452 413
3 5 685 531 96 411
3 6 523 396 136 305
3 7 988 394 244 637
3 8 984 962 989 611
3 10 817 393 857 344
4 7 172 293 454 513
4 8 61 754 305 195
4 9 461 504 459 320
4 10 951 997 929 800
5 6 220 351 626 765
5 8 962 84 637 361
5 9 887 251 635 475
5 10 235 300 428 449
5 11 635 741 334 121
6 9 60 782 170 928
6 10 311 928 589 961
6 11 90 110 661 675
7 8 614 389 708 832
7 9 53 869 188 643
7 10 630 193 883 643
7 11 895 954 406 173
8 9 895 486 101 826
9 11 819 60 959 430
