12 4
0 1 346 506 302 297
0 2 832 760 321 448
0 3 733 540 473 572
0 4 979 282 843 552
0 5 888 719 764 927
0 6 169 683 253 239
0 7 815 322 188 96
0 8 388 217 50 700
0 9 258 672 872 710
0 10 663 985 918 89
0 11 551 449 377 847
1 2 79 592 102 207
1 3 651 116 695 906
1 4 960 478 834 287
1 5 224 942 362 831
1 6 331 286 146 745
1 7 910 249 393 996
1 8 282 55 232 164
1 9 717 337 422 106
1 10 284 949 538 243
1 11 122 830 700 499
2 3 681 934 126 840
2 4 74 301 712 543
2 5 871 977 868 745
2 6 763 609 779 435
2 7 299 729 163 128
2 8 80 355 867 350
2 9 182 508 976 491
2 10 779 304 816 466
2 11 849 297 702 200
3 4 69 345 997 405
3 5 375 568 69 243
3 6 468 769 626 522
3 7 177 159 879 263
3 8 711 435 61 975
3 9 808 480 558 763
3 10 335 989 427 285
3 11 349 606 680 667
4 5 829 789 58 736
4 6 514 844 807 92
4 7 753 506 995 69
4 8 500 296 711 569
4 9 617 379 217 377
4 10 103 277 476 587
4 11 749 573 752 298
5 6 459 261 67 647
5 7 517 104 265 728
5 8 367 756 717 921
5 9 974 586 552 701
5 10 163 714 964 169
5 11 66 381 574 521
6 7 696 400 694 214
6 8 268 51 546 177
6 9 733 853 411 272
6 10 498 629 638 825
6 11 374 600 892 696
7 8 372 484 902 564
7 9 874 932 270 926
7 10 803 868 138 407
7 11 843 145 302 719
8 9 168 915 279 771
8 10 609 740 139 491
8 11 478 268 178 884
9 10 229 93 741 940
9 11 354 710 136 963
10 11 590 101 726 667
