12 4
0 1 69 160 569 430
0 3 561 79 673 777
0 4 981 713 975 575
0 5 742 634 152 401
0 7 437 223 587 929
0 8 221 75 274 935
0 10 228 618 304 409
0 11 375 181 477 307
1 2 313 853 346 254
1 3 420 444 284 215
1 4 378 63 880 442
1 5 491 603 51 708
1 6 371 713 967 377
1 8 163 506 174 571
1 9 611 439 878 489
1 11 842 235 144 647
2 3 656 237 638 527
2 4 269 808 674 224
2 6 579 580 508 112
2 8 236 467 739 575
2 9 383 189 835 166
2 10 610 372 146 707
2 11 551 928 933 768
3 5 915 299 308 267
3 6 579 284 725 627
3 7 944 708 339 688
3 9 836 192 179 170
3 11 674 671 294 875
4 5 341 432 548 797
4 6 276 620 608 573
4 7 466 176 385 871
4 8 363 697 286 497
4 9 438 527 905 732
4 10 94 307 484 986
4 11 916 105 535 999
5 6 454 122 366 834
5 7 952 640 420 306
5 8 157 127 941 256
5 10 536 135 907 76
5 11 704 353 299 909
6 7 877 780 193 888
6 8 266 578 923 769
6 9 931 898 297 250
6 10 847 386 236 491
6 11 937 611 580 605
7 9 198 225 935 304
7 10 769 153 380 122
7 11 832 891 194 85
8 10 823 693 119 358
8 11 518 690 181 858
9 10 196 389 550 255
9 11 612 916 635 206
10 11 960 290 152 749
