12 4
0 1 461 917 194 354
0 2 598 907 596 519
0 3 319 436 501 865
0 6 245 295 381 523
0 7 50 132 418 702
0 10 880 227 114 410
1 3 885 541 529 902
1 5 404 885 200 561
1 6 533 704 167 67
1 8 918 323 782 663
1 9 881 331 914 526
1 10 675 970 673 448
2 4 944 489 321 366
2 8 123 702 79 171
2 10 899 554 352 432
2 11 954 546 362 264
3 4 553 335 396 185
3 5 123 964 186 701
3 7 272 370 605 405
3 8 449 892 195 545
3 9 757 346 229 207
3 11 176 379 826 575
4 6 994 620 60 696
4 7 417 66 650 89
4 8 257 847 671 258
4 10 558 980 732 730
5 7 313 509 481 578
5 8 200 359 193 914
5 9 686 600 451 908
5 11 702 711 203 867
6 7 538 644 268 740
6 8 676 683 418 854
7 8 581 645 614 753
7 9 179 343 292 957
7 10 602 279 675 142
8 9 566 66 592 320
8 10 391 399 934 587
9 11 458 979 970 358
