12 4
0 2 982 623 418 78
0 5 767 542 905 427
0 6 949 876 457 358
0 7 777 178 667 639
0 8 314 95 52 844
0 11 314 634 571 800
1 2 709 573 135 743
1 4 635 470 427 924
1 5 97 751 962 271
1 6 522 627 847 780
1 7 676 650 668 794
1 8 305 956 755 89
1 11 706 269 331 70
2 7 654 175 464 82
2 9 493 808 184 205
2 11 499 987 270 592
3 4 173 665 861 175
3 5 615 872 189 651
3 7 808 803 303 592
3 9 366 867 355 527
3 10 917 58 446 74
4 5 850 93 869 209
4 6 336 807 55 377
4 8 626 929 840 631
4 9 906 814 532 682
4 10 523 498 876 425
4 11 743 934 704 550
5 7 482 207 330 604
5 8 394 52 474 920
5 9 339 146 793 116
5 10 195 915 512 909
6 7 84 531 881 957
6 8 483 999 843 119
6 9 641 871 256 670
6 11 792 463 152 128
7 10 945 401 429 943
8 11 921 875 464 571
9 10 743 454 315 833
