12 4
0 1 186 740 542 542
0 2 437 516 667 493
0 3 147 995 418 276
0 4 832 287 784 579
0 5 802 613 964 112
0 6 143 369 245 737
0 7 641 238 387 991
0 8 579 550 653 260
0 9 924 771 859 163
0 10 875 739 787 203
0 11 633 854 710 725
1 2 211 877 613 719
1 3 275 100 283 172
1 4 382 501 456 814
1 5 357 659 781 253
1 6 793 874 818 245
1 7 131 373 341 114
1 8 853 525 807 202
1 9 258 832 278 82
1 10 793 271 547 526
1 11 576 807 152 469
2 3 560 861 551 451
2 4 826 637 364 453
2 5 394 240 994 812
2 6 774 872 617 986
2 7 143 287 793 771
2 8 668 664 669 998
2 9 426 796 802 606
2 10 846 643 622 875
2 11 759 967 666 204
3 4 308 708 365 177
3 5 975 832 762 749
3 6 690 123 716 780
3 7 312 121 293 151
3 8 142 61 700 517
3 9 635 884 708 57
3 10 236 219 803 420
3 11 506 425 546 151
4 5 447 348 234 774
4 6 462 657 403 124
4 7 406 255 978 382
4 8 388 471 748 683
4 9 138 162 562 408
4 10 729 842 183 819
4 11 158 746 208 266
5 6 969 595 420 905
5 7 758 150 305 272
5 8 736 362 219 632
5 9 821 965 514 717
5 10 484 157 976 856
5 11 494 782 760 432
6 7 925 576 791 921
6 8 116 408 550 154
6 9 867 348 325 564
6 10 586 319 384 524
6 11 188 112 151 615
7 8 490 299 380 603
7 9 807 647 918 498
7 10 741 191 557 375
7 11 307 477 380 421
8 9 487 120 314 983
8 10 993 735 983 582
8 11 145 289 234 344
9 10 450 723 443 898
9 11 897 958 512 450
10 11 339 168 568 289
