12 4
0 2 471 89 786 314
0 3 435 288 335 698
0 4 656 783 408 522
0 6 294 294 354 974
0 7 797 627 968 724
0 8 251 680 269 690
0 9 746 431 525 834
0 10 884 338 361 407
0 11 689 849 221 608
1 2 727 374 123 519
1 3 961 68 686 716
1 4 138 106 408 296
1 6 502 772 190 236
1 7 230 683 414 835
1 8 738 597 831 332
1 11 220 868 101 298
2 4 568 135 671 631
2 5 176 145 500 607
2 6 114 300 242 461
2 7 230 861 365 302
2 8 126 604 574 352
2 9 50 212 380 715
2 10 957 254 680 890
2 11 906 700 181 950
3 4 425 101 93 111
3 6 498 887 861 229
3 7 380 756 355 746
3 8 808 230 525 748
3 10 274 619 833 174
3 11 124 840 656 890
4 6 766 973 812 667
4 7 676 981 797 97
4 8 173 145 588 527
4 9 90 672 824 771
4 10 218 92 346 801
5 6 50 522 792 313
5 7 901 840 688 748
5 10 168 525 121 807
5 11 439 445 600 741
6 9 955 370 156 503
6 10 674 835 497 416
6 11 566 583 629 128
7 8 765 697 237 384
7 9 535 104 57 96
7 11 591 887 421 90
9 10 936 153 999 526
9 11 62 728 581 536
