12 4
0 1 717 824 392 363
0 2 180 557 315 981
0 3 659 468 149 622
0 4 567 799 644 517
0 5 546 649 728 197
0 6 499 496 485 431
0 7 810 293 664 992
0 8 364 905 797 422
0 9 798 921 386 300
0 10 779 808 948 419
0 11 80 585 810 300
1 2 429 94 771 793
1 3 627 646 399 626
1 4 186 943 662 966
1 5 337 481 704 493
1 6 980 602 305 434
1 7 91 175 721 571
1 8 245 678 970 606
1 9 599 614 953 485
1 10 527 941 605 789
1 11 272 791 382 938
2 3 279 655 742 317
2 4 835 125 429 691
2 5 508 814 551 848
2 6 74 928 404 642
2 7 154 353 707 336
2 8 108 878 320 197
2 9 355 918 109 338
2 10 577 643 236 360
2 11 187 864 732 663
3 4 859 402 579 348
3 5 959 305 654 591
3 6 342 974 758 398
3 7 503 164 881 127
3 8 530 297 217 968
3 9 274 886 605 113
3 10 92 888 536 809
3 11 417 222 733 187
4 5 382 381 484 989
4 6 376 155 252 938
4 7 999 816 845 679
4 8 645 434 997 947
4 9 664 995 843 475
4 10 628 800 83 56
4 11 95 789 389 548
5 6 883 201 681 637
5 7 883 145 206 774
5 8 89 524 485 313
5 9 253 787 767 146
5 10 283 121 711 841
5 11 508 698 544 146
6 7 494 585 692 471
6 8 467 200 883 503
6 9 255 375 492 444
6 10 874 279 141 817
6 11 211 860 288 128
7 8 309 882 739 777
7 9 451 323 426 913
7 10 285 234 283 166
7 11 621 532 958 719
8 9 401 426 287 624
8 10 846 568 452 860
8 11 868 70 594 154
9 10 350 596 526 263
9 11 722 97 78 682
10 11 690 66 206 933
