12 4
0 1 753 145 853 491
0 2 231 852 516 367
0 3 903 613 259 969
0 4 594 666 780 602
0 5 770 820 430 407
0 6 814 645 400 180
0 7 453 971 952 852
0 8 849 57 568 703
0 9 519 530 495 867
0 10 897 521 894 602
0 11 677 155 282 520
1 2 550 897 181 646
1 3 334 960 696 626
1 4 386 959 638 554
1 5 85 146 398 51
1 6 877 311 755 761
1 7 112 199 84 869
1 8 947 302 626 812
1 9 693 567 394 825
1 10 336 608 459 222
1 11 260 882 953 646
2 3 862 908 817 202
2 4 190 172 994 490
2 5 279 278 158 289
2 6 509 86 378 744
2 7 55 900 958 226
2 8 283 473 374 604
2 9 124 145 823 133
2 10 88 331 145 611
2 11 91 166 553 153
3 4 129 485 728 138
3 5 188 880 879 277
3 6 556 226 883 166
3 7 391 549 343 294
3 8 738 411 693 51
3 9 578 927 844 788
3 10 841 864 444 663
3 11 662 839 589 567
4 5 979 338 733 178
4 6 668 165 840 513
4 7 195 461 293 812
4 8 190 927 599 522
4 9 775 384 75 277
4 10 464 727 101 696
4 11 624 648 307 313
5 6 668 855 932 929
5 7 556 275 597 705
5 8 807 189 962 209
5 9 839 450 550 715
5 10 85 320 90 917
5 11 58 741 222 971
6 7 77 532 421 918
6 8 408 999 932 548
6 9 726 668 219 830
6 10 784 424 995 426
6 11 627 470 380 710
7 8 783 764 414 403
7 9 363 750 567 95
7 10 966 618 571 714
7 11 625 312 630 138
8 9 64 417 776 100
8 10 750 225 388 346
8 11 578 923 457 456
9 10 999 350 490 722
9 11 140 558 794 871
10 11 499 495 321 525
