12 4
0 1 249 822 319 727
0 2 570 936 857 795
0 3 663 371 742 851
0 4 657 999 718 360
0 5 501 795 647 441
0 6 108 437 259 115
0 7 139 385 231 422
0 8 516 493 595 816
0 9 304 66 477 546
0 10 265 436 63 515
0 11 143 180 279 496
1 2 717 160 442 557
1 3 663 154 359 364
1 4 121 916 751 712
1 5 254 696 461 117
1 6 866 999 92 59
1 7 222 760 142 172
1 8 754 208 437 721
1 9 172 683 237 171
1 10 869 498 978 166
1 11 524 322 595 214
2 3 482 535 117 579
2 4 838 556 221 358
2 5 103 469 274 308
2 6 341 93 923 205
2 7 820 803 298 635
2 8 305 174 194 740
2 9 179 534 801 835
2 10 386 843 315 824
2 11 61 298 75 260
3 4 257 481 354 566
3 5 924 729 832 951
3 6 59 220 710 200
3 7 874 761 865 352
3 8 297 536 402 113
3 9 224 730 909 140
3 10 723 396 604 512
3 11 471 168 557 772
4 5 844 325 278 675
4 6 819 136 438 872
4 7 907 564 729 87
4 8 163 461 510 454
4 9 93 450 613 895
4 10 626 378 468 550
4 11 682 311 846 384
5 6 251 665 826 673
5 7 85 699 288 238
5 8 389 423 995 854
5 9 814 684 842 720
5 10 703 525 152 640
5 11 641 510 419 890
6 7 964 292 870 631
6 8 576 312 224 695
6 9 842 230 506 645
6 10 330 856 184 377
6 11 900 677 852 757
7 8 107 623 977 951
7 9 985 861 706 600
7 10 162 769 597 568
7 11 610 502 426 627
8 9 987 789 763 374
8 10 945 107 942 126
8 11 119 534 832 265
9 10 469 324 166 811
9 11 947 368 643 475
10 11 413 979 352 308
