12 4
0 1 131 974 91 108
0 2 288 631 703 887
0 3 731 287 609 290
0 4 950 698 51 811
0 5 402 165 869 543
0 6 257 708 256 204
0 7 999 960 906 909
0 8 256 632 809 821
0 9 822 835 965 476
0 10 164 410 582 711
0 11 951 598 647 197
1 2 608 242 279 408
1 3 925 908 264 443
1 4 852 826 962 161
1 5 111 846 558 752
1 6 536 338 706 744
1 7 467 655 69 533
1 8 185 357 238 306
1 9 781 267 191 489
1 10 468 183 285 92
1 11 543 223 344 573
2 3 875 521 957 321
2 4 939 884 971 537
2 5 410 718 576 61
2 6 927 786 459 53
2 7 410 351 912 223
2 8 703 742 707 838
2 9 322 777 345 630
2 10 111 245 987 295
2 11 898 594 288 704
3 4 182 463 563 571
3 5 114 507 65 944
3 6 384 660 939 371
3 7 178 324 204 936
3 8 761 668 93 829
3 9 890 349 67 821
3 10 126 151 775 121
3 11 153 825 231 961
4 5 648 181 195 209
4 6 470 560 973 387
4 7 134 937 975 299
4 8 544 89 958 692
4 9 419 338 714 674
4 10 696 293 492 840
4 11 194 690 342 249
5 6 891 58 255 52
5 7 527 569 896 194
5 8 754 683 415 207
5 9 334 850 353 159
5 10 780 610 771 379
5 11 715 282 688 890
6 7 473 677 667 583
6 8 499 672 768 359
6 9 425 908 627 284
6 10 574 442 909 540
6 11 815 778 712 236
7 8 437 145 873 582
7 9 892 155 741 135
7 10 562 396 818 688
7 11 949 942 323 230
8 9 628 347 555 492
8 10 796 52 403 887
8 11 276 608 61 817
9 10 251 308 559 646
9 11 592 894 404 123
10 11 259 783 391 944
