12 4
0 1 583 271 742 617
0 2 583 698 152 998
0 3 251 454 400 851
0 4 282 979 227 665
0 5 566 826 929 669
0 6 520 621 399 404
0 7 425 610 481 486
0 8 61 583 280 358
0 9 864 233 440 346
0 10 54 266 190 593
1 2 91 989 641 545
1 6 577 589 466 907
1 7 837 166 599 491
1 8 359 746 485 503
1 10 601 460 139 147
2 3 288 977 965 504
2 4 174 617 463 920
2 6 902 144 268 620
2 7 655 223 94 107
2 8 783 391 667 365
2 9 185 981 444 287
3 4 822 418 812 764
3 6 94 234 984 998
3 7 221 313 425 457
3 8 586 305 565 973
3 9 491 141 755 309
3 10 563 883 379 260
4 5 846 468 923 706
4 6 628 683 336 964
4 7 694 97 473 229
4 8 132 906 414 606
4 9 721 207 625 453
4 11 477 272 943 197
5 8 665 497 251 494
5 11 322 630 403 847
6 7 803 447 193 719
6 8 928 906 740 463
6 9 220 628 581 486
6 10 537 871 152 161
7 8 467 312 829 879
7 9 915 498 320 376
7 10 340 776 832 894
7 11 54 586 389 892
8 9 280 655 147 282
8 10 140 400 470 420
8 11 281 621 447 237
9 10 883 180 774 119
10 11 919 143 664 991
