12 4
0 1 722 183 367 975
0 2 634 506 698 792
0 3 822 277 958 142
0 4 838 908 51 692
0 5 101 621 886 322
0 6 220 588 120 656
0 7 150 400 691 357
0 8 137 179 95 699
0 9 171 559 590 537
0 10 327 439 450 68
0 11 911 377 929 358
1 2 714 857 70 113
1 3 449 537 156 663
1 4 495 562 210 684
1 5 492 472 544 325
1 6 98 209 842 995
1 7 487 180 143 351
1 8 595 398 435 174
1 9 852 870 275 318
1 10 273 928 975 120
1 11 578 536 199 568
2 3 359 925 655 864
2 4 948 258 58 373
2 5 535 618 518 950
2 6 595 197 888 808
2 7 126 838 325 479
2 8 822 910 580 427
2 9 695 562 927 140
2 10 912 269 516 376
2 11 363 220 209 480
3 4 950 673 183 282
3 5 886 979 531 934
3 6 608 971 137 623
3 7 991 222 267 336
3 8 595 496 443 161
3 9 377 303 804 279
3 10 592 779 89 119
3 11 755 67 491 106
4 5 522 514 196 818
4 6 543 64 192 433
4 7 814 191 167 274
4 8 119 962 926 993
4 9 907 255 617 494
4 10 366 766 158 947
4 11 447 173 197 218
5 6 395 117 828 462
5 7 717 850 921 417
5 8 556 928 93 359
5 9 584 398 459 433
5 10 244 314 985 693
5 11 516 419 189 652
6 7 296 530 857 872
6 8 910 147 448 338
6 9 278 825 282 742
6 10 904 333 510 724
6 11 422 302 807 737
7 8 253 774 387 896
7 9 230 160 892 429
7 10 788 406 185 707
7 11 359 601 994 81
8 9 884 360 717 476
8 10 933 100 839 231
8 11 513 494 896 885
9 10 360 975 248 622
9 11 182 74 829 453
10 11 315 880 937 236
