13 2
0 1 150 877
0 6 228 840
0 7 731 150
0 8 709 348
0 9 221 213
0 10 496 237
0 11 614 898
0 12 949 294
1 2 289 981
1 3 744 786
1 4 491 723
1 5 278 930
1 6 162 103
1 7 503 768
1 8 735 323
1 9 468 782
1 10 327 80
1 11 534 104
2 4 881 496
2 7 649 412
2 8 616 431
2 9 236 434
2 10 996 564
2 11 944 903
3 4 321 61
3 5 829 448
3 6 491 684
3 7 142 138
3 8 407 622
3 11 555 645
3 12 162 95
4 5 857 779
4 6 368 232
4 7 129 805
4 8 673 245
4 9 671 507
4 11 962 152
4 12 750 203
5 6 916 445
5 7 442 868
5 9 709 149
5 11 431 487
5 12 837 256
6 8 223 906
6 9 419 62
6 10 451 771
6 11 926 975
6 12 245 298
7 8 364 700
7 11 398 699
7 12 875 961
8 10 554 818
8 11 206 68
8 12 76 909
9 10 987 57
9 11 883 557
9 12 261 538
10 11 729 980
10 12 681 692
11 12 158 204
