13 2
0 3 534 567
0 4 738 999
0 5 797 545
0 6 805 856
0 8 959 595
0 9 164 640
0 10 581 500
0 12 387 486
1 2 863 697
1 4 903 822
1 5 200 817
1 8 513 158
1 9 391 799
1 11 983 187
1 12 337 923
2 3 238 136
2 4 166 398
2 5 736 411
2 6 277 717
2 9 906 662
2 10 646 729
2 11 771 289
3 4 607 370
3 5 567 562
3 6 638 216
3 8 448 422
3 10 423 797
3 12 922 230
4 6 749 447
4 7 612 698
4 8 845 399
4 9 689 363
4 10 500 490
4 11 412 148
4 12 125 397
5 7 98 834
5 9 327 171
5 11 284 670
5 12 299 302
6 8 339 503
6 9 742 576
6 10 706 200
6 11 821 904
7 8 195 294
7 9 547 795
7 10 242 903
7 11 459 751
7 12 234 431
8 9 968 523
8 10 708 193
8 11 449 699
8 12 195 195
9 10 981 693
9 11 951 941
10 11 423 638
10 12 684 276
