13 2
0 1 843 58
0 2 574 839
0 3 357 782
0 4 232 257
0 5 870 486
0 6 645 951
0 7 154 80
0 8 262 432
0 9 879 266
0 10 292 543
0 11 388 957
0 12 965 928
1 2 703 970
1 3 706 566
1 4 656 962
1 5 119 494
1 6 405 600
1 7 411 870
1 8 854 510
1 9 76 810
1 10 75 158
1 11 127 936
1 12 813 269
2 3 742 88
2 4 746 82
2 5 546 983
2 6 512 993
2 7 175 733
2 8 315 913
2 9 110 454
2 10 176 623
2 11 936 148
2 12 457 278
3 4 553 303
3 5 355 198
3 6 830 211
3 7 261 329
3 8 247 176
3 9 276 612
3 10 868 105
3 11 252 196
3 12 879 811
4 5 314 163
4 6 959 585
4 7 771 274
4 8 802 920
4 9 317 484
4 10 500 146
4 11 331 854
4 12 299 264
5 6 590 808
5 7 191 578
5 8 790 570
5 9 176 900
5 10 564 93
5 11 841 121
5 12 788 938
6 7 660 502
6 8 746 527
6 9 53 118
6 10 882 561
6 11 971 683
6 12 212 457
7 8 506 789
7 9 444 918
7 10 800 960
7 11 179 783
7 12 815 894
8 9 402 996
8 10 388 306
8 11 684 764
8 12 964 241
9 10 988 841
9 11 446 332
9 12 635 928
10 11 767 65
10 12 887 918
11 12 694 211
