13 2
0 1 546 566
0 2 250 174
0 3 456 379
0 4 563 760
0 6 742 357
0 7 531 742
0 8 452 260
0 9 663 573
0 10 293 671
0 12 865 209
1 2 929 120
1 3 287 666
1 4 587 846
1 5 81 934
1 6 584 813
1 7 879 467
1 8 83 891
1 9 83 165
1 10 575 809
1 11 755 692
1 12 246 110
2 3 913 307
2 4 595 897
2 5 173 651
2 7 868 654
2 8 689 782
2 9 246 943
2 10 99 913
2 11 672 958
2 12 173 844
3 4 152 457
3 5 382 292
3 7 713 983
3 8 548 954
3 9 885 782
3 10 634 788
3 11 299 637
3 12 208 163
4 6 865 592
4 7 701 766
4 8 358 479
4 9 672 232
4 10 697 435
4 11 752 580
4 12 666 969
5 7 392 641
5 8 680 136
5 9 347 695
5 12 704 808
6 7 898 781
6 8 994 525
6 10 337 915
6 11 57 704
7 8 772 946
7 10 720 243
7 11 123 623
7 12 443 432
8 9 953 778
8 11 654 783
9 11 204 669
9 12 119 277
10 11 447 397
10 12 141 764
11 12 319 422
