13 3
0 1 338 291 683
0 3 353 711 311
0 4 249 874 859
0 6 517 542 247
0 7 603 799 585
0 8 709 599 106
0 10 843 230 173
0 11 368 853 926
0 12 174 481 113
1 2 93 368 800
1 3 647 551 340
1 4 903 656 197
1 5 80 971 77
1 6 88 227 632
1 9 520 580 239
1 10 719 513 329
1 12 175 697 240
2 7 666 637 142
2 8 240 938 162
2 9 477 537 121
2 10 111 978 873
2 11 703 192 636
3 4 553 372 182
3 5 68 378 974
3 7 859 300 285
3 8 492 591 498
3 9 670 425 722
3 10 67 946 463
3 11 370 196 364
3 12 123 868 707
4 5 779 438 158
4 6 912 933 757
4 7 663 280 944
4 8 81 164 636
4 9 497 862 272
4 10 232 758 346
4 12 977 484 129
5 6 182 658 801
5 7 508 408 382
5 8 160 138 669
5 9 437 426 414
5 10 749 747 72
5 11 160 515 337
5 12 706 134 559
6 8 237 955 801
6 9 861 80 580
6 11 771 340 254
7 9 524 352 147
7 11 482 101 988
7 12 473 906 575
8 9 103 391 560
8 10 139 109 389
8 11 556 800 497
8 12 104 752 870
9 11 727 711 478
9 12 376 165 868
10 11 764 459 784
11 12 615 295 750
