13 3
0 2 470 611 219
0 6 645 577 963
0 7 747 392 790
0 8 882 561 388
0 9 844 973 555
0 10 197 972 972
0 11 393 854 903
0 12 971 416 986
1 2 53 488 146
1 5 417 94 452
1 7 314 199 927
1 8 72 177 929
1 11 850 696 728
2 7 602 709 888
2 10 502 924 321
3 5 662 532 94
3 7 942 682 275
3 8 909 413 189
3 12 544 362 375
4 6 860 274 939
4 8 225 681 217
4 10 296 608 714
4 11 232 998 791
5 8 534 807 956
5 12 946 178 150
6 8 951 544 915
7 8 939 442 749
7 10 215 116 617
7 11 435 506 128
7 12 251 893 802
8 9 151 541 853
8 11 286 257 546
8 12 281 205 513
9 10 846 847 249
9 12 821 649 118
10 11 147 679 367
10 12 914 686 870
11 12 705 195 244
