13 3
0 2 152 493 179
0 3 457 764 693
0 6 275 862 516
0 7 883 657 659
0 8 123 732 251
0 12 814 179 485
1 2 738 353 331
1 3 564 985 449
1 4 699 981 76
1 5 488 857 456
1 7 559 684 121
2 4 64 770 950
2 5 626 908 877
2 6 573 762 853
2 7 481 708 605
2 9 583 60 761
2 10 372 324 661
2 11 947 111 900
3 4 564 428 382
3 6 167 502 143
3 7 564 925 970
3 8 429 914 149
3 9 835 142 383
3 10 993 925 884
4 5 684 446 60
4 6 901 816 457
4 11 599 325 928
4 12 647 241 147
5 7 342 593 80
5 9 172 266 795
5 11 269 988 705
6 7 308 345 663
6 10 71 511 517
9 10 897 75 742
11 12 833 835 559
