13 3
0 1 553 162 68
0 2 925 233 273
0 3 959 989 202
0 4 728 114 660
0 5 396 826 295
0 6 94 277 664
0 7 258 448 429
0 8 647 856 866
0 9 83 590 739
0 10 388 232 950
0 11 928 895 880
0 12 741 659 445
1 2 358 817 391
1 3 713 100 667
1 4 517 754 624
1 6 588 364 970
1 7 779 372 907
1 8 460 268 280
1 9 313 619 482
1 11 959 974 718
1 12 478 182 572
2 5 889 768 672
2 6 199 256 114
2 7 178 356 939
2 8 131 716 702
2 10 150 971 368
2 11 851 360 311
2 12 326 69 833
3 4 570 360 994
3 5 736 168 916
3 7 135 364 222
3 8 729 748 338
3 9 430 457 842
3 11 555 456 194
3 12 483 722 127
4 6 953 146 510
4 7 227 878 872
4 8 369 526 913
4 12 935 146 200
5 6 388 675 726
5 7 768 662 230
5 8 482 222 68
5 9 308 247 668
5 11 394 684 469
5 12 323 375 902
6 7 681 800 75
6 8 591 63 135
6 9 630 561 674
6 10 271 276 513
6 12 427 644 591
7 9 465 305 154
7 11 346 452 288
7 12 581 165 228
8 9 228 905 616
8 12 172 320 924
9 10 245 712 918
9 11 638 351 57
9 12 210 55 217
10 11 897 66 665
10 12 845 819 727
11 12 493 382 348
