13 3
0 1 497 423 703
0 8 390 737 841
1 5 924 503 922
1 9 134 793 57
1 10 619 929 469
2 4 982 457 850
2 6 323 600 813
2 8 251 277 82
2 9 323 164 237
2 10 779 306 177
3 5 117 883 81
3 7 984 181 628
3 8 433 879 843
3 9 97 693 965
3 12 179 674 759
4 5 317 879 781
4 6 389 873 252
4 7 259 253 375
4 8 749 951 760
4 9 423 851 912
4 11 287 766 791
4 12 585 368 444
5 6 865 272 160
5 7 534 258 965
5 11 102 961 975
5 12 864 880 146
6 7 163 622 728
6 10 149 712 883
7 9 977 852 287
7 10 198 655 879
7 11 666 984 407
9 11 895 496 606
11 12 319 984 108
