13 3
0 1 241 481 355
0 2 691 828 597
0 3 254 131 922
0 4 417 664 173
0 5 507 221 635
0 6 248 846 495
0 8 485 508 875
0 10 148 772 989
0 12 975 853 553
1 2 972 393 891
1 4 815 247 463
1 5 633 668 78
1 6 179 65 710
1 8 221 196 444
1 9 343 812 681
1 10 580 516 204
1 11 349 626 170
1 12 687 386 876
2 3 469 769 69
2 4 505 143 227
2 5 406 569 137
2 6 771 280 263
2 7 917 129 908
2 8 545 209 659
2 9 382 964 943
2 10 525 733 363
2 11 99 901 200
2 12 696 613 617
3 4 859 960 117
3 5 56 138 931
3 6 984 719 592
3 7 170 403 196
3 8 329 423 54
3 12 924 538 559
4 5 611 377 776
4 6 188 701 951
4 8 548 787 330
4 9 171 769 695
4 10 876 391 615
4 11 109 321 940
5 9 577 344 959
6 7 472 80 103
6 9 410 292 143
6 10 503 189 510
6 12 596 82 640
7 8 464 161 473
7 9 745 257 435
7 10 437 688 972
7 11 880 788 777
8 9 126 454 324
8 10 192 204 321
8 11 541 147 950
8 12 935 495 359
9 10 671 121 847
9 11 431 456 117
11 12 388 815 118
