13 3
0 2 854 679 811
0 3 316 278 716
0 4 731 787 96
0 6 469 607 77
0 7 814 510 104
0 8 125 720 914
0 9 482 128 982
0 11 192 420 864
0 12 457 328 168
1 2 874 302 391
1 4 208 487 291
1 5 276 696 874
1 6 244 139 133
1 7 299 557 703
1 10 459 714 836
1 11 211 460 342
1 12 84 682 733
2 5 66 171 883
2 6 991 787 368
2 7 652 683 122
2 9 672 699 844
2 10 506 248 81
2 11 326 706 430
2 12 940 241 553
3 5 916 543 304
3 6 234 175 189
3 7 778 758 985
3 8 321 847 387
3 9 289 809 105
3 10 470 929 976
3 11 153 517 504
3 12 364 431 394
4 5 631 947 968
4 6 465 64 312
4 8 562 939 294
4 11 247 680 370
4 12 408 755 113
5 6 976 906 845
5 8 354 932 516
5 9 673 668 538
5 11 593 280 967
5 12 179 595 322
6 7 886 967 174
6 9 149 812 598
6 10 927 461 924
6 11 849 189 951
6 12 970 800 743
7 8 980 185 810
7 9 759 464 222
7 10 146 535 489
7 12 146 555 436
8 10 124 537 622
8 11 772 778 200
8 12 295 353 337
9 10 289 969 109
9 11 289 407 269
10 12 356 781 793
11 12 475 598 331
