13 3
0 2 341 864 194
0 3 161 821 546
0 4 445 786 117
0 5 879 409 932
0 6 737 236 530
0 7 324 943 689
0 8 812 604 771
0 9 215 54 591
0 10 542 929 362
1 2 799 951 349
1 3 648 974 710
1 4 632 431 657
1 5 485 604 614
1 6 324 933 765
1 7 176 556 917
1 8 880 594 724
1 9 294 874 703
1 10 375 401 158
1 11 731 818 876
2 5 818 572 956
2 8 912 783 469
2 10 711 86 309
2 11 172 334 987
3 4 475 336 806
3 5 320 335 455
3 6 977 310 155
3 7 446 615 610
3 8 160 891 126
3 9 50 627 530
3 10 975 984 835
3 11 575 622 481
3 12 915 830 513
4 5 855 550 874
4 8 868 689 152
4 9 430 579 873
4 11 721 257 393
4 12 326 846 113
5 6 707 125 353
5 7 758 168 873
5 8 251 509 941
5 9 546 812 574
5 10 702 878 230
5 11 622 473 125
5 12 665 186 833
6 7 819 721 707
6 8 735 991 450
6 9 256 646 561
6 10 634 544 618
6 11 644 185 182
6 12 859 825 99
7 8 676 84 217
7 9 373 120 511
7 10 383 227 827
7 11 661 178 920
8 9 283 280 169
8 10 160 610 841
8 11 685 241 375
8 12 609 281 182
9 11 778 314 860
9 12 667 496 111
10 12 256 864 856
11 12 931 905 383
