13 3
0 1 231 53 355
0 2 858 187 882
0 3 989 404 138
0 4 933 758 448
0 5 442 245 797
0 6 372 543 148
0 7 165 680 895
0 8 753 550 282
0 9 239 107 456
0 10 585 689 435
0 11 896 540 161
0 12 544 737 952
1 2 175 128 287
1 3 557 184 154
1 7 472 819 371
1 8 294 659 685
1 11 82 968 997
1 12 51 353 441
2 3 158 827 743
2 4 618 701 393
2 8 61 832 253
2 9 711 627 343
2 11 667 610 357
2 12 449 779 711
3 4 889 373 738
3 6 678 643 952
3 7 404 723 234
3 10 952 933 192
4 5 925 580 619
4 6 570 855 211
4 7 308 141 576
4 8 903 234 741
4 9 724 740 279
4 11 812 52 797
5 7 50 173 287
5 8 538 606 76
5 9 245 616 975
5 10 426 305 564
5 11 221 671 694
5 12 817 910 375
6 7 707 429 946
6 8 957 546 449
6 12 77 237 257
7 8 567 909 205
7 9 926 639 873
7 10 950 256 613
7 11 328 159 617
7 12 954 109 55
8 10 154 361 700
8 11 199 873 280
8 12 593 154 417
9 10 840 703 429
10 12 527 521 904
11 12 253 922 273
