13 3
0 2 357 360 408
0 3 918 721 684
0 6 748 673 274
0 7 349 178 890
0 10 261 67 868
0 11 119 391 891
1 2 979 891 991
1 3 724 899 294
1 4 115 852 361
1 5 866 127 522
1 7 880 661 175
1 8 695 175 990
1 9 79 459 252
1 12 650 862 239
2 3 394 742 173
2 5 780 359 875
2 6 446 370 411
2 8 883 217 933
2 10 908 178 900
2 11 917 506 384
2 12 842 292 396
3 4 852 528 976
3 6 447 662 769
3 7 399 618 802
3 10 253 388 539
3 12 541 545 207
4 5 189 328 342
4 6 925 238 576
4 7 106 351 365
4 10 981 80 925
4 11 292 910 74
4 12 941 817 828
5 6 55 452 611
5 7 831 437 762
5 8 932 288 925
5 9 730 590 948
5 10 982 286 220
5 11 769 730 571
5 12 419 114 397
6 7 607 737 189
6 8 957 371 726
6 9 133 974 119
6 10 456 475 909
6 11 292 940 907
7 9 398 659 911
7 11 841 984 804
7 12 843 838 74
8 9 984 469 462
8 10 345 747 533
8 11 986 381 519
8 12 718 713 457
9 10 98 539 335
9 11 359 661 772
9 12 194 625 878
10 11 361 991 85
11 12 775 136 398
