13 3
0 1 981 394 586
0 2 363 313 914
0 3 537 703 113
0 4 775 744 939
0 5 462 332 495
0 6 569 807 443
0 7 922 251 202
0 8 176 214 857
0 9 564 697 996
0 10 424 647 276
0 11 228 942 291
0 12 884 225 841
1 2 859 938 323
1 3 641 526 744
1 4 312 727 265
1 5 163 971 297
1 6 222 267 870
1 7 780 208 430
1 8 699 248 985
1 9 405 863 250
1 10 910 308 763
1 11 453 275 552
1 12 527 318 626
2 3 952 786 559
2 4 577 831 994
2 5 649 209 520
2 6 219 623 851
2 7 287 210 537
2 8 654 499 186
2 9 109 484 872
2 10 182 604 272
2 11 852 626 835
2 12 470 891 51
3 4 116 320 369
3 5 308 556 285
3 6 183 716 218
3 7 735 862 767
3 8 438 976 147
3 9 944 893 841
3 10 319 90 602
3 11 933 828 895
3 12 456 839 180
4 5 407 74 446
4 6 965 191 164
4 7 707 53 358
4 8 818 82 967
4 9 670 540 71
4 10 694 441 785
4 11 255 435 72
4 12 745 848 634
5 6 435 375 328
5 7 867 476 562
5 8 540 925 568
5 9 606 770 600
5 10 553 692 573
5 11 972 860 909
5 12 295 796 381
6 7 915 191 837
6 8 611 51 572
6 9 96 84 405
6 10 717 738 987
6 11 740 683 975
6 12 918 888 111
7 8 285 185 406
7 9 671 214 543
7 10 246 176 262
7 11 145 644 627
7 12 367 371 119
8 9 921 987 883
8 10 741 701 871
8 11 110 753 901
8 12 830 295 740
9 10 304 120 270
9 11 762 478 419
9 12 983 781 261
10 11 834 829 179
10 12 592 537 64
11 12 144 998 953
