13 3
0 1 871 89 662
0 2 735 800 316
0 3 565 245 171
0 5 703 645 272
0 6 308 168 804
0 8 252 609 282
0 9 554 881 868
0 10 115 447 237
0 11 200 256 554
0 12 764 746 77
1 2 894 186 710
1 3 362 946 608
1 4 487 612 478
1 5 746 251 712
1 6 437 981 648
1 7 309 60 259
1 8 428 637 79
2 3 652 416 133
2 4 508 63 790
2 6 645 83 259
2 7 473 961 905
2 8 76 852 964
2 9 60 106 817
2 10 107 295 110
2 11 250 286 439
3 5 654 361 888
3 6 931 900 858
3 7 296 546 809
3 8 90 821 217
3 9 923 504 881
3 10 221 255 316
3 11 363 425 363
3 12 515 729 864
4 6 781 69 184
4 7 654 730 616
4 8 276 835 900
4 9 786 922 365
4 10 822 132 375
4 11 769 575 159
5 6 330 285 514
5 7 406 499 337
5 8 903 776 602
5 9 816 991 825
5 11 885 429 248
5 12 740 70 909
6 7 436 918 225
6 8 112 375 967
6 9 445 507 508
6 12 147 991 930
7 8 813 262 444
7 9 381 331 267
7 11 368 242 430
7 12 464 572 650
8 9 600 970 724
8 11 657 578 798
9 10 641 779 858
9 11 616 963 258
9 12 460 479 810
10 11 963 967 497
10 12 997 349 521
11 12 813 994 470
