13 3
0 3 152 272 473
0 5 112 391 878
0 6 562 727 631
0 7 183 886 978
0 8 548 565 557
0 10 646 773 660
0 11 52 812 462
0 12 567 330 637
1 2 109 68 172
1 3 81 465 640
1 5 797 623 925
1 6 667 365 564
1 7 834 788 962
1 8 385 858 723
1 9 200 807 694
1 12 888 352 908
2 3 447 807 254
2 4 426 494 757
2 5 317 516 366
2 6 752 375 831
2 7 277 999 967
2 8 232 252 898
2 9 882 943 260
2 10 736 873 854
2 12 705 701 969
3 5 880 859 635
3 6 554 592 784
3 7 141 65 315
3 8 973 551 328
3 9 158 644 887
3 10 618 677 548
3 11 242 920 89
3 12 221 758 968
4 5 210 162 413
4 6 545 167 259
4 7 128 947 262
4 8 596 827 588
4 9 860 686 318
4 11 197 158 62
5 6 53 435 794
5 7 493 235 867
5 8 198 228 738
5 9 371 657 77
5 10 840 663 226
5 11 826 952 844
5 12 317 853 481
6 7 986 365 571
6 8 917 980 642
6 11 332 614 183
7 8 528 263 969
7 9 371 668 288
7 10 295 577 376
7 11 705 466 250
8 9 222 683 357
8 10 317 157 624
8 11 222 307 841
8 12 665 590 674
9 10 98 560 674
9 12 908 777 236
10 11 551 309 973
10 12 861 563 447
11 12 292 939 438
