13 3
0 1 367 203 489
0 2 890 387 407
0 3 65 914 990
0 4 185 936 440
0 6 226 282 814
0 7 553 855 617
0 8 374 179 276
0 9 75 894 411
0 10 955 327 304
0 12 219 837 221
1 2 460 614 511
1 3 398 630 59
1 5 415 505 593
1 6 813 284 637
1 8 544 180 607
1 9 326 136 723
1 10 412 896 739
1 11 723 374 160
2 3 953 808 475
2 4 635 103 722
2 6 953 324 306
2 8 593 710 927
2 9 293 167 544
2 10 527 887 146
2 11 826 141 681
2 12 994 615 548
3 4 828 622 517
3 5 131 421 950
3 7 566 691 583
3 8 195 249 906
3 10 359 713 963
3 11 831 661 238
3 12 303 841 854
4 5 892 121 722
4 7 916 320 551
4 8 424 961 340
4 9 450 116 346
4 10 152 896 78
4 11 500 885 478
4 12 582 326 145
5 7 203 650 830
5 8 103 513 207
5 9 709 864 599
5 10 450 85 726
5 11 865 812 865
5 12 449 250 705
6 7 977 754 148
6 8 404 950 686
6 9 696 684 829
6 10 99 932 223
6 11 675 66 572
7 8 517 95 477
7 9 717 574 842
7 10 192 180 766
7 11 328 436 72
7 12 743 512 558
8 9 68 507 530
8 10 838 960 702
8 11 665 181 159
8 12 673 920 847
9 12 60 609 158
10 11 715 998 814
10 12 402 647 174
11 12 630 630 581
