13 3
0 1 120 202 449
0 2 998 55 653
0 3 573 606 759
0 4 783 474 565
0 5 827 341 970
0 6 621 582 959
0 7 340 872 795
0 8 864 374 662
0 9 581 826 413
0 10 298 309 200
0 11 991 843 590
0 12 55 217 496
1 2 420 737 214
1 3 829 737 769
1 4 804 734 656
1 5 281 406 705
1 6 935 116 869
1 7 862 977 453
1 8 897 383 777
1 9 492 549 238
1 10 175 408 532
1 11 555 863 666
1 12 855 529 430
2 3 728 366 146
2 4 297 961 403
2 5 482 259 890
2 6 461 628 800
2 7 858 291 741
2 8 873 846 618
2 9 295 691 500
2 10 56 694 88
2 11 199 834 514
2 12 480 708 344
3 4 673 198 291
3 5 503 53 837
3 6 964 303 529
3 7 448 860 800
3 8 898 879 165
3 9 806 437 669
3 10 50 738 87
3 11 801 824 562
3 12 98 209 252
4 5 829 230 395
4 6 985 710 845
4 7 418 716 874
4 8 293 799 993
4 9 462 939 175
4 10 197 952 929
4 11 238 448 529
4 12 352 390 559
5 6 517 797 205
5 7 147 422 286
5 8 490 83 469
5 9 194 595 926
5 10 209 421 480
5 11 194 169 169
5 12 790 169 818
6 7 636 914 738
6 8 756 87 529
6 9 172 298 127
6 10 991 761 580
6 11 273 453 420
6 12 354 71 782
7 8 270 819 416
7 9 678 822 527
7 10 749 62 853
7 11 401 648 814
7 12 626 568 412
8 9 708 244 723
8 10 347 463 897
8 11 474 992 434
8 12 103 817 239
9 10 124 684 224
9 11 380 542 53
9 12 129 78 256
10 11 133 707 221
10 12 710 73 982
11 12 998 282 461
