13 3
0 1 243 846 880
0 2 337 731 383
0 3 533 376 761
0 4 354 632 201
0 5 529 211 135
0 6 900 399 87
0 7 163 306 521
0 8 484 239 68
0 9 697 706 719
0 10 844 618 556
0 11 662 157 445
0 12 505 169 723
1 2 453 850 181
1 3 962 151 971
1 4 478 871 774
1 5 578 332 606
1 6 59 164 219
1 7 449 728 175
1 8 726 947 664
1 9 837 469 189
1 10 201 378 418
1 11 184 827 305
1 12 906 987 718
2 3 765 633 412
2 4 183 487 100
2 5 743 98 947
2 6 189 667 986
2 7 407 281 859
2 8 983 905 380
2 9 235 269 826
2 10 409 215 813
2 11 494 251 987
2 12 402 92 528
3 4 337 576 965
3 5 558 513 694
3 6 573 630 417
3 7 671 799 203
3 8 437 632 684
3 9 605 642 770
3 10 389 751 643
3 11 670 192 938
3 12 807 705 169
4 5 400 275 600
4 6 444 343 320
4 7 673 685 838
4 8 570 346 694
4 9 795 371 332
4 10 710 81 184
4 11 828 810 238
4 12 598 685 257
5 6 980 945 920
5 7 516 746 419
5 8 550 468 268
5 9 492 303 473
5 10 885 780 230
5 11 522 736 73
5 12 236 947 868
6 7 422 630 964
6 8 175 623 906
6 9 994 451 870
6 10 347 206 553
6 11 492 147 715
6 12 780 665 602
7 8 295 115 939
7 9 895 335 530
7 10 864 52 847
7 11 390 121 291
7 12 662 627 80
8 9 504 864 510
8 10 90 77 971
8 11 830 600 184
8 12 915 595 641
9 10 733 796 860
9 11 163 912 927
9 12 87 183 783
10 11 71 73 312
10 12 586 757 701
11 12 119 737 788
