13 3
0 1 985 525 500
0 3 497 77 77
0 4 112 936 483
0 5 125 407 361
0 6 526 757 592
0 7 982 990 274
0 10 689 258 535
0 11 768 666 470
0 12 119 707 513
1 3 458 968 633
1 4 474 936 74
1 5 378 782 490
1 6 544 560 503
1 7 514 758 659
1 8 950 946 460
1 9 102 540 968
1 10 133 553 217
1 11 690 109 509
2 3 251 707 758
2 4 442 821 849
2 5 833 878 872
2 6 730 694 999
2 7 99 379 892
2 8 751 788 653
2 9 261 777 267
2 10 111 618 85
2 12 242 600 515
3 4 831 171 73
3 6 624 644 296
3 7 197 880 455
3 8 415 639 547
3 9 538 988 947
3 12 816 84 705
4 6 180 72 608
4 7 143 586 471
4 8 415 659 259
4 10 729 644 413
4 11 86 426 941
4 12 850 764 590
5 8 548 506 223
5 9 130 358 557
5 10 51 584 766
5 11 814 657 285
6 8 61 463 371
6 9 784 695 836
6 10 183 743 534
6 11 92 795 710
6 12 163 533 686
7 8 937 204 68
7 9 209 972 89
7 10 469 424 657
7 11 400 824 244
7 12 989 367 527
8 10 739 317 746
8 11 509 317 723
8 12 975 336 357
9 10 675 445 367
9 11 755 300 656
9 12 601 772 799
10 11 497 201 175
10 12 689 881 528
11 12 267 480 719
