13 3
0 1 429 71 593
0 2 169 249 852
0 3 125 241 684
0 4 860 271 322
0 5 862 496 994
0 7 537 436 221
0 9 983 606 790
0 10 859 276 644
0 11 918 742 864
1 3 289 880 593
1 4 186 226 707
1 8 717 781 391
1 9 993 376 324
1 10 133 406 679
1 11 494 609 230
2 3 445 315 632
2 4 131 215 791
2 5 549 343 735
2 6 601 914 395
2 7 350 508 606
2 9 914 94 958
2 10 159 140 846
2 11 307 362 162
2 12 395 748 85
3 4 796 391 66
3 6 565 699 279
3 8 941 929 433
3 10 907 763 834
3 11 552 265 361
4 5 658 788 744
4 6 326 829 336
4 7 486 736 73
4 8 635 347 220
4 10 266 605 825
4 12 301 469 799
5 6 700 60 263
5 7 440 166 142
5 9 589 819 611
5 11 809 597 241
6 7 969 834 941
6 8 287 118 870
6 10 507 664 453
6 12 520 382 873
7 8 583 569 352
7 9 947 875 788
7 10 279 926 425
7 12 617 318 290
8 11 618 591 921
8 12 727 308 798
9 10 337 239 911
9 11 178 569 908
10 11 566 536 844
10 12 739 761 521
11 12 279 796 541
