13 3
0 5 238 687 435
0 6 539 64 518
0 7 115 354 114
0 8 71 397 731
0 9 84 677 781
0 11 76 52 377
0 12 621 432 964
1 2 373 569 317
1 3 111 667 667
1 4 846 245 201
1 5 403 615 97
1 6 495 998 487
1 8 642 513 864
1 9 868 482 704
1 11 461 408 438
2 4 685 333 564
2 5 918 832 64
2 6 545 149 683
2 7 285 167 549
2 8 106 80 553
2 10 659 942 646
2 11 67 681 216
2 12 912 659 186
3 4 775 739 76
3 5 181 709 605
3 7 209 851 480
3 9 61 319 889
3 11 759 833 280
3 12 58 809 789
4 5 517 250 850
4 8 476 978 282
4 9 79 133 231
4 10 223 501 961
5 6 384 729 294
5 7 482 540 393
5 8 674 929 479
5 9 699 812 215
5 10 220 193 661
5 11 914 637 279
5 12 894 180 195
6 9 591 571 758
6 10 316 821 830
6 11 696 889 795
6 12 677 844 136
7 8 697 353 167
7 9 492 853 558
7 11 849 911 664
7 12 414 743 389
8 9 931 240 932
8 11 549 284 293
8 12 930 722 120
9 10 488 195 721
9 12 618 121 401
10 11 178 510 234
10 12 960 920 848
11 12 212 621 651
