13 3
0 1 898 511 554
0 2 492 839 770
0 3 80 671 159
0 4 219 284 836
0 5 251 967 845
0 6 716 762 578
0 7 329 912 441
0 8 223 397 632
0 9 915 574 696
0 10 665 610 656
0 11 546 865 762
0 12 484 548 410
1 2 220 874 529
1 3 892 208 623
1 4 73 824 997
1 5 483 962 797
1 6 269 244 781
1 7 193 393 719
1 8 551 675 759
1 9 664 709 850
1 10 955 225 958
1 11 987 935 658
1 12 880 289 540
2 3 445 785 469
2 4 866 327 767
2 5 178 943 402
2 6 212 287 213
2 7 51 580 399
2 8 420 955 565
2 9 667 997 691
2 10 486 313 691
2 11 188 512 714
2 12 927 721 364
3 4 469 970 819
3 5 427 667 645
3 6 317 647 844
3 7 732 59 951
3 8 298 678 457
3 9 755 592 319
3 10 890 835 228
3 11 836 637 220
3 12 76 264 164
4 5 418 555 862
4 6 199 483 866
4 7 465 823 269
4 8 394 338 391
4 9 279 607 780
4 10 481 657 600
4 11 942 903 250
4 12 586 201 940
5 6 941 333 68
5 7 82 200 390
5 8 233 155 941
5 9 910 918 591
5 10 306 550 824
5 11 555 263 645
5 12 598 888 897
6 7 313 58 788
6 8 283 149 299
6 9 895 865 881
6 10 529 368 527
6 11 555 229 259
6 12 835 72 450
7 8 750 244 927
7 9 619 507 383
7 10 445 246 439
7 11 54 699 618
7 12 141 556 693
8 9 365 894 835
8 10 811 177 721
8 11 609 368 364
8 12 409 331 504
9 10 161 154 162
9 11 270 341 504
9 12 672 696 649
10 11 576 535 318
10 12 361 695 432
11 12 881 912 689
