13 3
0 7 312 785 903
0 8 696 912 415
0 9 77 970 758
0 10 891 125 821
1 2 583 196 364
1 3 830 450 756
1 4 120 818 885
1 6 232 58 217
1 7 659 193 145
1 9 164 160 447
1 10 715 900 76
2 3 261 483 690
2 5 494 618 525
2 8 157 111 543
2 10 970 976 710
2 11 257 688 355
2 12 998 166 92
3 4 779 628 326
3 6 739 329 889
3 8 488 691 170
3 9 357 406 498
3 12 696 895 901
4 8 932 418 642
4 9 401 128 665
4 10 600 605 443
4 12 446 276 927
5 10 474 251 517
5 11 329 469 799
5 12 357 632 390
6 7 520 86 667
6 8 319 201 339
6 11 622 621 424
7 9 322 446 734
7 10 243 330 662
8 9 486 896 323
8 10 900 461 719
8 11 215 706 776
8 12 616 711 731
9 11 826 788 55
