13 3
0 1 818 808 60
0 2 439 58 884
0 4 127 705 848
0 5 254 900 751
1 2 967 959 91
1 3 891 907 995
1 6 986 269 77
1 8 194 550 346
2 3 146 553 300
2 4 865 578 557
2 5 870 300 941
2 6 366 760 215
2 7 141 439 300
2 8 474 756 462
2 10 788 951 985
2 12 231 410 180
3 4 565 700 477
3 5 465 238 527
3 6 453 728 621
3 7 931 207 667
3 11 825 878 211
4 5 237 860 445
4 7 245 87 163
4 8 194 521 140
4 10 433 134 485
4 11 51 569 673
4 12 983 792 602
5 8 471 880 102
5 11 878 900 631
5 12 241 509 230
6 8 752 719 650
6 10 867 586 103
6 11 759 804 68
6 12 927 889 852
7 9 367 138 779
7 12 677 511 510
8 10 381 111 92
8 11 688 357 713
9 10 129 928 840
10 11 947 529 554
10 12 595 524 643
11 12 383 460 718
