13 3
0 1 491 279 209
0 2 890 658 530
0 3 320 510 153
0 4 606 180 198
0 5 744 936 619
0 6 683 952 716
0 7 342 470 740
0 8 464 331 846
0 9 656 920 960
0 10 123 794 401
0 11 538 327 357
0 12 668 239 476
1 2 924 773 453
1 3 646 691 382
1 4 719 597 697
1 5 81 638 99
1 6 451 62 803
1 7 985 463 911
1 8 476 526 670
1 9 800 987 288
1 10 338 771 554
1 11 253 164 307
1 12 73 117 60
2 3 828 486 686
2 4 686 550 730
2 5 708 184 344
2 6 408 73 760
2 7 874 328 912
2 8 555 923 613
2 9 788 526 94
2 10 926 191 945
2 11 297 523 172
2 12 661 585 947
3 4 754 503 764
3 5 827 695 111
3 6 638 372 455
3 7 58 359 659
3 8 792 456 327
3 9 801 854 799
3 10 434 805 828
3 11 626 640 244
3 12 441 651 294
4 5 965 378 881
4 6 699 585 526
4 7 805 861 364
4 8 783 131 511
4 9 137 200 816
4 10 266 96 921
4 11 685 54 878
4 12 649 648 875
5 6 60 785 757
5 7 367 873 660
5 8 409 275 291
5 9 997 643 728
5 10 949 332 925
5 11 342 858 333
5 12 403 368 776
6 7 769 335 181
6 8 488 291 561
6 9 168 703 699
6 10 110 794 957
6 11 496 715 259
6 12 429 921 189
7 8 384 465 158
7 9 955 479 210
7 10 91 188 253
7 11 103 917 485
7 12 376 814 342
8 9 175 540 257
8 10 592 362 205
8 11 811 772 643
8 12 959 647 170
9 10 686 682 660
9 11 404 754 185
9 12 205 793 94
10 11 210 396 930
10 12 773 908 430
11 12 720 567 368
