13 3
0 1 852 442 836
0 2 288 239 160
0 3 901 634 206
0 6 158 559 794
0 8 335 954 969
1 3 215 915 720
1 4 274 382 729
1 5 559 995 900
1 10 491 541 713
1 11 380 360 803
1 12 98 114 347
2 3 463 760 105
2 4 815 379 412
2 5 230 641 126
2 6 198 810 70
2 7 587 737 347
2 10 191 738 920
2 12 780 238 525
3 12 242 201 906
4 5 386 122 890
4 6 658 172 544
4 7 966 939 309
4 8 281 554 729
4 9 385 530 865
4 10 362 704 241
4 11 213 160 798
5 9 249 72 765
5 10 494 511 702
5 12 442 119 79
6 11 642 269 749
6 12 640 826 514
7 8 945 604 469
7 12 735 333 209
8 12 824 247 347
9 12 492 931 256
10 12 146 134 611
