13 3
0 1 353 946 518
0 3 507 365 769
0 4 897 132 267
0 7 998 686 661
0 8 927 823 960
0 10 805 85 700
0 11 521 773 219
1 2 815 994 999
1 3 759 786 231
1 9 616 699 148
1 10 691 307 545
1 11 783 77 383
1 12 851 530 774
2 5 110 752 650
2 6 231 258 693
2 9 563 260 231
2 10 885 498 100
3 4 711 842 616
3 5 511 249 700
3 7 512 599 792
3 8 260 214 532
3 9 323 737 120
4 5 191 472 865
4 8 704 480 324
5 6 323 118 114
5 7 610 473 332
5 11 342 719 461
5 12 177 594 755
6 9 311 849 370
6 12 490 449 768
7 8 400 835 52
7 9 422 737 54
7 10 115 944 719
8 9 688 365 683
9 10 157 79 489
9 11 273 901 805
9 12 250 862 65
10 11 779 375 709
10 12 323 590 679
