13 3
0 1 610 73 82
0 3 653 488 925
0 4 315 994 209
0 5 919 355 482
0 6 354 790 980
0 7 512 636 130
0 9 384 319 389
0 10 220 682 173
0 11 702 111 769
0 12 363 520 361
1 2 985 823 175
1 4 528 546 229
1 5 115 364 973
1 6 385 637 756
1 7 229 496 68
1 8 139 545 418
1 9 188 666 281
1 10 168 459 118
1 12 782 938 462
2 3 365 917 98
2 4 123 95 829
2 5 577 768 432
2 6 859 324 348
2 7 892 357 877
2 8 757 638 612
2 9 267 56 441
2 10 863 658 444
2 11 189 652 995
2 12 243 107 686
3 4 748 364 450
3 6 654 622 475
3 7 83 443 198
3 8 764 581 892
3 9 990 541 446
3 10 243 901 589
3 11 279 956 473
3 12 724 933 279
4 5 876 235 935
4 6 57 840 177
4 7 246 612 732
4 9 933 645 657
4 10 762 254 92
4 11 170 551 913
5 6 709 717 707
5 7 261 565 690
5 8 922 147 685
5 10 517 987 339
5 11 313 644 860
5 12 677 977 229
6 8 738 284 797
6 9 288 863 629
6 10 157 300 661
6 12 456 156 455
7 10 465 340 415
7 11 571 451 383
7 12 637 846 149
8 9 217 90 790
8 11 191 776 675
8 12 520 801 758
9 10 428 277 965
9 11 844 199 519
9 12 477 204 659
10 11 845 787 756
10 12 370 387 424
