13 3
0 4 358 87 473
0 6 142 787 107
0 7 451 400 801
0 9 539 656 812
1 2 137 334 477
1 3 262 695 264
1 4 896 679 539
1 6 531 372 241
1 9 464 914 548
1 10 191 160 575
2 3 686 305 366
2 4 772 725 667
2 6 961 758 619
2 7 476 126 723
2 9 457 117 230
2 10 984 670 193
2 11 577 923 156
3 4 105 149 59
3 6 449 975 894
3 7 378 586 116
3 12 525 602 270
4 5 644 947 417
4 7 738 800 249
4 8 983 348 346
4 11 868 613 318
5 7 257 697 441
5 8 79 726 160
5 10 400 725 84
5 12 126 552 608
6 7 267 977 187
6 8 602 659 520
6 9 153 220 346
7 8 394 386 600
7 10 782 363 995
7 11 102 63 700
7 12 469 431 365
8 12 718 252 614
9 11 524 295 684
9 12 799 956 133
11 12 501 562 846
