13 3
0 1 198 54 860
0 2 653 257 609
0 3 769 414 660
0 4 321 440 405
0 6 838 571 198
0 7 729 803 324
0 8 465 313 246
0 9 382 432 212
0 10 918 490 153
0 12 256 372 948
1 2 396 477 750
1 4 640 267 912
1 5 272 69 530
1 6 353 553 290
1 7 168 629 186
1 9 50 639 738
1 10 74 891 204
1 11 529 819 322
1 12 434 707 112
2 4 480 130 846
2 5 131 817 266
2 6 243 859 463
2 7 614 396 387
2 10 881 828 230
2 11 771 302 53
2 12 342 762 241
3 5 606 518 257
3 6 189 621 69
3 7 634 996 72
3 8 955 664 889
3 9 726 783 985
3 10 984 242 522
3 12 932 789 598
4 5 184 998 788
4 7 958 251 716
4 8 889 370 117
4 9 613 210 823
4 10 55 500 831
4 11 281 549 408
4 12 377 243 524
5 7 462 821 337
5 8 187 561 708
5 9 840 454 701
5 10 801 138 935
5 11 447 881 675
6 8 970 995 393
6 9 216 659 799
6 10 932 63 104
6 11 830 581 650
6 12 260 225 557
7 8 671 827 239
7 9 508 423 871
7 11 513 489 867
7 12 722 720 604
8 10 911 427 474
8 11 759 118 305
8 12 317 233 260
9 10 293 872 844
9 11 616 136 698
10 12 319 487 337
11 12 193 163 663
