13 3
0 1 118 240 126
0 2 497 959 857
0 3 316 97 805
0 4 719 496 384
0 5 897 237 333
0 6 901 341 734
0 7 989 419 969
0 8 199 721 927
0 9 94 348 454
0 10 861 578 704
0 11 342 908 692
0 12 653 686 160
1 2 617 490 574
1 3 726 775 835
1 4 983 756 757
1 5 277 833 877
1 6 728 577 800
1 7 339 109 569
1 8 796 389 635
1 9 697 353 146
1 10 433 253 764
1 11 684 776 913
1 12 502 955 706
2 3 100 522 878
2 4 543 815 388
2 5 94 159 872
2 6 305 352 774
2 7 981 288 83
2 8 852 969 909
2 9 300 866 234
2 10 629 999 693
2 11 869 458 418
2 12 490 553 80
3 4 586 854 483
3 5 909 655 750
3 6 635 447 579
3 7 546 769 180
3 8 302 425 762
3 9 676 348 911
3 10 904 182 243
3 11 695 838 159
3 12 164 327 771
4 5 328 282 427
4 6 825 430 620
4 7 459 484 137
4 8 725 989 360
4 9 109 590 735
4 10 914 292 310
4 11 363 224 668
4 12 320 700 247
5 6 651 574 158
5 7 442 335 283
5 8 213 234 444
5 9 890 418 112
5 10 184 135 283
5 11 906 729 767
5 12 924 915 645
6 7 154 56 553
6 8 510 567 449
6 9 71 552 754
6 10 627 906 93
6 11 732 352 939
6 12 682 669 548
7 8 358 614 869
7 9 945 610 727
7 10 616 487 629
7 11 222 261 355
7 12 660 632 896
8 9 386 797 521
8 10 603 180 938
8 11 232 873 658
8 12 580 87 384
9 10 852 195 275
9 11 551 645 799
9 12 167 676 465
10 11 301 704 454
10 12 722 582 131
11 12 261 861 950
