13 3
0 1 543 827 680
0 3 644 755 752
0 4 644 111 120
0 5 335 984 834
0 9 835 352 802
0 11 390 283 833
0 12 271 404 175
1 2 164 343 85
1 4 672 293 331
1 5 604 334 638
1 7 282 658 964
1 9 64 586 879
1 11 240 519 244
1 12 793 692 503
2 3 413 682 370
2 4 683 146 762
2 5 277 630 966
2 8 543 275 653
2 10 492 987 815
2 11 631 331 584
2 12 510 704 163
3 4 950 63 840
3 5 347 597 704
3 6 203 55 218
3 7 527 661 825
3 8 661 341 910
3 9 797 632 792
3 10 968 491 607
3 11 111 621 130
3 12 246 598 768
4 5 160 365 668
4 6 573 587 378
4 8 205 901 141
4 11 620 757 158
4 12 222 658 134
5 6 601 731 473
5 7 595 301 465
5 9 376 349 418
5 10 470 237 693
5 12 135 249 564
6 10 799 610 627
6 11 607 503 706
6 12 650 437 379
7 9 863 241 755
7 10 971 236 427
7 11 560 837 724
7 12 340 494 186
8 9 749 285 355
8 10 670 160 870
8 11 184 83 436
8 12 339 273 293
9 10 403 759 864
9 12 467 278 218
10 11 433 546 184
10 12 374 692 711
11 12 95 420 523
