13 3
0 2 194 864 703
0 8 780 428 410
0 9 607 76 506
0 10 224 482 337
0 12 885 344 448
1 2 448 444 133
1 4 482 380 295
1 7 98 771 575
1 8 679 919 860
1 9 875 475 641
2 3 583 464 770
2 9 965 882 64
2 11 813 91 631
2 12 141 454 854
3 6 593 775 709
3 8 426 933 269
3 9 98 770 51
3 10 910 624 532
3 12 429 676 481
4 7 378 346 616
4 10 723 810 584
5 7 323 172 321
5 8 483 250 957
5 9 793 144 725
5 11 869 944 570
6 7 430 838 621
6 10 438 633 820
6 11 978 790 649
7 9 745 261 322
7 10 580 973 440
7 11 978 943 773
7 12 883 507 955
8 9 923 745 309
8 10 381 421 748
8 11 54 111 602
9 10 97 547 279
9 11 346 544 732
9 12 335 296 916
11 12 409 215 683
