13 3
0 1 107 119 708
0 2 680 356 101
0 3 695 783 739
0 4 983 901 932
0 5 563 638 633
0 6 504 639 552
0 7 375 413 703
0 8 805 614 230
0 9 657 708 277
0 10 934 649 609
0 11 709 296 891
0 12 777 479 410
1 2 955 574 789
1 3 735 847 592
1 4 712 880 883
1 5 995 98 382
1 6 819 137 749
1 7 279 364 589
1 8 813 745 438
1 9 917 456 859
1 10 110 707 308
1 11 538 231 368
1 12 922 139 283
2 3 358 482 455
2 4 78 636 117
2 5 797 367 452
2 6 466 287 876
2 7 105 744 946
2 8 169 475 287
2 9 395 399 596
2 10 711 355 370
2 11 976 868 945
2 12 450 332 775
3 4 341 674 291
3 5 269 695 215
3 6 656 802 215
3 7 545 856 92
3 8 146 773 921
3 9 433 561 127
3 10 408 292 498
3 11 932 432 178
3 12 113 436 304
4 5 269 999 761
4 6 529 138 882
4 7 566 996 565
4 8 263 462 663
4 9 722 797 156
4 10 966 384 218
4 11 807 884 470
4 12 886 163 876
5 6 773 216 983
5 7 487 496 381
5 8 582 603 552
5 9 153 323 959
5 10 752 286 117
5 11 685 269 833
5 12 360 638 575
6 7 80 860 598
6 8 428 172 685
6 9 226 250 107
6 10 707 858 71
6 11 556 563 831
6 12 219 855 935
7 8 267 863 412
7 9 56 355 978
7 10 946 720 736
7 11 597 173 193
7 12 161 672 643
8 9 799 622 954
8 10 477 572 733
8 11 594 917 219
8 12 800 270 285
9 10 964 164 653
9 11 953 495 257
9 12 707 405 634
10 11 219 479 314
10 12 334 554 737
11 12 327 211 66
