13 3
0 1 540 716 319
0 2 90 515 966
0 3 952 721 129
0 4 207 912 660
0 5 222 540 558
0 6 673 913 602
0 7 365 181 610
0 8 905 884 815
0 9 918 570 111
0 10 325 458 901
0 11 784 771 993
0 12 585 978 772
1 2 964 218 477
1 3 160 399 935
1 4 272 979 167
1 5 387 626 708
1 6 503 55 742
1 7 802 845 285
1 8 917 623 566
1 9 439 577 649
1 10 702 393 185
1 11 353 885 450
1 12 140 400 155
2 3 430 143 571
2 4 281 538 118
2 5 161 230 495
2 6 59 184 541
2 7 815 297 591
2 8 785 512 242
2 9 74 542 88
2 10 679 493 987
2 11 923 571 808
2 12 699 751 154
3 4 549 602 162
3 5 165 799 198
3 6 888 499 115
3 7 126 67 903
3 8 615 55 900
3 9 421 987 433
3 10 170 460 174
3 11 623 678 656
3 12 101 749 963
4 5 71 611 267
4 6 937 919 818
4 7 749 332 578
4 8 668 863 661
4 9 649 808 391
4 10 611 816 133
4 11 834 309 659
4 12 438 511 113
5 6 673 182 654
5 7 492 273 887
5 8 615 888 815
5 9 955 768 393
5 10 761 182 769
5 11 114 509 152
5 12 887 359 739
6 7 730 65 696
6 8 343 304 236
6 9 490 740 472
6 10 213 426 856
6 11 965 399 850
6 12 700 876 335
7 8 517 877 610
7 9 816 141 615
7 10 208 452 265
7 11 979 605 341
7 12 698 83 164
8 9 50 883 185
8 10 412 77 920
8 11 125 678 656
8 12 579 154 763
9 10 941 61 341
9 11 280 712 952
9 12 745 810 242
10 11 110 58 448
10 12 582 627 822
11 12 438 376 421
