13 4
0 1 726 812 705 209
0 2 795 108 61 701
0 3 417 130 895 140
0 4 604 213 783 480
0 5 721 229 179 765
0 6 602 632 151 989
0 7 956 315 676 256
0 8 871 942 242 894
0 9 556 947 272 679
0 10 355 593 54 928
0 11 318 672 323 140
0 12 482 111 838 109
1 2 91 875 461 864
1 3 734 175 121 272
1 4 123 542 372 783
1 5 542 683 892 239
1 6 403 988 99 951
1 7 445 202 630 55
1 8 870 825 966 349
1 9 835 868 492 276
1 10 832 245 464 532
1 11 157 970 645 704
1 12 654 165 772 739
2 3 574 187 746 183
2 4 624 919 67 992
2 5 956 819 770 108
2 6 321 968 281 631
2 7 77 741 805 283
2 8 693 930 498 374
2 9 279 892 432 705
2 10 617 349 561 642
2 11 983 125 514 459
2 12 600 220 52 774
3 4 803 560 922 519
3 5 356 657 868 331
3 6 332 660 911 859
3 7 810 491 259 998
3 8 935 758 407 122
3 9 874 620 110 542
3 10 680 485 697 578
3 11 151 964 296 614
3 12 165 828 707 210
4 5 269 717 229 981
4 6 572 437 755 385
4 7 119 524 335 648
4 8 671 403 856 255
4 9 953 294 376 874
4 10 825 841 869 195
4 11 860 685 164 303
4 12 978 804 231 569
5 6 713 313 915 909
5 7 98 943 615 70
5 8 482 593 397 336
5 9 98 785 747 910
5 10 354 587 687 628
5 11 763 505 279 968
5 12 87 972 714 439
6 7 54 312 992 180
6 8 159 709 181 739
6 9 247 83 983 157
6 10 726 357 320 922
6 11 344 51 344 550
6 12 890 257 347 201
7 8 261 874 428 108
7 9 809 530 619 646
7 10 259 888 514 837
7 11 159 502 972 651
7 12 487 674 704 328
8 9 987 720 238 538
8 10 847 477 526 391
8 11 702 560 59 996
8 12 277 137 611 55
9 10 581 553 794 761
9 11 844 707 932 123
9 12 138 187 126 743
10 11 870 817 540 219
10 12 203 465 207 978
11 12 516 774 526 859
