13 4
0 1 850 292 949 942
0 2 303 251 785 343
0 3 628 514 486 446
0 4 264 469 986 262
0 5 432 772 62 187
0 6 185 537 610 703
0 7 101 325 893 185
0 8 680 587 53 794
0 9 752 860 137 84
0 10 114 213 139 401
0 11 300 124 813 202
0 12 371 544 284 62
1 2 455 795 507 238
1 3 289 100 507 714
1 4 490 583 531 723
1 5 885 820 147 84
1 6 798 457 762 111
1 7 905 981 92 804
1 8 89 219 276 515
1 9 814 457 702 665
1 10 436 859 135 230
1 11 302 626 850 558
1 12 385 236 763 341
2 3 240 951 541 561
2 4 453 707 543 916
2 5 50 584 385 712
2 6 270 474 987 717
2 7 803 189 917 314
2 8 476 292 413 951
2 9 360 726 64 527
2 10 976 916 465 739
2 11 599 970 842 319
2 12 936 747 440 858
3 4 57 877 594 286
3 5 752 201 535 449
3 6 841 178 538 466
3 7 459 536 694 321
3 8 426 441 857 726
3 9 577 988 473 435
3 10 951 579 959 508
3 11 323 753 662 621
3 12 885 461 382 993
4 5 441 612 563 453
4 6 86 475 857 489
4 7 476 843 809 88
4 8 250 651 822 384
4 9 626 638 784 431
4 10 693 859 81 275
4 11 669 582 825 553
4 12 855 331 230 207
5 6 442 136 212 175
5 7 231 407 56 488
5 8 334 689 139 823
5 9 652 660 833 388
5 10 135 246 364 465
5 11 630 525 348 299
5 12 578 581 991 848
6 7 587 219 870 409
6 8 247 340 877 610
6 9 374 579 177 644
6 10 695 683 813 554
6 11 704 913 199 349
6 12 687 526 528 202
7 8 218 680 606 966
7 9 269 172 898 825
7 10 800 684 76 511
7 11 209 806 55 120
7 12 648 585 491 990
8 9 216 73 87 59
8 10 710 240 819 627
8 11 323 356 966 157
8 12 982 137 323 282
9 10 314 983 912 179
9 11 576 837 683 760
9 12 818 105 95 643
10 11 54 346 325 571
10 12 640 541 276 230
11 12 362 923 866 713
