13 4
0 4 946 849 997 619
0 5 453 793 725 431
0 6 71 824 272 248
0 8 87 527 302 755
0 9 106 512 750 389
0 11 257 903 317 823
1 2 360 842 418 942
1 4 597 913 69 953
1 6 757 487 101 185
1 8 620 949 298 923
1 9 675 829 145 313
1 10 657 622 589 816
1 11 522 797 518 84
2 3 352 214 84 518
2 4 114 577 357 83
2 6 883 272 959 717
2 8 583 417 243 551
2 9 553 607 299 836
2 11 298 976 286 470
3 7 933 969 548 72
3 8 292 319 135 340
3 10 822 929 97 142
4 5 55 234 177 429
4 7 483 144 65 203
4 8 342 302 458 708
4 10 844 473 748 770
4 12 94 226 157 546
5 8 97 545 572 527
5 9 650 87 266 136
5 10 225 279 961 555
5 11 488 707 251 516
5 12 935 827 626 152
6 8 434 625 402 354
6 9 112 541 964 656
7 8 450 282 247 545
7 9 438 966 99 117
7 11 578 757 134 976
7 12 888 157 754 642
8 9 257 175 293 791
9 10 913 268 491 659
10 11 774 359 70 354
10 12 340 94 373 291
