13 4
0 1 373 510 576 115
0 2 167 269 651 773
0 3 696 349 506 333
0 4 331 909 553 277
0 5 825 415 917 427
0 6 354 465 770 990
0 7 760 451 313 127
0 8 819 821 242 60
0 9 581 568 768 771
0 10 375 871 830 173
0 11 744 419 254 677
0 12 665 54 524 739
1 2 429 138 275 221
1 3 370 908 93 779
1 4 226 635 930 355
1 5 207 915 309 556
1 6 722 728 478 443
1 7 668 337 137 395
1 8 425 768 586 964
1 9 748 61 274 164
1 10 843 610 894 766
1 11 699 968 825 114
1 12 417 404 910 786
2 3 561 481 440 963
2 4 122 744 247 984
2 5 133 605 601 459
2 6 763 870 340 208
2 7 199 232 421 647
2 8 633 584 63 594
2 9 796 878 615 152
2 10 156 653 528 842
2 11 485 930 605 669
2 12 426 520 463 776
3 4 157 326 453 996
3 5 514 318 357 466
3 6 249 915 761 761
3 7 995 610 415 972
3 8 725 62 544 217
3 9 728 395 972 643
3 10 266 118 691 384
3 11 581 78 374 847
3 12 102 462 213 354
4 5 544 334 639 213
4 6 208 262 245 96
4 7 484 964 219 625
4 8 690 445 713 458
4 9 832 668 661 56
4 10 69 791 540 84
4 11 86 586 812 835
4 12 782 476 340 674
5 6 579 146 582 585
5 7 759 726 380 208
5 8 90 959 670 458
5 9 894 478 897 910
5 10 452 856 694 286
5 11 327 703 92 446
5 12 756 431 813 501
6 7 376 953 239 564
6 8 226 111 322 806
6 9 481 898 908 719
6 10 658 562 197 154
6 11 746 675 382 704
6 12 744 924 344 84
7 8 592 548 687 229
7 9 596 147 914 783
7 10 837 989 115 932
7 11 607 983 104 947
7 12 762 599 242 360
8 9 601 167 59 134
8 10 786 678 238 640
8 11 410 907 915 614
8 12 424 352 430 322
9 10 701 157 871 663
9 11 787 656 55 581
9 12 840 647 797 322
10 11 192 660 412 89
10 12 554 633 704 202
11 12 738 984 764 143
