13 4
0 1 236 884 178 261
0 2 362 319 55 495
0 3 800 934 697 880
0 4 233 457 861 810
0 5 621 158 481 607
0 6 766 310 921 312
0 7 82 245 517 492
0 8 62 503 913 907
0 9 537 882 945 213
0 10 611 285 538 208
0 11 549 988 452 270
0 12 108 157 439 246
1 2 590 788 258 225
1 3 895 88 650 780
1 4 516 871 313 669
1 5 436 264 871 540
1 6 237 135 540 556
1 7 360 989 72 159
1 8 264 198 498 202
1 9 984 677 63 493
1 10 491 525 958 335
1 11 637 305 906 717
1 12 951 322 143 291
2 3 370 418 507 403
2 4 320 659 729 69
2 5 613 609 354 822
2 6 71 752 99 95
2 7 574 904 184 636
2 8 210 312 962 232
2 9 546 97 744 489
2 10 474 945 841 751
2 11 540 869 105 337
2 12 268 536 585 222
3 4 940 702 117 216
3 5 952 700 841 248
3 6 773 304 162 52
3 7 464 830 488 484
3 8 412 932 524 355
3 9 596 429 805 855
3 10 669 565 656 257
3 11 85 716 549 311
3 12 525 442 417 116
4 5 131 272 110 59
4 6 464 511 525 517
4 7 94 669 351 208
4 8 647 710 959 775
4 9 647 166 231 494
4 10 66 788 52 277
4 11 178 716 711 457
4 12 660 758 973 745
5 6 232 594 159 193
5 7 778 949 415 859
5 8 443 891 653 91
5 9 430 601 810 954
5 10 971 777 73 936
5 11 82 776 562 720
5 12 525 315 130 642
6 7 742 603 937 401
6 8 287 79 479 431
6 9 355 693 656 243
6 10 744 349 87 827
6 11 873 841 133 911
6 12 523 80 71 86
7 8 893 487 444 127
7 9 288 391 722 482
7 10 452 479 806 572
7 11 457 189 361 238
7 12 988 795 745 869
8 9 678 102 116 335
8 10 266 96 641 897
8 11 847 892 795 360
8 12 464 782 768 272
9 10 149 910 722 623
9 11 563 389 601 974
9 12 508 925 363 845
10 11 378 468 381 890
10 12 610 637 816 313
11 12 292 59 649 614
