13 4
0 2 824 914 186 441
0 3 394 782 199 384
0 4 924 364 892 663
0 6 381 752 464 594
0 9 167 171 691 927
0 10 945 735 996 642
0 11 277 828 82 942
0 12 585 65 181 305
1 2 372 476 799 244
1 4 560 589 510 933
1 5 910 604 362 960
1 6 902 516 477 425
1 7 533 177 875 686
1 8 976 749 798 572
1 9 192 759 882 137
1 10 771 558 615 931
1 11 55 662 779 647
1 12 470 91 862 231
2 3 192 420 73 582
2 4 661 311 945 185
2 5 51 291 312 496
2 6 534 166 842 931
2 7 721 380 800 946
2 8 298 364 408 198
2 10 771 844 56 252
2 12 769 910 428 628
3 4 726 806 152 653
3 6 642 252 492 710
3 7 207 224 821 174
3 9 642 478 841 972
3 11 643 470 915 856
3 12 332 654 503 898
4 5 143 535 395 817
4 6 802 281 714 726
4 7 94 903 861 293
4 8 538 504 513 509
4 9 492 723 671 201
4 10 601 167 435 333
5 6 668 571 376 704
5 8 187 559 831 86
5 10 577 293 413 622
5 11 674 517 226 980
5 12 115 605 154 470
6 7 700 384 297 604
6 8 299 120 318 381
6 9 604 121 774 693
6 10 529 405 486 345
6 11 248 627 293 176
6 12 903 808 67 621
7 8 680 130 834 987
7 11 787 694 93 514
8 9 896 95 137 135
8 10 448 297 737 696
8 11 153 659 657 98
8 12 127 558 946 714
9 10 392 966 744 723
9 11 334 501 565 207
9 12 112 219 187 399
10 12 96 50 803 266
11 12 238 420 706 222
