13 4
0 1 367 417 668 209
0 3 794 141 296 454
0 5 437 889 672 479
0 6 264 601 223 847
0 10 84 322 814 229
0 11 991 941 877 457
0 12 940 53 538 436
1 2 531 85 975 620
1 3 86 454 893 924
1 4 614 844 333 279
1 5 67 646 824 663
1 6 714 834 648 708
1 9 683 813 739 224
1 10 678 600 718 322
1 11 580 266 625 940
1 12 945 322 642 423
2 3 199 196 421 222
2 4 793 318 735 177
2 5 105 614 560 199
2 6 148 957 451 971
2 7 81 448 465 70
2 8 182 893 864 845
2 9 244 654 248 528
2 10 545 773 174 511
2 12 140 717 720 242
3 4 91 776 300 444
3 5 100 237 117 866
3 6 465 930 51 136
3 7 954 257 906 252
3 8 245 433 751 659
3 10 326 690 899 497
3 11 402 248 315 314
3 12 890 713 941 965
4 5 813 379 183 612
4 9 227 200 793 146
4 10 449 872 580 542
4 11 104 790 509 503
4 12 201 465 224 754
5 6 765 533 562 664
5 7 862 916 916 833
5 8 313 270 515 358
5 9 497 766 705 712
5 10 154 991 703 431
5 11 686 542 309 72
5 12 241 309 123 711
6 7 845 327 161 350
6 9 533 281 984 170
6 10 915 790 310 757
6 11 650 402 923 312
6 12 227 975 677 492
7 8 505 806 999 858
7 11 481 347 304 808
7 12 357 224 453 171
8 9 487 996 643 129
8 10 708 450 946 994
8 11 931 318 700 714
8 12 544 527 730 667
9 11 477 940 618 270
9 12 747 491 225 446
10 11 749 903 304 175
10 12 864 782 903 893
11 12 514 762 192 783
