13 4
0 1 282 250 701 685
0 2 726 942 621 714
0 3 177 472 277 477
0 4 561 491 380 748
0 5 284 735 139 930
0 6 242 786 476 57
0 7 491 866 196 237
0 8 315 774 976 453
0 9 287 714 461 717
0 10 912 102 262 851
0 11 623 816 879 432
0 12 848 858 197 371
1 2 547 294 934 453
1 3 135 122 798 666
1 4 356 947 974 629
1 5 829 893 375 398
1 6 851 750 546 651
1 7 224 359 716 632
1 8 89 900 696 100
1 9 513 85 998 469
1 10 98 818 68 526
1 11 532 387 869 373
1 12 891 392 378 554
2 3 147 966 95 249
2 4 577 470 594 211
2 5 762 712 584 819
2 6 726 671 788 725
2 7 783 792 578 407
2 8 514 698 83 109
2 9 779 375 809 498
2 10 315 459 749 363
2 11 814 453 492 532
2 12 506 593 377 373
3 4 663 870 581 367
3 5 541 450 240 466
3 6 64 849 170 697
3 7 521 948 266 286
3 8 152 744 193 229
3 9 578 429 746 226
3 10 759 670 368 175
3 11 53 579 496 135
3 12 606 819 62 521
4 5 224 413 331 349
4 6 737 838 54 483
4 7 437 377 724 180
4 8 864 330 546 536
4 9 911 292 279 164
4 10 835 768 986 363
4 11 344 67 138 982
4 12 615 419 933 235
5 6 570 618 555 714
5 7 914 532 926 598
5 8 463 974 642 925
5 9 599 407 683 831
5 10 435 516 820 589
5 11 990 581 319 701
5 12 420 605 987 949
6 7 446 87 307 534
6 8 710 159 221 231
6 9 315 956 905 670
6 10 362 281 311 980
6 11 238 590 858 246
6 12 88 188 484 780
7 8 57 139 176 472
7 9 529 730 684 190
7 10 399 755 508 767
7 11 639 628 868 370
7 12 528 618 163 268
8 9 172 982 211 255
8 10 53 631 328 644
8 11 401 104 309 718
8 12 895 792 265 984
9 10 98 616 894 922
9 11 875 203 510 465
9 12 864 731 799 973
10 11 175 328 699 834
10 12 106 370 869 952
11 12 321 916 134 902
