13 4
0 1 804 287 144 602
0 2 385 296 187 582
0 3 341 988 793 616
0 4 602 346 679 180
0 5 716 676 627 758
0 6 284 299 700 241
0 7 276 934 863 194
0 8 619 661 868 632
0 9 471 634 900 582
0 10 299 338 237 827
0 11 932 539 676 456
0 12 979 226 648 124
1 2 345 523 672 671
1 3 752 431 992 245
1 4 696 555 175 574
1 5 147 93 169 294
1 6 931 645 646 678
1 7 55 950 576 136
1 8 224 360 545 85
1 9 391 286 122 153
1 10 139 279 445 125
1 11 79 681 835 329
1 12 238 935 927 681
2 3 388 378 267 242
2 4 209 923 224 112
2 5 426 905 738 95
2 6 147 51 55 894
2 7 374 615 711 972
2 8 690 532 239 915
2 9 674 980 895 864
2 10 226 399 989 759
2 11 412 947 355 960
2 12 807 885 370 98
3 4 279 321 805 339
3 5 306 597 208 697
3 6 835 702 475 545
3 7 347 160 515 977
3 8 129 549 610 352
3 9 495 209 607 726
3 10 824 242 224 773
3 11 432 82 894 838
3 12 944 321 123 787
4 5 389 326 870 273
4 6 581 669 200 947
4 7 522 635 777 404
4 8 529 716 164 394
4 9 714 350 288 562
4 10 327 599 540 710
4 11 881 758 581 976
4 12 292 546 309 519
5 6 290 851 540 171
5 7 459 374 971 609
5 8 510 552 663 926
5 9 209 333 228 261
5 10 639 212 427 522
5 11 849 347 146 81
5 12 194 910 551 988
6 7 294 255 662 752
6 8 803 437 984 73
6 9 597 658 307 856
6 10 749 530 474 186
6 11 633 915 775 554
6 12 969 499 272 467
7 8 719 482 775 842
7 9 794 477 839 506
7 10 268 694 674 140
7 11 296 258 534 751
7 12 649 760 345 792
8 9 715 732 897 303
8 10 444 370 849 120
8 11 443 604 790 942
8 12 595 229 752 822
9 10 569 995 523 203
9 11 655 547 569 249
9 12 318 176 544 469
10 11 778 176 138 127
10 12 548 491 647 762
11 12 70 759 288 978
