13 4
0 1 111 701 897 665
0 2 890 399 345 583
0 3 383 845 62 564
0 4 561 180 237 785
0 5 513 710 201 631
0 6 263 985 408 370
0 7 804 991 409 909
0 8 754 253 607 611
0 9 585 907 652 72
0 10 332 746 211 808
0 11 944 231 509 427
0 12 476 890 638 521
1 2 556 198 329 630
1 3 482 323 185 808
1 4 578 867 967 555
1 5 134 56 287 456
1 6 389 222 873 947
1 7 903 289 287 552
1 8 907 883 317 100
1 9 323 691 828 862
1 10 880 468 681 758
1 11 209 223 796 899
1 12 666 773 362 272
2 3 605 261 417 787
2 4 314 773 478 942
2 5 474 873 219 290
2 6 846 494 546 91
2 7 772 637 888 644
2 8 166 706 808 900
2 9 895 89 247 186
2 10 712 404 706 182
2 11 230 927 446 259
2 12 59 100 292 768
3 4 808 649 282 186
3 5 342 647 54 608
3 6 561 425 312 995
3 7 757 506 172 580
3 8 168 117 674 124
3 9 580 228 966 812
3 10 672 322 130 319
3 11 782 741 855 677
3 12 483 856 628 487
4 5 262 88 61 561
4 6 308 273 443 804
4 7 693 591 582 705
4 8 739 582 241 183
4 9 632 722 708 300
4 10 278 938 890 628
4 11 576 388 164 849
4 12 755 294 937 767
5 6 970 477 893 954
5 7 946 111 605 414
5 8 455 761 253 257
5 9 713 175 427 291
5 10 95 68 499 760
5 11 315 525 387 101
5 12 388 225 813 406
6 7 669 149 141 599
6 8 181 687 664 521
6 9 383 116 511 389
6 10 653 234 384 103
6 11 918 430 278 794
6 12 749 744 272 559
7 8 389 345 580 52
7 9 929 726 369 808
7 10 854 314 61 620
7 11 435 425 270 753
7 12 406 553 974 696
8 9 476 540 444 631
8 10 87 71 482 853
8 11 169 667 260 385
8 12 920 453 957 989
9 10 277 792 228 226
9 11 607 548 382 600
9 12 966 706 890 730
10 11 493 465 130 947
10 12 353 468 894 519
11 12 794 764 506 882
