13 4
0 1 737 426 637 819
0 2 569 861 581 294
0 3 622 500 907 163
0 4 859 741 322 871
0 5 255 881 923 103
0 6 497 323 530 832
0 7 636 998 971 116
0 8 535 96 509 583
0 9 823 534 316 378
0 10 250 81 466 692
0 11 840 852 105 159
0 12 246 382 810 861
1 2 619 994 233 296
1 3 843 161 491 274
1 4 518 137 879 87
1 5 750 500 855 813
1 6 85 912 593 987
1 7 978 333 129 500
1 8 943 506 189 207
1 9 68 314 773 794
1 10 373 105 677 643
1 11 669 717 124 509
1 12 998 958 572 379
2 3 324 817 890 792
2 4 630 205 729 603
2 5 608 528 362 317
2 6 116 104 96 466
2 7 738 574 801 410
2 8 903 55 861 340
2 9 329 376 556 376
2 10 622 866 529 595
2 11 503 462 381 114
2 12 864 567 856 588
3 4 260 668 488 564
3 5 682 890 887 264
3 6 533 923 267 910
3 7 892 674 857 554
3 8 729 593 520 607
3 9 447 414 214 475
3 10 857 653 103 525
3 11 867 963 713 99
3 12 590 65 336 606
4 5 759 85 562 823
4 6 150 586 302 134
4 7 497 793 694 135
4 8 796 225 334 511
4 9 873 778 791 85
4 10 89 267 77 779
4 11 688 840 622 894
4 12 404 126 352 442
5 6 435 294 153 107
5 7 885 736 853 834
5 8 714 306 508 182
5 9 709 973 59 503
5 10 263 325 484 962
5 11 670 89 506 536
5 12 329 383 400 56
6 7 66 321 253 888
6 8 714 129 629 510
6 9 718 224 669 354
6 10 210 371 912 818
6 11 721 799 908 614
6 12 293 204 400 276
7 8 719 864 758 586
7 9 364 563 996 280
7 10 449 158 209 391
7 11 577 540 112 370
7 12 53 973 606 645
8 9 208 924 392 725
8 10 192 249 751 859
8 11 315 989 581 690
8 12 883 556 78 671
9 10 935 56 602 105
9 11 63 596 311 867
9 12 888 244 729 553
10 11 274 582 422 239
10 12 653 319 489 228
11 12 651 63 637 50
