13 4
0 1 213 492 262 493
0 2 929 270 874 931
0 3 268 340 252 687
0 4 382 613 106 903
0 5 145 355 280 977
0 6 194 993 113 120
0 7 441 699 497 495
0 8 808 279 837 931
0 9 862 214 813 638
0 10 590 145 909 107
0 11 557 732 520 216
0 12 92 656 859 894
1 2 760 868 911 733
1 3 70 345 108 243
1 4 642 820 209 428
1 5 311 126 811 503
1 6 67 815 569 543
1 7 397 487 955 554
1 8 657 523 706 115
1 9 631 517 484 108
1 10 427 271 349 788
1 11 433 249 734 812
1 12 441 383 793 754
2 3 368 133 92 331
2 4 596 244 245 164
2 5 916 791 604 468
2 6 335 614 177 897
2 7 573 381 590 202
2 8 294 752 500 851
2 9 682 439 348 698
2 10 943 902 150 286
2 11 182 880 728 372
2 12 95 855 878 544
3 4 220 214 286 83
3 5 491 848 383 479
3 6 717 858 923 261
3 7 135 225 522 307
3 8 93 541 755 738
3 9 684 415 495 61
3 10 421 831 401 416
3 11 567 504 138 472
3 12 623 764 693 775
4 5 263 193 533 967
4 6 626 138 79 533
4 7 169 683 781 282
4 8 957 127 921 248
4 9 898 162 219 193
4 10 726 609 212 713
4 11 820 895 406 624
4 12 111 513 367 331
5 6 602 117 991 403
5 7 740 991 451 369
5 8 735 803 57 745
5 9 523 239 318 267
5 10 739 657 750 773
5 11 546 58 270 686
5 12 637 722 458 968
6 7 861 381 896 102
6 8 346 312 584 448
6 9 624 933 126 692
6 10 582 273 571 255
6 11 465 715 949 460
6 12 682 700 477 962
7 8 764 657 722 251
7 9 214 460 969 740
7 10 416 224 957 140
7 11 542 329 844 78
7 12 449 271 997 517
8 9 580 491 234 294
8 10 88 108 703 936
8 11 245 979 704 243
8 12 987 606 554 141
9 10 800 658 384 354
9 11 219 546 583 181
9 12 762 502 573 823
10 11 292 730 799 904
10 12 212 649 506 735
11 12 726 206 504 924
