13 4
0 3 436 680 248 141
0 4 196 477 600 934
0 8 936 836 966 972
0 10 552 797 310 939
0 11 631 437 384 764
0 12 924 683 904 335
1 2 400 242 315 72
1 4 970 147 700 71
1 6 158 906 138 126
1 8 706 281 811 353
1 10 196 629 499 266
1 11 505 250 597 264
1 12 773 440 971 366
2 3 545 89 312 721
2 4 217 771 279 266
2 5 739 163 909 342
2 8 180 978 861 281
2 9 473 860 131 745
2 12 674 904 746 907
3 4 492 79 610 441
3 5 720 274 787 387
3 6 633 949 119 954
3 7 799 649 684 359
3 9 844 615 312 581
3 12 991 907 625 435
4 6 162 769 507 685
4 8 348 231 904 461
4 9 150 538 457 163
4 10 114 721 471 852
4 11 354 950 228 791
4 12 887 254 197 351
5 8 804 930 994 119
5 11 517 875 687 349
5 12 78 638 657 640
6 8 573 934 387 513
6 9 106 484 100 664
7 9 353 542 313 252
7 10 267 439 768 833
7 12 514 326 990 378
8 11 337 746 736 427
9 11 351 833 758 394
9 12 444 828 839 824
