13 4
0 2 138 174 215 608
0 7 701 526 615 556
0 11 753 779 900 699
0 12 836 975 562 810
1 3 390 947 206 480
1 4 872 439 230 278
1 6 666 578 649 311
1 7 182 867 460 73
1 9 482 549 803 450
1 10 643 295 521 880
1 11 914 783 991 564
2 3 635 377 740 918
2 6 686 659 557 912
2 8 940 416 995 502
2 10 419 602 261 307
2 11 136 522 63 104
2 12 368 579 707 926
3 4 808 907 876 568
3 9 850 272 497 377
3 10 84 221 121 678
3 12 645 891 477 794
4 10 787 108 228 497
5 9 939 924 153 114
5 11 864 475 761 936
5 12 727 460 144 511
6 7 615 656 517 807
6 8 194 188 846 732
6 10 658 442 902 945
7 8 944 254 135 920
7 9 149 441 766 781
7 11 416 921 175 523
8 12 703 157 741 78
10 11 879 406 921 277
