13 4
0 1 992 821 315 344
0 2 370 410 287 591
0 3 119 419 872 225
0 4 255 495 657 93
0 5 79 850 52 148
0 6 347 206 538 98
0 7 356 485 549 124
0 8 591 570 555 619
0 9 653 945 729 770
0 10 999 923 278 342
0 11 907 442 648 390
0 12 216 603 426 240
1 2 502 990 917 841
1 3 294 641 843 187
1 4 626 536 693 467
1 5 441 259 863 508
1 6 969 193 671 908
1 7 546 904 402 134
1 8 229 229 161 181
1 9 885 853 725 759
1 10 127 320 779 528
1 11 555 866 791 376
1 12 616 82 592 333
2 3 412 901 497 600
2 4 335 671 330 267
2 5 927 339 438 785
2 6 227 560 667 242
2 7 632 291 70 55
2 8 794 155 647 980
2 9 584 388 346 124
2 10 839 155 369 416
2 11 906 686 380 316
2 12 67 667 298 118
3 4 924 494 121 184
3 5 842 81 729 416
3 6 739 964 181 933
3 7 454 891 136 771
3 8 155 783 890 696
3 9 977 173 623 255
3 10 373 340 577 126
3 11 697 590 397 582
3 12 403 902 374 917
4 5 120 526 753 725
4 6 230 611 990 175
4 7 95 127 627 107
4 8 449 658 730 661
4 9 189 820 369 210
4 10 829 858 362 762
4 11 265 362 731 667
4 12 569 517 203 646
5 6 337 907 577 168
5 7 892 796 207 801
5 8 725 534 850 298
5 9 825 271 248 334
5 10 918 705 153 445
5 11 815 982 387 328
5 12 775 107 791 738
6 7 694 822 538 718
6 8 123 739 215 335
6 9 976 441 928 559
6 10 131 277 168 63
6 11 528 583 787 169
6 12 924 362 258 675
7 8 119 702 750 560
7 9 85 961 157 79
7 10 111 198 374 926
7 11 191 70 117 360
7 12 97 212 120 96
8 9 949 426 518 226
8 10 216 492 155 287
8 11 890 512 446 400
8 12 619 564 722 83
9 10 248 930 798 302
9 11 481 907 958 86
9 12 837 63 161 813
10 11 765 319 443 324
10 12 532 529 976 234
11 12 196 631 207 568
