13 4
0 2 662 307 931 121
0 7 299 971 882 540
0 8 395 67 453 257
0 9 784 433 810 172
0 11 290 769 333 590
1 2 334 109 443 666
1 3 602 628 600 870
1 6 999 833 137 850
1 7 837 144 829 131
1 10 279 312 611 366
1 11 817 961 253 239
1 12 260 590 406 799
2 3 777 367 799 342
2 4 824 112 886 454
2 5 514 286 58 65
2 6 798 688 264 972
2 8 768 330 597 441
2 10 433 414 592 557
2 11 173 55 787 358
2 12 611 636 622 638
3 4 510 498 694 623
3 5 856 673 633 360
3 6 531 540 644 695
3 7 280 488 548 307
3 8 574 300 989 201
3 9 612 256 391 496
3 10 216 730 915 123
3 11 644 579 871 776
3 12 984 473 353 114
4 5 926 446 483 985
4 6 701 113 821 729
4 7 478 674 272 797
4 8 749 353 66 96
4 10 56 320 147 958
4 11 544 609 333 476
4 12 510 56 477 911
5 6 146 342 201 814
5 7 798 651 174 167
5 8 177 509 917 561
5 11 855 669 407 366
5 12 555 470 477 570
6 7 917 374 78 705
6 8 214 854 809 241
6 10 901 519 374 590
6 11 463 821 294 960
6 12 967 527 439 763
7 8 838 420 863 420
7 9 248 480 708 401
7 11 577 125 256 480
7 12 320 291 329 931
8 9 695 620 675 811
8 10 380 261 799 861
8 12 172 285 602 343
9 12 772 350 508 806
10 12 990 993 59 432
