13 4
0 1 872 158 678 650
0 2 406 740 378 440
0 3 237 620 124 71
0 4 508 470 605 59
0 5 278 349 245 141
0 6 770 409 320 254
0 7 132 517 126 860
0 8 708 421 809 982
0 9 903 270 664 964
0 10 259 299 268 320
0 11 256 435 521 785
0 12 515 315 242 145
1 2 114 541 655 83
1 3 612 812 654 926
1 4 260 188 174 871
1 5 276 573 266 858
1 6 744 156 651 728
1 7 760 927 783 902
1 8 912 768 812 146
1 9 751 395 802 519
1 10 210 197 279 903
1 11 969 56 417 327
1 12 644 627 581 592
2 3 924 453 204 394
2 4 482 701 72 454
2 5 694 583 608 403
2 6 995 513 455 490
2 7 953 85 916 979
2 8 225 392 575 397
2 9 290 104 392 682
2 10 737 472 129 934
2 11 503 683 720 99
2 12 506 247 881 795
3 4 177 166 657 140
3 5 515 389 928 767
3 6 465 70 924 797
3 7 178 378 750 202
3 8 266 883 396 646
3 9 806 693 428 416
3 10 502 105 165 91
3 11 670 118 65 814
3 12 932 71 591 822
4 5 219 94 941 257
4 6 361 655 549 546
4 7 947 679 659 122
4 8 203 109 485 247
4 9 195 260 707 471
4 10 505 423 616 662
4 11 978 967 296 868
4 12 296 900 149 539
5 6 668 439 203 816
5 7 68 537 785 877
5 8 495 333 830 866
5 9 638 594 126 568
5 10 759 131 659 130
5 11 373 593 164 963
5 12 349 118 136 256
6 7 953 591 902 513
6 8 961 115 978 759
6 9 79 427 575 132
6 10 849 704 161 392
6 11 899 677 792 523
6 12 757 923 579 318
7 8 966 235 204 917
7 9 935 150 617 389
7 10 330 742 845 120
7 11 358 883 172 760
7 12 216 384 103 218
8 9 468 461 666 509
8 10 449 182 769 359
8 11 776 904 796 863
8 12 839 250 440 650
9 10 334 56 377 957
9 11 101 649 852 370
9 12 568 908 225 294
10 11 570 568 899 939
10 12 768 817 299 320
11 12 420 313 369 141
