13 4
0 1 194 667 811 770
0 2 579 644 77 316
0 3 531 935 52 92
0 4 702 61 609 83
0 5 598 453 242 71
0 6 267 981 698 814
0 7 615 782 180 370
0 8 807 298 251 324
0 9 668 150 745 498
0 10 965 134 261 523
0 11 413 251 184 387
0 12 298 361 188 818
1 2 51 928 268 72
1 3 658 980 688 790
1 4 775 443 282 188
1 5 894 866 491 895
1 6 509 114 923 184
1 7 936 69 298 368
1 8 424 343 541 865
1 9 386 400 587 526
1 10 53 961 669 202
1 11 300 938 244 782
1 12 286 103 510 435
2 3 923 657 730 202
2 4 101 552 455 843
2 5 699 768 619 805
2 6 659 917 773 362
2 7 158 467 160 346
2 8 781 518 919 597
2 9 526 297 844 466
2 10 116 371 751 146
2 11 361 313 765 240
2 12 988 264 175 769
3 4 595 189 638 57
3 5 857 593 947 860
3 6 140 370 145 79
3 7 310 282 474 316
3 8 994 605 591 630
3 9 436 152 387 62
3 10 404 463 712 596
3 11 347 138 911 114
3 12 629 328 652 922
4 5 153 537 815 389
4 6 726 767 195 715
4 7 414 842 118 77
4 8 166 230 865 828
4 9 476 367 607 81
4 10 892 308 423 226
4 11 788 612 110 431
4 12 858 809 736 760
5 6 294 953 196 181
5 7 866 437 315 548
5 8 266 638 264 811
5 9 200 611 507 849
5 10 463 803 866 663
5 11 769 744 572 506
5 12 760 777 803 56
6 7 775 319 73 668
6 8 930 200 226 554
6 9 53 414 559 809
6 10 516 562 231 89
6 11 442 271 705 748
6 12 213 121 948 783
7 8 319 516 502 144
7 9 999 202 802 820
7 10 530 764 231 371
7 11 866 453 568 535
7 12 688 915 628 835
8 9 84 141 747 484
8 10 755 777 819 550
8 11 177 430 430 406
8 12 719 876 187 264
9 10 700 405 655 430
9 11 281 245 538 141
9 12 203 653 566 238
10 11 950 435 720 649
10 12 287 629 839 80
11 12 880 589 688 777
