14 2
0 1 240 484
0 2 577 867
0 5 452 824
0 7 756 274
0 9 884 374
0 10 524 300
0 11 988 579
0 13 718 556
1 2 698 703
1 3 410 694
1 5 320 971
1 6 168 994
1 9 336 175
1 10 91 285
1 11 661 970
1 12 908 648
1 13 236 71
2 3 302 780
2 4 270 493
2 5 551 101
2 6 697 788
2 7 310 414
2 9 658 781
2 10 415 901
2 11 751 655
2 12 573 780
3 4 765 669
3 5 213 775
3 6 222 693
3 7 329 98
3 9 578 238
3 12 311 82
3 13 305 561
4 5 345 486
4 7 963 531
4 8 413 273
4 9 494 964
4 10 387 314
4 11 57 273
4 13 406 684
5 7 243 835
5 8 310 656
5 10 375 620
5 13 244 352
6 7 932 851
6 8 254 949
6 9 871 491
6 10 602 393
6 11 971 720
6 12 113 922
7 9 805 628
7 10 651 236
7 13 592 403
8 9 827 845
8 10 772 298
8 11 971 171
8 12 913 705
8 13 897 55
9 10 361 763
9 11 542 429
9 12 770 559
9 13 675 710
10 12 569 336
10 13 286 408
11 13 419 915
