14 2
0 4 704 477
0 5 311 254
0 6 948 208
0 7 538 532
0 8 522 520
0 9 521 580
0 10 374 249
0 11 69 419
0 12 984 742
0 13 826 288
1 2 990 625
1 4 332 171
1 5 588 449
1 6 328 569
1 7 583 252
1 8 408 437
1 9 756 492
1 11 166 191
1 13 394 622
2 3 822 756
2 5 242 249
2 6 257 948
2 7 118 348
2 10 834 192
2 11 840 223
2 12 797 71
2 13 355 335
3 4 565 720
3 6 240 857
3 7 129 194
3 9 444 992
3 10 474 639
3 11 496 696
3 12 642 681
4 6 155 824
4 7 882 573
4 8 518 232
4 9 720 442
4 10 131 905
4 11 195 797
4 12 264 122
4 13 989 583
5 6 550 197
5 7 323 202
5 8 525 955
5 9 918 118
5 11 782 157
5 12 627 988
6 7 875 225
6 9 394 62
6 11 611 976
6 12 898 754
6 13 861 762
7 9 210 934
7 11 869 711
8 9 250 577
8 10 450 668
9 11 361 259
9 12 898 982
9 13 627 866
10 11 658 285
10 12 697 873
10 13 468 933
11 12 990 905
11 13 442 263
