14 2
0 2 336 102
0 3 109 188
0 4 163 164
0 5 946 621
0 6 808 149
0 7 570 572
0 8 149 996
0 10 889 856
0 11 119 231
0 12 604 662
0 13 95 983
1 2 342 519
1 3 167 419
1 5 523 688
1 6 592 230
1 7 864 944
1 8 732 416
1 9 646 791
1 10 312 103
1 11 427 601
1 12 719 573
1 13 472 904
2 3 435 704
2 4 295 943
2 5 604 56
2 6 270 115
2 7 641 611
2 8 257 139
2 9 68 607
2 10 867 848
2 11 560 108
2 12 90 711
2 13 932 251
3 4 312 521
3 5 294 232
3 6 249 328
3 7 107 75
3 8 326 505
3 9 193 518
3 12 120 408
4 6 418 795
4 7 910 559
4 9 372 263
4 10 725 670
4 11 478 212
4 12 318 854
5 6 767 445
5 7 729 928
5 9 235 373
5 10 544 385
5 11 158 349
5 12 233 429
5 13 609 522
6 7 876 445
6 8 160 934
6 11 617 358
6 12 277 793
7 8 597 829
7 10 420 313
7 11 103 707
7 12 572 558
7 13 363 837
8 9 697 914
8 10 185 797
8 13 885 895
9 10 678 687
9 11 377 676
10 12 191 875
10 13 282 798
11 12 899 119
12 13 938 126
