14 2
0 1 361 382
0 2 397 148
0 3 363 233
0 4 926 306
0 5 955 148
0 6 358 766
0 7 543 261
0 8 195 804
0 9 330 90
0 10 97 284
0 11 494 468
0 12 977 724
0 13 987 941
1 2 156 539
1 3 148 67
1 4 982 531
1 5 900 426
1 6 983 221
1 7 86 180
1 8 825 176
1 9 239 978
1 10 114 875
1 11 474 353
1 12 610 460
1 13 647 440
2 3 635 577
2 4 460 587
2 5 302 683
2 6 392 133
2 7 160 668
2 8 588 888
2 9 531 766
2 10 465 731
2 11 868 700
2 12 534 116
2 13 587 298
3 4 227 704
3 5 435 395
3 6 936 818
3 7 578 295
3 8 293 689
3 9 235 833
3 10 822 242
3 11 241 244
3 12 196 591
3 13 187 504
4 5 731 692
4 6 147 147
4 7 502 377
4 8 679 159
4 9 895 621
4 10 778 487
4 11 899 386
4 12 741 969
4 13 663 339
5 6 653 880
5 7 79 124
5 8 147 404
5 9 170 777
5 10 248 281
5 11 207 894
5 12 143 447
5 13 640 605
6 7 952 177
6 8 884 281
6 9 950 475
6 10 361 793
6 11 675 589
6 12 637 688
6 13 834 107
7 8 520 63
7 9 74 233
7 10 999 465
7 11 709 529
7 12 336 850
7 13 266 497
8 9 841 768
8 10 958 528
8 11 915 903
8 12 949 657
8 13 772 154
9 10 949 576
9 11 931 772
9 12 201 199
9 13 211 911
10 11 343 864
10 12 785 454
10 13 558 246
11 12 760 85
11 13 123 819
12 13 219 302
