14 2
0 1 967 781
0 2 374 277
0 3 259 461
0 4 135 506
0 5 500 212
0 6 560 50
0 7 894 479
0 8 267 273
0 9 518 944
0 10 500 705
0 11 667 836
0 12 775 945
0 13 650 457
1 2 911 594
1 3 876 255
1 4 349 129
1 5 303 54
1 6 348 60
1 7 110 678
1 8 120 835
1 9 537 278
1 10 391 98
1 11 230 626
1 12 640 359
1 13 140 377
2 3 67 70
2 4 354 767
2 5 373 66
2 6 372 326
2 7 941 414
2 8 87 506
2 9 778 443
2 10 651 693
2 11 514 125
2 12 628 714
2 13 685 892
3 4 650 690
3 5 910 998
3 6 528 912
3 7 828 167
3 8 881 546
3 9 299 884
3 10 839 608
3 11 140 860
3 12 409 60
3 13 60 407
4 5 580 641
4 6 819 635
4 7 62 457
4 8 178 286
4 9 995 149
4 10 738 648
4 11 872 978
4 12 413 889
4 13 252 88
5 6 750 745
5 7 942 123
5 8 343 456
5 9 346 293
5 10 932 554
5 11 871 367
5 12 766 742
5 13 473 956
6 7 92 115
6 8 274 208
6 9 387 978
6 10 337 247
6 11 948 979
6 12 718 176
6 13 740 484
7 8 622 682
7 9 245 523
7 10 960 85
7 11 688 369
7 12 495 444
7 13 890 791
8 9 636 865
8 10 854 410
8 11 500 521
8 12 853 692
8 13 316 648
9 10 789 702
9 11 462 338
9 12 916 873
9 13 250 986
10 11 471 315
10 12 285 731
10 13 90 836
11 12 334 982
11 13 804 149
12 13 949 725
