14 2
0 3 429 668
0 4 825 826
0 5 531 189
0 8 425 922
0 9 473 669
0 10 904 930
0 11 444 570
0 12 968 335
0 13 425 595
1 3 385 338
1 5 780 449
1 6 954 292
1 9 150 497
1 13 783 111
2 9 994 85
2 11 472 877
3 6 111 870
3 7 462 72
3 8 617 104
3 9 516 983
3 11 84 164
3 12 815 448
3 13 462 366
4 5 918 573
4 7 103 971
4 8 434 996
4 12 756 657
5 6 544 342
5 7 494 532
5 9 453 851
5 11 715 401
5 12 676 279
6 9 776 89
6 10 891 934
6 11 971 596
7 9 484 773
8 9 475 277
9 11 621 568
9 13 227 574
10 12 118 408
10 13 809 73
12 13 775 212
