14 2
0 1 697 789
0 2 171 715
0 5 172 398
0 6 652 963
0 7 395 255
0 8 657 735
0 9 818 992
0 10 128 361
0 11 857 331
0 13 441 150
1 2 202 315
1 3 950 204
1 5 745 200
1 9 124 376
1 10 789 966
1 13 215 885
2 3 813 400
2 5 880 912
2 6 434 792
2 7 364 370
2 8 106 67
2 9 423 810
2 11 318 100
2 12 862 51
2 13 957 168
3 4 969 388
3 5 970 81
3 6 761 799
3 7 994 642
3 8 797 470
3 9 625 555
3 10 943 782
3 11 622 497
3 12 489 653
3 13 979 674
4 5 912 66
4 6 327 414
4 8 937 536
4 9 471 306
4 10 740 788
4 13 794 153
5 7 583 119
5 8 855 820
5 9 179 410
5 10 470 781
5 12 472 795
5 13 880 610
6 8 602 139
6 9 751 500
6 11 376 131
6 12 787 431
6 13 983 513
7 8 458 238
7 9 225 579
7 10 505 200
7 11 267 570
7 13 634 641
8 10 990 444
8 11 647 721
8 12 598 785
8 13 622 59
9 10 466 587
9 11 100 476
9 12 921 545
9 13 534 615
10 11 493 702
10 12 959 661
10 13 102 769
11 12 285 950
12 13 979 706
