14 3
0 1 334 858 721
0 2 208 191 717
0 3 707 487 236
0 4 348 509 280
0 5 861 520 177
0 6 664 904 300
0 7 824 987 602
0 8 133 166 609
0 9 327 844 207
0 10 190 823 487
0 11 976 525 831
0 12 693 952 394
0 13 835 720 660
1 2 748 255 759
1 3 708 928 730
1 4 164 869 565
1 5 440 788 873
1 6 305 543 998
1 7 177 184 395
1 8 677 867 636
1 9 845 671 212
1 10 518 989 997
1 11 352 355 328
1 12 842 221 973
1 13 971 782 286
2 3 869 977 843
2 4 703 881 521
2 5 753 816 606
2 6 407 63 213
2 7 632 600 93
2 8 965 870 279
2 9 301 613 613
2 10 378 500 628
2 11 879 538 255
2 12 820 94 334
2 13 337 99 169
3 4 792 281 890
3 5 640 913 777
3 6 463 570 361
3 7 391 367 985
3 8 427 997 724
3 9 677 398 168
3 10 267 243 809
3 11 783 885 105
3 12 201 593 437
3 13 642 390 669
4 5 337 853 322
4 6 526 608 199
4 7 371 603 570
4 8 819 569 606
4 9 227 871 144
4 10 256 791 956
4 11 773 929 675
4 12 665 513 615
4 13 473 260 878
5 6 950 625 559
5 7 103 647 827
5 8 790 592 814
5 9 320 249 282
5 10 875 751 659
5 11 814 502 593
5 12 584 610 239
5 13 291 80 493
6 7 60 201 847
6 8 784 311 510
6 9 281 662 292
6 10 179 123 999
6 11 571 76 945
6 12 326 907 719
6 13 769 506 676
7 8 241 429 449
7 9 550 386 357
7 10 246 476 57
7 11 977 397 866
7 12 91 303 556
7 13 248 954 955
8 9 738 300 352
8 10 673 552 721
8 11 727 814 209
8 12 278 720 731
8 13 494 478 784
9 10 213 729 511
9 11 200 604 197
9 12 683 376 86
9 13 284 550 69
10 11 255 349 210
10 12 526 768 79
10 13 104 142 411
11 12 525 355 658
11 13 292 814 77
12 13 891 493 126
