14 3
0 1 917 491 743
0 2 297 418 256
0 3 205 562 504
0 4 625 396 923
0 5 142 149 697
0 6 525 736 151
0 7 315 397 65
0 8 92 207 220
0 9 579 981 894
0 10 802 681 558
0 11 318 346 512
0 12 451 867 94
0 13 176 881 385
1 2 762 569 509
1 3 64 529 339
1 4 773 689 718
1 5 485 786 126
1 6 480 699 244
1 7 868 487 935
1 8 569 547 671
1 9 625 394 197
1 10 678 914 537
1 11 913 712 544
1 12 753 499 785
1 13 883 295 915
2 3 594 718 554
2 4 920 589 538
2 5 97 108 980
2 6 968 546 949
2 7 304 965 145
2 8 999 741 261
2 9 165 775 222
2 10 654 857 103
2 11 800 165 794
2 12 766 630 180
2 13 448 957 699
3 4 865 157 335
3 5 771 253 751
3 6 223 606 726
3 7 969 417 472
3 8 126 787 976
3 9 430 958 812
3 10 315 757 473
3 11 379 68 576
3 12 579 752 726
3 13 404 223 889
4 5 227 813 513
4 6 755 758 762
4 7 671 441 844
4 8 928 819 119
4 9 512 416 313
4 10 942 147 204
4 11 247 194 103
4 12 311 912 406
4 13 314 267 592
5 6 333 409 305
5 7 981 68 867
5 8 338 201 655
5 9 443 160 623
5 10 501 288 504
5 11 871 528 620
5 12 936 911 606
5 13 108 566 621
6 7 529 655 655
6 8 469 355 308
6 9 425 928 995
6 10 673 356 803
6 11 780 255 520
6 12 183 98 755
6 13 500 496 376
7 8 703 503 923
7 9 606 394 269
7 10 904 785 694
7 11 578 858 360
7 12 704 757 992
7 13 591 862 878
8 9 466 133 864
8 10 154 651 917
8 11 248 85 254
8 12 301 202 222
8 13 645 192 227
9 10 618 316 75
9 11 446 554 844
9 12 132 419 535
9 13 623 265 782
10 11 725 913 210
10 12 268 842 247
10 13 353 638 618
11 12 919 949 150
11 13 352 718 939
12 13 612 808 563
