14 3
0 2 823 158 489
0 3 273 910 969
0 7 432 235 833
0 10 172 795 173
1 3 166 778 372
1 4 58 492 336
1 5 352 807 628
1 9 202 261 944
1 10 421 836 461
1 11 909 112 557
1 12 88 187 131
1 13 382 68 432
2 4 588 811 828
2 5 811 529 431
2 6 116 800 886
2 8 960 977 490
2 9 53 438 996
2 11 439 68 838
2 13 819 447 865
3 4 456 199 279
3 5 213 967 958
3 9 389 902 734
3 12 968 478 83
4 7 394 614 521
4 8 892 550 917
4 10 908 839 873
5 11 469 808 334
6 8 707 331 853
6 12 255 570 659
6 13 264 291 139
7 11 892 912 212
7 13 183 637 231
8 9 907 842 967
8 12 597 835 248
9 10 190 242 829
9 12 666 941 429
9 13 59 410 878
11 12 324 921 983
