14 3
0 3 814 820 253
0 5 360 768 328
0 9 140 694 678
1 3 749 702 670
1 6 579 218 461
1 8 173 509 142
1 10 149 348 634
1 12 564 296 217
1 13 290 349 686
2 4 192 180 633
2 6 393 164 742
2 12 586 840 212
3 4 322 810 564
3 5 445 597 159
3 7 133 623 421
3 9 865 615 750
3 10 136 626 129
3 12 203 276 608
4 7 525 610 853
4 8 635 441 413
4 9 883 392 519
4 12 744 471 490
4 13 399 430 743
5 9 991 482 898
5 11 926 148 484
5 13 956 772 350
6 7 391 895 646
6 9 151 564 903
6 11 453 269 267
7 9 141 829 879
7 10 955 506 688
7 11 371 583 724
7 13 754 370 737
8 10 696 491 554
8 11 895 678 110
8 13 603 566 596
9 11 530 610 526
9 13 454 397 937
10 11 507 942 680
10 12 512 626 505
10 13 892 739 572
11 12 977 950 453
12 13 858 161 656
