14 3
0 1 896 446 892
0 2 299 922 918
0 3 71 960 779
0 4 153 960 904
0 5 280 606 928
0 6 800 83 102
0 7 179 52 485
0 8 988 213 991
0 9 158 95 973
0 10 466 997 970
0 11 725 657 884
0 12 246 540 706
0 13 988 935 621
1 2 453 186 598
1 3 573 346 149
1 4 953 244 246
1 5 404 559 427
1 6 419 871 570
1 7 99 795 855
1 8 290 648 284
1 9 124 902 210
1 10 786 525 110
1 11 406 353 672
1 12 94 384 64
1 13 439 907 211
2 3 863 878 837
2 4 390 362 182
2 5 727 278 192
2 6 792 356 940
2 7 317 591 107
2 8 273 731 594
2 9 747 805 470
2 10 966 256 129
2 11 951 875 161
2 12 607 962 475
2 13 930 838 816
3 4 524 766 565
3 5 469 201 486
3 6 877 94 438
3 7 207 169 288
3 8 701 684 603
3 9 622 536 372
3 10 715 838 451
3 11 982 751 506
3 12 227 874 953
3 13 518 602 190
4 5 454 608 490
4 6 746 688 92
4 7 764 582 704
4 8 166 882 289
4 9 718 787 279
4 10 450 50 991
4 11 409 936 295
4 12 386 286 323
4 13 450 967 464
5 6 316 923 64
5 7 487 849 417
5 8 589 363 89
5 9 562 152 52
5 10 132 863 965
5 11 320 809 834
5 12 620 827 496
5 13 808 166 814
6 7 338 455 104
6 8 585 300 974
6 9 305 154 485
6 10 144 554 384
6 11 967 922 265
6 12 899 150 65
6 13 110 199 406
7 8 969 962 688
7 9 870 501 570
7 10 965 425 588
7 11 990 878 765
7 12 856 149 349
7 13 461 104 275
8 9 484 467 685
8 10 782 527 196
8 11 419 380 643
8 12 539 517 186
8 13 214 731 273
9 10 69 546 841
9 11 872 897 612
9 12 700 619 475
9 13 426 981 962
10 11 469 421 331
10 12 520 148 159
10 13 194 990 990
11 12 972 330 247
11 13 528 82 640
12 13 560 323 283
