14 3
0 2 633 730 161
0 3 110 643 636
0 6 877 722 262
0 10 373 477 208
0 11 399 628 238
0 13 946 485 865
1 2 417 415 665
1 3 595 259 343
1 5 355 307 415
1 6 194 523 163
1 7 508 362 869
1 8 591 294 748
1 10 872 631 105
1 11 50 315 821
2 4 513 96 528
2 5 425 955 525
2 7 80 708 285
2 9 777 692 522
2 10 189 747 91
2 13 180 604 194
3 4 109 706 162
3 5 458 525 396
3 7 883 658 367
3 11 603 772 207
3 13 567 447 494
4 5 767 768 717
4 7 228 205 844
4 8 878 442 212
4 9 161 353 840
4 10 513 105 757
4 11 716 138 500
4 12 187 320 623
5 7 241 482 308
5 8 685 59 75
5 10 264 198 360
6 7 97 892 406
6 12 565 962 466
6 13 694 815 95
7 8 518 57 372
7 10 670 581 578
7 11 740 910 620
7 12 565 754 97
7 13 274 202 508
8 11 774 756 633
8 12 75 455 710
8 13 640 994 124
11 12 962 714 605
11 13 347 954 629
12 13 672 61 85
