14 3
0 1 763 710 555
0 2 767 360 655
0 3 734 189 784
0 4 268 651 634
0 5 629 856 812
0 6 757 376 406
0 7 598 815 992
0 8 595 135 999
0 9 418 895 736
0 10 74 427 440
0 11 944 631 109
0 12 826 147 191
0 13 237 242 315
1 2 152 398 799
1 3 84 628 409
1 4 691 581 589
1 5 884 376 782
1 6 441 405 827
1 7 306 774 626
1 8 553 964 889
1 9 966 760 272
1 10 523 509 341
1 11 188 728 505
1 12 970 757 687
1 13 566 933 659
2 3 156 221 446
2 4 139 85 756
2 5 445 558 321
2 6 183 991 168
2 7 476 313 110
2 8 432 566 571
2 9 511 544 404
2 10 687 728 238
2 11 134 555 916
2 12 957 85 157
2 13 864 615 695
3 4 471 670 396
3 5 859 773 512
3 6 909 437 719
3 7 157 185 582
3 8 124 877 282
3 9 302 287 823
3 10 297 756 626
3 11 238 707 461
3 12 548 940 505
3 13 294 95 423
4 5 383 889 826
4 6 428 315 219
4 7 389 358 748
4 8 827 427 977
4 9 279 301 197
4 10 798 286 962
4 11 187 998 835
4 12 66 124 215
4 13 858 912 863
5 6 684 243 998
5 7 505 217 380
5 8 716 784 131
5 9 452 550 52
5 10 538 747 767
5 11 604 611 150
5 12 738 663 103
5 13 406 116 232
6 7 799 829 162
6 8 353 810 914
6 9 361 780 887
6 10 234 759 739
6 11 197 972 783
6 12 132 419 444
6 13 663 501 216
7 8 308 878 515
7 9 496 691 929
7 10 305 721 202
7 11 252 694 577
7 12 674 71 481
7 13 646 165 788
8 9 222 710 301
8 10 462 513 111
8 11 635 276 278
8 12 187 205 981
8 13 452 995 490
9 10 932 428 589
9 11 775 567 676
9 12 718 741 444
9 13 952 480 920
10 11 658 900 976
10 12 62 701 737
10 13 339 917 870
11 12 124 191 520
11 13 83 713 955
12 13 662 731 100
