14 3
0 1 325 174 410
0 3 979 962 512
0 4 854 769 620
0 5 775 537 667
0 7 567 759 484
0 8 443 441 653
0 9 326 894 225
0 10 203 218 197
0 11 418 882 500
0 12 444 94 478
0 13 261 932 251
1 2 768 616 973
1 3 113 621 337
1 4 52 593 107
1 5 114 549 844
1 7 758 955 244
1 8 498 472 215
1 10 645 459 380
1 11 730 659 505
1 12 61 926 762
1 13 306 962 585
2 3 714 352 56
2 6 811 141 80
2 7 415 427 190
2 9 191 450 301
2 10 239 61 348
2 12 972 722 206
2 13 670 314 285
3 4 896 94 249
3 5 481 916 634
3 7 131 857 263
3 8 358 981 209
3 9 164 764 569
3 10 197 746 560
3 11 55 856 574
3 13 952 54 658
4 5 887 249 79
4 6 335 473 826
4 7 448 988 490
4 8 428 461 268
4 11 451 958 955
4 12 708 952 921
4 13 380 568 544
5 6 564 807 542
5 7 59 929 173
5 8 609 989 344
5 13 201 532 756
6 7 938 276 513
6 9 132 624 780
6 11 850 223 484
6 13 57 150 700
7 9 118 761 598
7 10 853 577 182
7 11 585 868 66
7 12 989 164 373
7 13 357 105 413
8 9 652 294 210
8 11 351 428 958
8 12 57 272 354
8 13 397 329 572
9 10 470 900 642
9 11 118 508 766
9 12 263 937 631
9 13 453 407 939
10 11 187 919 87
10 12 707 760 879
10 13 656 354 715
11 12 802 184 945
11 13 309 807 382
