14 3
0 1 148 466 868
0 2 478 675 694
0 3 231 789 73
0 4 568 625 84
0 5 821 590 659
0 6 316 807 107
0 7 447 873 971
0 8 889 207 423
0 9 524 241 917
0 10 276 114 454
0 11 598 408 165
0 12 577 751 277
0 13 329 494 271
1 2 545 304 800
1 3 283 370 552
1 4 881 616 178
1 5 330 423 158
1 6 761 765 279
1 7 372 63 150
1 8 549 934 98
1 9 987 659 413
1 10 879 866 924
1 11 473 417 487
1 12 90 195 167
1 13 838 522 833
2 3 661 75 745
2 4 75 65 706
2 5 463 522 155
2 6 804 793 239
2 7 532 397 570
2 8 254 389 331
2 9 81 190 654
2 10 191 879 517
2 11 585 492 264
2 12 684 78 143
2 13 985 869 475
3 4 304 535 150
3 5 321 956 814
3 6 258 242 310
3 7 490 203 949
3 8 575 55 596
3 9 63 270 152
3 10 761 347 187
3 11 885 564 285
3 12 703 767 932
3 13 902 666 249
4 5 448 138 576
4 6 210 892 603
4 7 318 803 996
4 8 310 978 60
4 9 340 299 213
4 10 130 846 631
4 11 139 196 773
4 12 693 338 545
4 13 246 412 918
5 6 510 554 82
5 7 787 391 434
5 8 858 920 151
5 9 916 917 614
5 10 493 525 139
5 11 65 149 682
5 12 777 502 285
5 13 486 323 971
6 7 748 773 593
6 8 345 345 779
6 9 457 868 955
6 10 727 854 898
6 11 594 85 844
6 12 151 661 795
6 13 603 184 681
7 8 356 644 272
7 9 481 130 600
7 10 614 326 116
7 11 291 111 395
7 12 324 168 254
7 13 693 596 792
8 9 988 613 888
8 10 139 693 741
8 11 908 827 991
8 12 917 825 373
8 13 448 917 531
9 10 318 750 311
9 11 243 960 740
9 12 952 271 105
9 13 574 718 887
10 11 441 759 798
10 12 155 760 407
10 13 966 153 382
11 12 986 412 154
11 13 422 556 416
12 13 687 762 300
