14 3
0 1 419 749 512
0 4 547 467 714
0 6 196 450 775
0 10 408 878 701
0 11 831 680 335
0 12 387 400 999
1 3 166 591 423
1 5 605 724 493
1 6 368 779 121
1 7 93 166 453
1 8 270 200 273
1 9 933 335 401
1 10 923 181 392
1 11 149 590 102
2 3 357 539 916
2 4 188 367 289
2 6 660 785 328
2 7 344 299 833
2 11 126 585 754
2 13 947 650 677
3 5 110 122 902
3 7 118 164 620
3 9 889 701 371
3 12 267 147 814
4 5 195 567 255
4 9 715 552 905
4 10 327 476 662
4 11 290 575 650
4 13 405 668 386
5 7 386 698 204
5 8 938 541 574
5 10 165 326 907
5 11 475 762 276
5 13 915 956 985
6 7 791 183 964
6 9 64 867 470
6 10 203 297 881
6 13 554 355 214
7 11 534 194 361
7 12 532 845 969
8 10 632 974 814
8 11 628 220 260
9 10 222 562 303
9 13 84 76 369
10 12 819 799 195
10 13 436 109 216
11 12 306 708 254
12 13 700 568 192
