14 3
0 1 673 331 233
0 2 415 889 385
0 3 994 539 967
0 4 498 304 279
0 5 626 853 371
0 6 581 433 908
0 7 877 518 146
0 8 65 425 549
0 9 103 208 369
0 10 376 843 646
0 11 352 745 588
0 12 436 968 765
0 13 514 263 584
1 2 846 903 455
1 3 102 519 460
1 4 360 949 413
1 5 277 785 349
1 6 864 946 750
1 7 963 457 50
1 8 272 985 662
1 9 320 359 240
1 10 464 486 61
1 11 960 120 66
1 12 796 52 858
1 13 962 565 545
2 3 802 904 815
2 4 67 777 246
2 5 672 329 528
2 6 647 305 70
2 7 598 76 776
2 8 506 517 156
2 9 769 594 320
2 10 155 487 971
2 11 889 99 864
2 12 183 877 851
2 13 621 605 878
3 4 581 573 264
3 5 942 490 641
3 6 555 558 129
3 7 218 843 196
3 8 472 531 781
3 9 625 563 772
3 10 790 763 785
3 11 838 563 788
3 12 548 553 691
3 13 658 936 219
4 5 903 155 519
4 6 869 63 453
4 7 924 311 982
4 8 638 188 909
4 9 878 210 707
4 10 636 904 642
4 11 732 313 333
4 12 912 908 474
4 13 79 503 153
5 6 517 68 567
5 7 233 72 201
5 8 531 460 282
5 9 319 448 708
5 10 68 400 713
5 11 799 959 362
5 12 939 605 309
5 13 394 845 294
6 7 174 202 314
6 8 925 628 650
6 9 50 824 173
6 10 442 320 149
6 11 749 404 890
6 12 319 233 77
6 13 136 804 320
7 8 723 364 327
7 9 453 479 347
7 10 709 157 125
7 11 458 905 862
7 12 398 419 209
7 13 602 197 875
8 9 368 818 207
8 10 483 50 719
8 11 403 734 959
8 12 690 133 76
8 13 163 416 213
9 10 812 474 387
9 11 786 197 455
9 12 426 424 678
9 13 669 803 970
10 11 644 723 443
10 12 218 166 659
10 13 313 53 120
11 12 906 662 358
11 13 209 505 156
12 13 178 713 160
