14 3
0 1 314 357 491
0 3 691 902 280
0 4 645 970 644
0 5 236 960 670
0 8 198 699 390
0 9 618 821 248
0 10 518 929 879
0 11 460 531 146
0 13 173 245 416
1 2 267 650 290
1 3 908 860 498
1 5 503 963 323
1 6 700 994 662
1 7 244 316 396
1 8 811 533 985
1 9 454 281 128
1 10 174 808 584
1 13 221 298 573
2 3 197 343 494
2 4 111 340 729
2 5 145 66 964
2 6 92 398 588
2 7 171 699 628
2 8 292 718 867
2 9 487 381 349
2 10 236 939 607
2 11 480 684 470
2 13 329 519 519
3 4 895 443 439
3 6 148 953 952
3 8 195 348 672
3 9 450 674 148
3 10 65 596 960
3 11 55 797 543
3 12 330 586 519
4 5 217 631 386
4 7 425 845 682
4 9 449 108 140
4 10 924 349 174
4 11 128 812 126
5 7 552 970 482
5 8 143 927 948
5 9 299 505 348
5 10 763 646 250
5 12 715 232 424
6 7 363 478 429
6 10 954 368 996
6 11 602 916 712
6 12 56 661 640
7 9 169 453 138
7 10 634 213 93
7 11 203 524 929
7 12 686 572 986
7 13 149 79 407
8 11 679 625 894
8 12 305 538 977
9 10 462 545 860
9 11 442 68 252
9 12 781 601 433
9 13 521 610 255
10 12 625 602 618
10 13 683 854 795
11 12 803 697 645
11 13 383 101 885
12 13 247 830 260
