14 3
0 2 225 504 157
0 3 536 343 779
0 4 563 290 138
0 5 650 173 827
0 8 647 470 226
0 9 379 365 511
0 10 481 229 250
0 12 990 60 126
1 3 996 761 872
1 5 548 761 360
1 11 674 605 874
2 3 708 646 390
2 4 414 940 621
2 5 435 547 457
2 7 144 761 635
2 8 185 654 646
2 12 482 158 414
2 13 645 152 179
3 4 620 509 759
3 5 308 383 684
3 6 608 240 718
3 7 846 582 431
3 9 479 671 663
3 12 663 431 861
3 13 59 230 697
4 6 378 804 569
4 9 555 568 75
4 10 462 973 797
4 13 651 230 376
5 6 807 276 104
5 7 397 970 301
5 10 138 851 708
5 11 527 851 804
6 7 362 972 712
6 8 503 582 374
7 11 133 413 385
7 12 161 304 664
8 11 783 738 469
9 10 984 430 444
9 11 325 178 247
10 11 718 678 440
12 13 252 719 412
