14 3
0 2 504 309 932
0 4 951 551 665
0 6 552 828 243
0 9 883 988 603
0 11 743 735 602
0 12 529 858 664
0 13 795 284 256
1 3 200 575 54
1 4 69 634 704
1 5 81 769 671
1 6 788 110 995
1 8 221 532 814
1 10 408 969 974
1 13 469 903 541
2 3 913 95 267
2 7 426 56 225
2 9 333 701 66
2 10 244 197 642
2 12 311 212 563
3 5 886 307 609
3 7 799 918 483
3 8 373 761 400
3 9 718 184 256
3 10 966 471 282
3 13 508 398 79
4 5 524 659 991
4 7 315 575 360
4 8 717 241 574
4 9 134 159 981
4 11 600 594 863
4 12 860 424 718
5 6 738 813 547
5 10 411 487 177
5 11 359 820 855
5 12 771 561 401
5 13 145 256 541
6 8 330 390 655
6 9 355 347 915
6 12 825 973 530
7 8 798 83 574
7 12 749 741 912
8 10 544 57 821
9 11 427 444 238
9 12 964 98 104
9 13 204 343 179
