14 3
0 1 867 523 625
0 2 741 342 622
0 3 494 881 122
0 4 705 744 151
0 5 597 777 481
0 6 333 172 686
0 7 119 448 113
0 8 55 999 542
0 9 441 368 462
0 10 502 762 932
0 11 665 840 870
0 12 77 253 611
0 13 517 810 466
1 2 224 716 605
1 3 728 704 271
1 4 212 828 264
1 5 880 250 197
1 6 759 733 519
1 7 705 719 735
1 8 704 151 699
1 9 510 561 429
1 10 75 912 515
1 11 155 610 647
1 12 186 728 280
1 13 903 66 828
2 3 62 798 850
2 4 364 442 694
2 5 911 698 771
2 6 497 236 920
2 7 198 816 913
2 8 444 933 255
2 9 696 472 542
2 10 692 120 985
2 11 374 198 316
2 12 203 560 546
2 13 716 690 381
3 4 572 642 986
3 5 386 226 692
3 6 864 341 267
3 7 94 781 166
3 8 290 912 870
3 9 377 461 907
3 10 570 752 616
3 11 860 738 338
3 12 594 651 221
3 13 79 913 485
4 5 162 882 522
4 6 242 955 684
4 7 637 92 381
4 8 537 218 456
4 9 718 527 760
4 10 803 376 107
4 11 611 296 822
4 12 740 465 780
4 13 251 376 500
5 6 873 765 908
5 7 767 310 732
5 8 703 283 479
5 9 595 959 246
5 10 348 637 418
5 11 805 217 843
5 12 636 203 152
5 13 431 668 603
6 7 422 120 304
6 8 282 251 981
6 9 232 363 778
6 10 172 362 423
6 11 814 504 683
6 12 820 942 128
6 13 236 965 562
7 8 709 376 409
7 9 603 207 415
7 10 72 721 597
7 11 723 837 795
7 12 343 690 943
7 13 103 174 744
8 9 479 520 66
8 10 311 970 484
8 11 144 893 218
8 12 124 281 903
8 13 74 537 922
9 10 399 197 475
9 11 776 307 164
9 12 342 696 239
9 13 309 853 352
10 11 198 517 217
10 12 637 159 621
10 13 221 182 979
11 12 380 265 107
11 13 904 700 948
12 13 807 295 886
