14 3
0 1 71 74 478
0 2 672 251 844
0 4 239 976 471
0 5 830 938 321
0 6 118 565 412
0 7 641 194 194
0 8 199 212 89
0 9 997 267 295
0 10 212 230 455
0 11 507 739 878
0 13 224 609 962
1 2 753 103 514
1 4 881 124 77
1 6 903 522 448
1 9 216 832 599
1 10 291 389 257
1 12 440 953 75
1 13 222 435 492
2 5 254 729 457
2 6 433 527 349
2 7 727 92 198
2 8 457 236 904
2 11 801 522 712
2 12 684 691 663
2 13 277 848 227
3 4 404 721 470
3 5 457 766 424
3 6 470 79 286
3 7 859 561 132
3 8 542 214 852
3 9 739 772 208
3 10 286 553 508
3 12 854 397 899
3 13 495 627 935
4 5 731 544 873
4 6 613 791 759
4 7 376 380 283
4 8 117 744 148
4 9 421 241 529
4 12 579 174 910
4 13 292 556 315
5 6 317 338 329
5 8 606 561 132
5 9 854 161 122
5 10 354 754 372
5 11 236 636 926
5 12 320 181 579
5 13 442 656 627
6 9 600 335 257
6 11 314 788 95
6 12 387 775 693
6 13 293 186 332
7 8 689 880 714
7 9 118 919 873
7 10 166 264 93
7 12 286 955 583
7 13 707 688 166
8 9 430 821 54
8 11 919 292 183
10 11 281 366 195
10 13 413 200 975
11 12 780 281 966
11 13 436 920 430
12 13 300 900 828
