14 3
0 5 775 539 139
0 7 150 431 645
0 9 296 835 373
0 10 53 508 260
0 11 838 382 53
0 12 503 60 482
1 2 161 624 762
1 3 774 116 661
1 4 345 418 286
1 6 507 506 478
1 7 859 256 968
1 8 458 546 382
1 13 767 140 216
2 3 94 973 118
2 5 737 192 985
2 8 948 389 318
2 11 866 744 728
2 12 963 661 846
2 13 624 689 321
3 4 156 737 201
3 5 589 572 358
3 12 572 294 665
3 13 692 869 976
4 5 593 940 664
4 7 144 726 485
5 6 863 729 618
5 8 763 997 341
5 9 510 902 94
5 12 117 578 312
5 13 668 854 111
6 8 671 886 826
6 11 318 935 411
6 12 632 677 773
6 13 689 973 607
7 10 575 573 615
7 12 450 480 998
8 11 183 569 248
8 13 402 523 279
9 10 632 504 903
9 11 929 260 753
10 11 589 558 166
10 12 629 919 100
12 13 50 625 629
