14 3
0 1 251 878 144
0 2 917 569 99
0 3 769 270 837
0 4 837 624 264
0 6 524 597 668
0 7 858 327 425
0 8 404 244 387
0 11 997 303 787
0 12 921 118 497
0 13 384 236 911
1 2 528 139 123
1 3 89 425 198
1 5 638 394 99
1 8 704 543 85
1 10 764 816 452
1 11 922 790 161
1 12 678 978 823
1 13 450 596 140
2 3 788 644 173
2 4 464 604 159
2 7 224 167 725
2 8 676 426 981
2 9 564 50 354
2 10 689 370 539
2 11 477 870 814
2 12 811 667 939
2 13 267 945 446
3 4 190 587 628
3 5 371 272 324
3 6 977 829 206
3 7 440 608 787
3 8 537 356 322
3 9 832 609 574
3 10 835 784 647
3 11 747 526 829
3 12 880 637 376
3 13 576 789 989
4 5 232 160 563
4 6 629 414 819
4 9 792 51 849
4 10 611 325 315
4 11 406 269 341
4 12 103 69 316
4 13 221 434 691
5 6 338 265 945
5 7 318 283 921
5 8 352 832 147
5 9 92 572 255
5 10 54 842 829
5 11 75 236 987
5 12 230 336 126
5 13 154 522 545
6 7 496 416 828
6 10 459 754 284
6 11 340 888 250
6 12 682 669 193
6 13 485 868 739
7 8 387 272 680
7 11 819 734 57
7 12 316 169 73
7 13 125 849 289
8 9 181 717 674
8 10 723 373 192
8 11 574 993 538
8 12 793 583 998
8 13 282 933 885
9 10 770 708 798
9 12 781 496 168
9 13 531 811 729
10 11 889 857 145
10 12 564 272 217
10 13 61 170 770
11 12 508 715 920
12 13 665 61 283
