14 3
0 2 742 151 718
0 3 795 941 398
0 6 751 657 198
0 7 349 392 997
0 8 294 898 275
0 9 440 205 938
0 10 900 715 351
0 11 694 429 361
0 13 760 618 370
1 3 56 426 952
1 4 883 310 203
1 5 721 776 90
1 6 613 733 115
1 7 749 322 769
1 8 137 76 722
1 10 370 69 440
1 11 745 309 95
1 12 585 719 250
2 3 959 616 837
2 5 290 841 102
2 6 757 251 619
2 7 416 441 925
2 9 271 455 219
2 10 335 490 250
2 11 103 623 375
2 12 479 344 370
2 13 699 725 850
3 6 905 413 759
3 7 66 528 752
3 8 850 252 102
3 9 296 769 883
3 10 91 384 972
3 11 442 212 579
3 12 668 152 687
4 7 789 975 202
4 8 887 151 265
4 10 409 994 720
4 11 473 974 757
4 12 122 822 148
4 13 918 356 74
5 7 586 183 717
5 8 799 273 661
5 10 536 65 629
5 11 456 984 893
5 13 290 363 140
6 8 565 716 847
6 9 597 214 759
6 11 76 415 370
6 13 297 78 911
7 8 598 316 441
7 9 947 806 300
7 10 527 290 919
7 12 671 610 52
7 13 750 573 615
8 12 893 589 489
8 13 185 895 252
9 10 284 90 347
9 11 236 544 240
9 13 811 206 491
10 12 548 491 414
10 13 631 593 273
11 12 698 283 835
11 13 540 112 270
12 13 579 916 639
