14 3
0 1 477 849 64
0 2 523 902 171
0 3 776 414 329
0 4 651 826 596
0 5 434 753 893
0 6 383 364 839
0 7 234 538 627
0 8 406 387 934
0 9 925 789 521
0 10 240 364 249
0 11 710 198 875
0 12 497 708 169
0 13 251 82 862
1 2 646 999 557
1 3 808 867 854
1 4 408 787 545
1 5 583 883 109
1 6 843 837 347
1 7 791 167 60
1 8 443 786 216
1 9 826 525 346
1 10 125 256 228
1 11 372 473 581
1 12 810 277 764
1 13 311 976 786
2 3 266 933 206
2 4 444 629 811
2 5 997 217 265
2 6 779 139 596
2 7 804 179 512
2 8 244 418 529
2 9 351 274 317
2 10 221 417 384
2 11 500 329 809
2 12 359 600 287
2 13 710 487 401
3 4 110 138 575
3 5 547 708 597
3 6 324 786 404
3 7 400 975 682
3 8 158 54 303
3 9 534 978 143
3 10 57 304 548
3 11 151 174 236
3 12 133 330 679
3 13 164 327 286
4 5 341 960 337
4 6 922 669 801
4 7 190 226 528
4 8 420 194 374
4 9 341 767 975
4 10 388 476 179
4 11 880 482 720
4 12 729 698 895
4 13 672 792 762
5 6 319 353 815
5 7 56 981 564
5 8 285 832 112
5 9 321 983 815
5 10 697 990 183
5 11 971 481 910
5 12 315 433 291
5 13 955 484 404
6 7 676 957 130
6 8 946 515 216
6 9 353 722 935
6 10 300 924 128
6 11 272 198 660
6 12 434 539 279
6 13 977 431 290
7 8 771 822 788
7 9 288 895 513
7 10 586 791 420
7 11 348 74 289
7 12 789 538 199
7 13 158 678 489
8 9 342 832 984
8 10 950 405 431
8 11 99 806 443
8 12 882 342 198
8 13 840 476 465
9 10 836 241 60
9 11 270 997 793
9 12 711 488 828
9 13 366 882 113
10 11 419 598 732
10 12 319 279 615
10 13 540 496 928
11 12 755 875 923
11 13 219 617 497
12 13 895 834 788
