14 3
0 1 245 509 418
0 3 376 827 216
0 4 876 183 655
0 5 264 801 683
0 9 329 94 446
0 10 305 593 115
0 11 72 306 318
0 12 897 694 618
0 13 230 846 594
1 4 481 146 882
1 5 520 120 448
1 6 587 256 316
1 8 418 876 370
1 9 232 644 998
1 10 95 594 74
1 11 480 401 858
1 12 414 592 700
1 13 682 480 165
2 4 497 718 295
2 5 667 711 232
2 6 514 997 952
2 7 120 148 419
2 9 168 303 129
2 11 331 692 810
2 12 254 595 928
2 13 173 357 616
3 4 553 745 572
3 5 454 690 61
3 6 271 452 302
3 7 407 907 99
3 8 688 604 787
3 10 183 108 532
3 11 167 926 846
3 12 263 916 220
3 13 756 87 783
4 5 178 191 629
4 6 229 903 713
4 8 643 716 302
4 9 201 562 816
4 11 333 457 112
4 12 416 989 721
4 13 90 567 829
5 6 959 78 56
5 7 634 356 682
5 9 665 401 740
5 10 383 553 758
5 11 467 144 204
5 13 768 763 882
6 7 428 414 369
6 8 838 866 461
6 9 936 105 699
6 10 611 346 790
6 11 200 667 995
6 12 752 833 372
7 8 880 77 341
7 9 599 720 140
7 10 680 261 124
7 11 949 998 583
7 13 419 733 655
8 10 73 144 685
8 11 717 456 63
8 12 467 461 245
8 13 369 932 935
9 11 614 386 895
9 12 180 445 757
9 13 567 838 706
10 11 934 857 50
10 12 934 184 131
10 13 283 352 829
11 13 129 339 430
