14 3
0 1 448 648 614
0 2 68 746 559
0 3 280 711 63
0 4 76 924 596
0 5 374 744 368
0 6 952 140 686
0 7 369 163 614
0 8 768 231 572
0 9 410 451 139
0 10 435 457 280
0 11 864 175 58
0 12 339 321 220
0 13 77 471 156
1 2 709 941 101
1 3 579 254 402
1 4 558 791 579
1 5 334 771 579
1 6 295 240 83
1 7 92 850 732
1 8 614 563 601
1 9 476 940 437
1 10 120 463 889
1 11 524 210 460
1 12 589 238 690
1 13 734 180 852
2 3 286 573 759
2 4 629 818 559
2 5 691 611 746
2 6 157 504 453
2 7 866 764 947
2 8 578 531 347
2 9 900 534 159
2 10 116 456 141
2 11 879 344 499
2 12 860 899 81
2 13 611 886 233
3 4 55 888 959
3 5 763 62 619
3 6 906 201 57
3 7 376 486 352
3 8 599 765 109
3 9 413 67 966
3 10 922 282 925
3 11 504 401 187
3 12 89 803 56
3 13 917 77 189
4 5 711 895 507
4 6 961 289 674
4 7 666 632 894
4 8 856 662 115
4 9 971 478 378
4 10 297 851 637
4 11 382 224 225
4 12 496 272 707
4 13 272 312 240
5 6 134 999 130
5 7 938 118 912
5 8 447 887 599
5 9 863 548 627
5 10 282 953 136
5 11 97 371 456
5 12 599 454 730
5 13 925 997 640
6 7 559 255 559
6 8 625 907 565
6 9 438 802 88
6 10 539 934 586
6 11 194 567 161
6 12 536 994 149
6 13 394 568 520
7 8 326 102 894
7 9 405 853 515
7 10 407 809 301
7 11 851 646 131
7 12 336 607 647
7 13 247 336 337
8 9 887 915 783
8 10 152 119 228
8 11 651 69 353
8 12 785 781 272
8 13 476 169 930
9 10 891 779 682
9 11 444 839 51
9 12 172 939 656
9 13 818 531 770
10 11 579 651 137
10 12 658 197 225
10 13 149 204 613
11 12 378 824 229
11 13 666 602 550
12 13 484 856 352
