14 3
0 1 572 394 348
0 2 277 825 941
0 3 339 535 691
0 4 590 502 78
0 5 420 725 738
0 6 861 995 53
0 7 938 874 945
0 8 78 668 129
0 9 688 111 346
0 10 612 503 265
0 11 867 976 890
0 12 435 605 987
0 13 385 808 394
1 2 312 687 755
1 3 227 54 257
1 4 655 663 560
1 5 803 768 899
1 6 205 503 999
1 7 294 826 665
1 8 480 861 818
1 9 249 283 117
1 10 407 203 563
1 11 180 647 540
1 12 539 443 531
1 13 826 263 866
2 3 479 879 149
2 4 670 563 371
2 5 782 345 235
2 6 948 728 551
2 7 202 333 123
2 8 369 926 616
2 9 909 860 443
2 10 495 91 653
2 11 735 523 773
2 12 639 587 587
2 13 787 278 981
3 4 986 317 906
3 5 467 51 966
3 6 721 88 611
3 7 691 325 193
3 8 265 834 802
3 9 800 871 58
3 10 143 464 902
3 11 835 162 82
3 12 924 272 437
3 13 654 908 537
4 5 392 297 720
4 6 756 79 497
4 7 440 640 56
4 8 196 763 827
4 9 484 283 704
4 10 343 968 271
4 11 59 889 790
4 12 707 776 611
4 13 330 691 632
5 6 433 152 987
5 7 250 217 235
5 8 273 742 753
5 9 500 424 885
5 10 699 603 637
5 11 269 805 368
5 12 960 585 955
5 13 114 586 162
6 7 396 74 514
6 8 821 297 272
6 9 372 116 314
6 10 310 746 761
6 11 991 703 594
6 12 791 522 903
6 13 200 788 892
7 8 379 538 355
7 9 683 465 106
7 10 720 785 459
7 11 77 341 120
7 12 684 705 506
7 13 649 600 988
8 9 345 448 547
8 10 481 567 123
8 11 887 451 285
8 12 673 863 905
8 13 919 970 749
9 10 427 65 888
9 11 130 428 626
9 12 114 350 304
9 13 563 964 439
10 11 829 257 423
10 12 244 533 756
10 13 578 242 710
11 12 571 831 214
11 13 418 809 186
12 13 853 105 65
