14 3
0 1 674 266 929
0 2 960 90 110
0 3 226 374 876
0 4 853 853 992
0 5 780 510 532
0 6 67 364 133
0 7 926 705 137
0 8 254 660 654
0 9 819 199 670
0 10 446 865 521
0 11 945 459 51
0 12 125 504 321
0 13 503 92 119
1 2 867 271 89
1 3 453 985 309
1 4 961 292 461
1 5 894 792 444
1 6 142 264 858
1 7 798 979 299
1 8 658 642 636
1 9 458 173 59
1 10 446 58 307
1 11 875 592 806
1 12 423 465 454
1 13 919 56 696
2 3 146 536 879
2 4 712 874 933
2 5 788 224 204
2 6 931 782 769
2 7 284 609 91
2 8 305 459 558
2 9 500 845 998
2 10 224 846 379
2 11 209 69 392
2 12 682 227 62
2 13 393 801 721
3 4 61 416 503
3 5 232 189 686
3 6 808 629 793
3 7 470 615 338
3 8 225 845 430
3 9 50 265 219
3 10 926 251 992
3 11 318 347 257
3 12 284 257 170
3 13 208 508 116
4 5 750 615 765
4 6 772 656 140
4 7 135 463 537
4 8 133 670 459
4 9 819 129 779
4 10 901 188 963
4 11 53 256 481
4 12 688 447 498
4 13 657 779 170
5 6 610 766 656
5 7 702 448 836
5 8 347 231 590
5 9 631 780 231
5 10 963 848 987
5 11 239 283 681
5 12 691 310 92
5 13 940 153 813
6 7 837 210 633
6 8 787 410 658
6 9 436 915 846
6 10 375 142 115
6 11 695 193 54
6 12 152 814 507
6 13 909 92 311
7 8 982 912 634
7 9 802 985 536
7 10 261 105 391
7 11 999 101 916
7 12 507 763 805
7 13 620 592 992
8 9 558 648 605
8 10 776 937 677
8 11 384 623 622
8 12 226 916 321
8 13 461 489 603
9 10 77 798 109
9 11 63 643 383
9 12 883 877 491
9 13 853 571 295
10 11 878 73 778
10 12 885 602 261
10 13 813 761 335
11 12 726 315 582
11 13 772 462 88
12 13 569 955 523
