14 3
0 1 926 892 879
0 2 708 820 192
0 3 171 295 988
0 4 88 64 272
0 5 799 925 106
0 6 825 463 895
0 7 761 663 209
0 8 929 526 478
0 9 601 324 376
0 10 354 838 80
0 11 677 294 784
0 12 939 934 322
0 13 861 74 395
1 2 375 734 507
1 3 101 285 97
1 4 415 649 439
1 5 309 660 369
1 6 374 228 529
1 7 101 730 270
1 8 741 766 285
1 9 268 987 882
1 10 315 479 916
1 11 431 178 168
1 12 739 64 459
1 13 124 679 84
2 3 349 451 415
2 4 780 531 714
2 5 441 588 692
2 6 535 336 689
2 7 534 729 106
2 8 771 935 424
2 9 638 576 378
2 10 445 947 801
2 11 276 589 528
2 12 237 246 160
2 13 456 146 461
3 4 641 747 163
3 5 878 716 525
3 6 589 588 188
3 7 614 129 451
3 8 849 756 834
3 9 493 423 158
3 10 894 520 302
3 11 340 495 976
3 12 561 820 597
3 13 125 271 112
4 5 396 572 876
4 6 188 351 600
4 7 980 738 586
4 8 467 731 100
4 9 343 53 241
4 10 496 917 826
4 11 321 624 283
4 12 251 221 332
4 13 562 843 570
5 6 531 226 135
5 7 626 827 547
5 8 75 71 644
5 9 314 810 426
5 10 270 359 762
5 11 385 125 806
5 12 302 955 234
5 13 937 790 618
6 7 316 253 368
6 8 65 486 546
6 9 226 87 208
6 10 890 537 486
6 11 367 594 158
6 12 747 422 780
6 13 112 177 588
7 8 485 93 436
7 9 478 265 809
7 10 907 630 401
7 11 887 113 569
7 12 334 833 518
7 13 692 258 560
8 9 203 347 798
8 10 869 707 557
8 11 500 199 938
8 12 863 957 251
8 13 420 136 118
9 10 622 563 224
9 11 537 483 391
9 12 813 750 973
9 13 531 151 427
10 11 624 520 655
10 12 658 981 753
10 13 886 333 971
11 12 914 456 498
11 13 54 462 493
12 13 898 490 410
