14 3
0 1 968 659 314
0 2 941 420 583
0 3 851 124 264
0 4 982 136 363
0 5 736 80 504
0 6 432 502 343
0 7 422 193 150
0 8 842 388 739
0 9 689 87 868
0 10 82 381 81
0 11 967 186 414
0 12 416 943 310
0 13 552 192 311
1 2 927 57 930
1 3 465 188 840
1 4 141 237 270
1 5 883 249 905
1 6 990 188 674
1 7 323 268 808
1 8 226 93 879
1 9 733 478 531
1 10 170 846 759
1 11 366 856 803
1 12 667 518 335
1 13 976 973 572
2 3 861 451 619
2 4 544 723 439
2 5 298 789 439
2 6 763 411 240
2 7 309 184 735
2 8 428 856 743
2 9 428 321 894
2 10 536 976 653
2 11 203 957 747
2 12 855 533 122
2 13 545 121 685
3 4 316 570 320
3 5 73 617 286
3 6 367 654 779
3 7 401 502 775
3 8 824 531 65
3 9 73 205 206
3 10 625 599 460
3 11 953 311 230
3 12 537 272 501
3 13 158 245 686
4 5 417 423 303
4 6 658 195 204
4 7 877 954 701
4 8 386 119 647
4 9 51 63 985
4 10 834 402 648
4 11 447 693 628
4 12 595 188 146
4 13 555 283 697
5 6 743 409 854
5 7 949 850 596
5 8 261 246 720
5 9 804 58 104
5 10 872 839 421
5 11 93 794 915
5 12 517 77 399
5 13 249 519 207
6 7 231 949 100
6 8 718 820 840
6 9 389 191 481
6 10 485 312 399
6 11 386 626 630
6 12 665 304 794
6 13 60 253 920
7 8 488 842 116
7 9 820 371 952
7 10 674 659 943
7 11 529 188 706
7 12 923 599 436
7 13 441 559 626
8 9 874 871 818
8 10 555 878 675
8 11 686 618 264
8 12 147 883 557
8 13 637 610 684
9 10 378 562 815
9 11 247 975 949
9 12 785 565 781
9 13 970 614 436
10 11 270 720 480
10 12 499 142 160
10 13 274 734 652
11 12 214 519 387
11 13 706 114 342
12 13 586 770 127
