14 3
0 1 232 310 744
0 2 140 529 846
0 3 295 398 803
0 4 52 589 79
0 5 84 643 145
0 6 371 702 163
0 7 506 415 815
0 8 573 144 157
0 9 313 971 597
0 10 169 650 482
0 11 631 324 215
0 12 395 564 688
0 13 866 235 183
1 2 712 680 628
1 3 893 165 664
1 4 764 793 479
1 5 111 257 499
1 6 189 177 496
1 7 879 665 267
1 8 446 204 933
1 9 413 936 468
1 10 528 290 498
1 11 251 60 116
1 12 631 430 393
1 13 964 301 715
2 3 256 921 876
2 4 579 584 266
2 5 176 984 333
2 6 901 672 573
2 7 644 69 729
2 8 676 655 630
2 9 663 297 198
2 10 105 566 101
2 11 396 773 283
2 12 435 226 736
2 13 117 801 423
3 4 292 352 962
3 5 994 176 124
3 6 661 205 483
3 7 431 667 293
3 8 832 711 59
3 9 881 357 924
3 10 597 832 399
3 11 901 174 153
3 12 938 457 693
3 13 320 913 573
4 5 554 991 896
4 6 220 398 291
4 7 542 784 596
4 8 960 492 690
4 9 271 745 368
4 10 819 625 386
4 11 411 584 942
4 12 949 399 367
4 13 251 395 94
5 6 612 102 784
5 7 965 101 445
5 8 419 256 746
5 9 983 721 456
5 10 217 118 685
5 11 237 889 696
5 12 253 862 376
5 13 906 584 762
6 7 193 309 236
6 8 289 484 461
6 9 845 994 602
6 10 770 145 857
6 11 412 246 871
6 12 679 459 915
6 13 827 906 279
7 8 475 310 58
7 9 367 434 268
7 10 593 570 478
7 11 353 501 54
7 12 714 205 869
7 13 616 194 795
8 9 450 699 990
8 10 840 640 945
8 11 620 171 895
8 12 916 492 329
8 13 834 495 999
9 10 991 699 281
9 11 113 330 620
9 12 912 389 560
9 13 601 93 794
10 11 150 216 212
10 12 469 123 965
10 13 931 727 183
11 12 458 109 104
11 13 614 721 691
12 13 885 787 630
