14 3
0 4 250 221 624
0 5 377 413 441
0 8 346 329 911
0 13 790 507 381
1 2 342 224 905
1 3 87 273 291
1 4 631 507 626
1 6 828 401 985
1 7 959 591 737
1 8 419 772 583
1 9 125 95 612
1 10 812 892 450
1 11 824 622 621
1 12 489 695 394
1 13 396 78 745
2 3 298 880 70
2 4 239 247 278
2 5 177 205 511
2 7 891 188 723
2 8 620 987 528
2 9 190 921 494
2 10 892 646 894
2 11 971 187 71
3 4 853 441 813
3 5 139 931 954
3 6 78 988 902
3 7 807 686 905
3 9 746 552 671
3 11 97 178 282
3 13 642 923 532
4 5 365 219 614
4 7 755 90 527
4 8 387 257 808
4 9 553 964 324
4 10 870 117 645
4 11 733 582 630
4 12 208 210 595
4 13 212 944 572
5 6 899 901 795
5 8 145 76 736
5 10 305 509 687
5 11 520 705 325
5 12 945 193 68
5 13 222 494 608
6 7 984 629 233
6 8 440 524 247
6 9 548 893 659
6 10 404 504 615
6 12 583 241 859
7 8 406 485 563
7 9 72 920 439
7 10 474 87 332
7 11 236 445 393
7 12 560 533 459
7 13 53 120 201
8 9 796 560 594
8 10 302 189 452
8 11 749 118 978
8 13 862 508 507
9 10 129 216 505
9 11 197 879 999
9 12 428 785 846
9 13 54 748 720
10 11 688 559 53
10 12 345 425 538
10 13 181 706 191
11 13 772 464 265
