14 3
0 1 521 109 315
0 3 406 548 134
0 4 108 538 451
0 5 158 904 69
0 7 137 50 736
0 9 892 205 839
1 3 822 158 882
1 4 604 920 280
1 8 400 468 992
1 10 407 959 56
1 11 956 898 398
1 13 600 965 338
2 3 999 376 925
2 5 80 257 304
2 6 622 478 612
2 7 927 840 974
2 10 63 133 202
2 12 895 466 450
3 5 87 891 576
3 6 469 839 345
3 11 511 196 163
3 13 171 585 500
4 5 853 183 815
4 7 427 536 501
4 10 905 339 463
4 11 103 851 422
4 13 610 313 961
5 6 999 265 583
5 8 892 710 315
5 9 592 310 709
5 11 688 752 659
5 12 138 708 493
6 8 934 465 583
6 9 701 864 737
7 9 889 397 616
7 12 152 624 58
8 13 123 399 859
9 10 922 540 826
9 11 481 851 264
10 12 953 488 939
11 12 706 854 242
12 13 699 202 558
