14 3
0 1 290 126 84
0 2 345 96 237
0 3 784 551 241
0 4 163 382 881
0 5 449 962 391
0 6 771 852 901
0 7 446 537 618
0 8 106 586 211
0 9 322 899 975
0 11 864 218 349
0 12 569 306 147
0 13 939 554 331
1 2 358 544 422
1 3 405 607 599
1 5 252 270 212
1 7 762 619 699
1 10 888 979 364
1 11 788 716 682
1 12 860 222 994
1 13 767 855 656
2 3 849 645 546
2 5 485 613 664
2 6 562 530 421
2 9 358 216 175
2 11 946 148 471
2 12 171 102 489
2 13 681 255 534
3 4 50 819 772
3 6 864 218 774
3 7 530 474 521
3 8 365 281 773
3 10 449 567 294
3 12 543 431 758
4 5 520 104 172
4 6 477 806 597
4 7 429 831 180
4 8 509 781 332
4 9 525 591 327
4 10 525 979 750
4 11 830 814 910
4 12 846 820 571
4 13 945 696 316
5 6 520 102 592
5 7 336 735 820
5 11 525 480 861
5 12 788 287 868
5 13 839 553 115
6 7 90 686 434
6 8 589 768 268
6 9 165 352 980
6 10 972 679 881
6 11 111 446 248
7 8 706 248 233
7 9 360 487 522
7 10 768 892 837
7 11 757 980 935
8 10 672 359 704
8 13 572 338 77
9 12 965 607 632
9 13 576 604 512
10 11 782 340 535
10 12 105 580 213
10 13 397 171 711
11 12 70 451 148
11 13 713 344 804
12 13 104 610 734
