14 3
0 1 630 353 100
0 2 143 442 476
0 3 900 251 936
0 4 557 330 368
0 5 240 349 755
0 8 726 994 478
0 9 490 518 981
0 11 232 752 427
0 13 514 978 946
1 2 103 75 54
1 5 867 576 606
1 6 584 363 376
1 10 273 423 684
1 11 627 539 661
2 3 748 709 270
2 4 55 545 739
2 7 752 243 431
2 8 734 120 551
2 9 644 722 425
2 10 689 578 59
2 12 729 606 562
2 13 767 187 125
3 5 710 695 525
3 7 501 702 99
3 8 894 122 858
3 10 203 995 446
3 11 174 199 691
3 12 718 968 708
4 6 160 64 336
4 12 419 595 148
5 6 548 685 474
5 7 746 757 63
5 10 280 724 145
5 12 978 974 77
6 7 694 473 766
6 9 406 833 712
6 13 726 444 425
7 10 133 192 437
7 12 862 50 352
8 9 815 928 786
8 10 685 536 356
8 12 364 236 104
9 12 940 299 143
9 13 173 327 866
10 12 805 895 819
11 12 167 65 463
11 13 218 265 854
