14 4
0 4 330 999 260 441
0 7 965 725 998 714
1 2 898 668 413 814
1 6 306 705 312 503
2 3 234 839 803 694
2 7 783 545 423 616
2 9 537 770 183 593
2 12 430 663 953 957
2 13 267 327 846 840
3 4 379 584 748 200
3 8 189 611 76 482
3 12 108 936 669 713
3 13 158 947 664 297
4 6 786 256 591 510
4 8 809 889 685 780
4 10 292 708 645 186
5 12 942 716 799 920
6 7 708 684 366 985
6 12 712 884 535 646
7 8 810 911 224 677
7 9 194 386 755 164
7 13 667 484 556 704
8 13 685 835 318 182
9 10 331 954 429 868
10 11 180 196 807 516
10 12 428 282 761 555
12 13 264 299 751 675
