14 4
0 1 441 251 493 948
0 2 815 793 664 538
0 6 821 838 87 657
0 7 454 154 338 845
0 11 498 149 558 800
0 13 473 746 720 411
1 4 481 643 366 935
1 5 570 80 610 206
1 7 427 240 586 377
1 8 463 496 286 330
1 11 416 289 987 892
1 12 826 679 885 481
2 3 656 697 713 390
2 4 782 682 657 457
2 6 595 147 516 211
2 7 633 786 220 420
2 10 761 903 105 355
2 11 552 302 484 126
2 13 835 726 438 317
3 4 194 313 154 274
3 5 283 373 294 607
3 6 739 533 938 434
3 7 617 292 449 412
3 12 131 319 459 962
3 13 349 462 442 696
4 7 449 370 242 693
4 8 832 707 334 230
4 11 210 407 982 85
4 13 136 987 226 810
5 6 807 831 656 201
5 11 715 613 679 631
6 7 443 241 634 212
6 9 846 670 258 496
6 12 648 845 972 114
7 8 158 383 139 500
7 9 211 680 562 146
7 12 781 180 492 392
8 9 192 468 977 435
8 11 700 371 286 683
8 12 386 660 462 405
8 13 283 822 316 97
9 11 963 94 702 548
9 12 641 574 247 810
10 11 943 664 761 579
10 12 172 481 130 912
11 12 704 686 999 497
12 13 407 922 369 998
