14 4
0 1 350 539 770 992
0 2 334 614 490 286
0 3 749 485 321 178
0 4 879 666 294 158
0 5 234 336 855 156
0 6 541 104 161 710
0 7 239 673 64 427
0 8 301 783 93 724
0 9 469 860 478 185
0 10 984 136 418 389
0 11 659 213 680 310
0 12 439 854 899 935
0 13 71 973 710 998
1 2 325 600 223 145
1 3 825 450 775 142
1 4 265 479 853 578
1 5 693 478 134 867
1 6 934 711 70 227
1 7 698 580 100 566
1 8 600 198 60 423
1 9 964 130 322 240
1 10 253 280 505 62
1 11 389 736 448 639
1 12 868 975 764 117
1 13 931 184 807 770
2 3 438 132 751 655
2 4 151 531 353 507
2 5 517 514 998 445
2 6 699 582 72 305
2 7 345 441 136 432
2 8 882 99 578 428
2 9 147 651 215 772
2 10 995 171 495 923
2 11 660 789 984 315
2 12 569 60 562 981
2 13 926 495 576 321
3 4 504 318 818 284
3 5 974 183 825 893
3 6 532 704 390 943
3 7 545 155 989 338
3 8 240 515 398 722
3 9 552 783 921 356
3 10 718 800 979 561
3 11 328 147 679 541
3 12 683 837 885 672
3 13 670 635 207 862
4 5 744 203 633 345
4 6 634 569 537 886
4 7 704 986 629 883
4 8 980 473 777 774
4 9 661 184 887 504
4 10 229 522 473 843
4 11 229 422 341 493
4 12 799 892 717 416
4 13 309 945 511 266
5 6 958 580 299 875
5 7 985 957 654 883
5 8 982 332 166 360
5 9 896 633 331 144
5 10 607 735 397 920
5 11 693 905 187 178
5 12 357 817 325 652
5 13 931 788 62 63
6 7 844 956 299 172
6 8 591 634 262 135
6 9 141 750 443 178
6 10 140 993 142 182
6 11 788 197 959 815
6 12 577 435 342 225
6 13 782 337 906 318
7 8 917 532 677 561
7 9 421 304 546 999
7 10 70 340 88 58
7 11 939 607 452 545
7 12 985 548 76 764
7 13 991 846 316 628
8 9 315 316 199 689
8 10 437 813 395 931
8 11 590 274 784 778
8 12 219 89 266 347
8 13 966 87 414 460
9 10 613 285 160 512
9 11 66 185 582 179
9 12 931 620 574 258
9 13 168 368 903 871
10 11 705 151 602 125
10 12 945 258 509 673
10 13 713 952 132 895
11 12 79 364 387 399
11 13 765 831 416 574
12 13 489 560 912 94
