14 4
0 3 559 177 880 801
0 4 278 609 598 649
0 5 546 508 237 409
0 7 294 409 869 95
0 8 232 732 902 231
0 9 121 522 116 516
0 10 616 301 105 559
0 13 76 52 391 936
1 2 644 674 732 116
1 6 344 291 560 917
1 9 88 84 821 229
1 10 670 932 546 295
1 11 166 348 667 365
2 5 905 549 217 984
2 6 586 823 509 227
2 8 792 701 62 601
2 9 802 180 817 500
2 13 239 368 820 968
3 7 746 264 254 882
3 8 786 846 724 396
3 11 923 682 902 996
3 12 928 998 494 528
3 13 134 378 945 330
4 5 870 952 537 359
4 6 55 111 253 840
4 10 719 952 774 389
4 13 330 395 887 847
5 7 904 877 672 691
5 9 262 78 556 663
5 10 823 690 635 648
5 12 368 365 728 346
6 9 835 679 937 180
6 10 358 788 744 839
6 11 611 753 75 921
6 12 250 681 555 544
7 9 508 662 954 866
7 12 379 577 299 340
8 9 992 125 792 168
8 10 365 585 161 192
8 11 451 886 108 203
8 13 760 342 142 435
9 10 712 550 97 364
9 11 356 257 951 813
10 11 619 537 363 126
10 13 188 759 786 512
11 12 288 658 519 452
11 13 761 278 649 767
12 13 852 476 138 542
