14 4
0 1 645 965 241 252
0 2 360 124 492 264
0 3 108 676 431 548
0 4 106 475 739 205
0 5 386 367 322 379
0 6 671 877 672 244
0 7 498 567 358 288
0 8 761 504 326 335
0 9 811 125 962 724
0 10 136 113 543 603
0 11 733 297 108 229
0 12 369 612 173 250
0 13 267 982 193 286
1 2 950 424 884 701
1 3 283 353 422 366
1 4 325 508 106 59
1 5 315 783 496 58
1 6 571 804 711 624
1 7 569 143 61 327
1 8 658 907 907 472
1 9 823 599 984 967
1 10 313 773 389 739
1 11 846 833 117 821
1 12 917 308 183 957
1 13 890 849 580 483
2 3 745 848 593 123
2 4 176 753 535 599
2 5 375 860 231 210
2 6 493 800 822 289
2 7 950 925 932 539
2 8 486 920 993 456
2 9 808 836 540 742
2 10 687 116 390 919
2 11 66 940 83 206
2 12 584 632 167 597
2 13 659 897 176 393
3 4 77 612 154 361
3 5 846 257 917 569
3 6 555 233 67 226
3 7 858 125 377 951
3 8 152 767 196 646
3 9 647 549 192 933
3 10 930 65 261 573
3 11 568 947 967 214
3 12 66 178 830 170
3 13 728 725 974 318
4 5 308 546 732 694
4 6 149 142 704 556
4 7 937 670 802 112
4 8 541 524 551 540
4 9 525 813 728 877
4 10 769 994 520 227
4 11 265 900 495 167
4 12 105 369 766 918
4 13 213 476 442 154
5 6 662 767 363 952
5 7 93 910 194 606
5 8 535 431 972 616
5 9 596 313 966 774
5 10 683 748 501 834
5 11 590 389 883 395
5 12 780 739 117 173
5 13 155 870 485 566
6 7 662 263 99 443
6 8 911 165 548 252
6 9 653 824 307 847
6 10 183 493 295 918
6 11 530 539 393 638
6 12 350 760 412 504
6 13 691 175 230 287
7 8 408 704 512 756
7 9 909 71 211 738
7 10 573 431 712 175
7 11 549 67 324 157
7 12 163 568 143 553
7 13 159 74 738 327
8 9 772 884 268 568
8 10 966 465 619 130
8 11 322 112 827 316
8 12 857 146 913 450
8 13 866 353 762 300
9 10 890 977 474 442
9 11 212 640 190 330
9 12 535 183 578 735
9 13 503 656 185 320
10 11 737 977 272 411
10 12 830 267 385 894
10 13 647 399 801 523
11 12 678 425 334 952
11 13 97 259 501 446
12 13 713 598 767 325
