14 4
0 1 811 277 469 701
0 2 117 900 812 92
0 3 435 355 794 322
0 4 631 962 143 802
0 5 168 644 558 539
0 6 920 927 334 810
0 7 640 272 686 235
0 8 351 286 543 56
0 9 303 336 253 819
0 10 524 910 90 871
0 11 743 491 808 791
0 12 784 503 305 202
0 13 836 80 492 278
1 2 305 553 827 173
1 3 867 920 534 767
1 4 750 379 365 120
1 5 914 998 783 245
1 6 327 625 920 683
1 7 373 770 982 284
1 8 513 485 500 339
1 9 699 335 252 884
1 10 552 253 355 626
1 11 131 838 870 713
1 12 255 615 241 177
1 13 686 88 556 639
2 3 599 375 437 142
2 4 189 141 861 845
2 5 694 672 248 351
2 6 372 118 789 258
2 7 598 873 304 576
2 8 896 364 623 489
2 9 381 462 752 445
2 10 691 329 146 370
2 11 660 182 862 91
2 12 887 883 212 821
2 13 190 663 89 513
3 4 836 158 471 255
3 5 972 796 94 627
3 6 513 114 364 126
3 7 153 209 594 238
3 8 491 988 343 220
3 9 615 903 305 692
3 10 571 704 223 326
3 11 378 460 227 987
3 12 674 325 999 514
3 13 502 331 303 761
4 5 876 352 261 518
4 6 836 581 635 554
4 7 461 156 779 822
4 8 203 674 305 425
4 9 441 390 974 775
4 10 651 789 402 970
4 11 236 901 142 97
4 12 191 778 941 476
4 13 734 929 528 591
5 6 884 273 890 492
5 7 590 97 629 401
5 8 593 70 983 131
5 9 384 882 171 542
5 10 610 979 931 785
5 11 485 730 488 74
5 12 917 733 445 954
5 13 967 680 492 661
6 7 235 83 901 511
6 8 598 642 160 337
6 9 285 529 859 654
6 10 167 158 455 635
6 11 209 832 543 748
6 12 213 220 125 732
6 13 85 736 745 223
7 8 515 534 386 473
7 9 468 775 279 162
7 10 401 369 327 760
7 11 110 780 324 552
7 12 151 635 536 892
7 13 483 265 53 975
8 9 771 687 86 826
8 10 125 694 77 383
8 11 800 192 663 816
8 12 813 755 488 753
8 13 919 872 284 535
9 10 346 188 711 905
9 11 892 607 255 911
9 12 783 558 619 514
9 13 933 597 505 808
10 11 144 214 900 733
10 12 544 653 913 893
10 13 829 676 599 611
11 12 948 939 199 568
11 13 283 360 780 606
12 13 628 882 646 990
