14 4
0 1 432 89 531 193
0 2 805 276 937 311
0 3 634 607 850 432
0 4 360 133 346 413
0 5 611 997 80 458
0 6 656 987 227 287
0 7 246 840 906 578
0 8 75 595 351 345
0 9 96 958 466 737
0 10 420 714 612 577
0 11 806 975 306 558
0 12 76 340 794 265
0 13 409 477 614 860
1 2 122 517 629 421
1 3 838 66 361 816
1 4 90 426 518 524
1 5 302 309 377 619
1 6 626 294 680 106
1 7 746 467 179 450
1 8 986 520 684 479
1 9 979 846 567 796
1 10 945 58 955 752
1 11 581 776 992 688
1 12 806 805 859 721
1 13 293 721 484 667
2 3 889 519 248 644
2 4 610 90 473 152
2 5 688 614 244 656
2 6 909 986 994 722
2 7 834 796 144 516
2 8 862 934 460 100
2 9 146 406 935 683
2 10 496 426 87 745
2 11 346 875 668 69
2 12 235 751 683 930
2 13 229 283 853 717
3 4 249 327 397 722
3 5 422 146 213 132
3 6 436 990 178 603
3 7 258 602 239 183
3 8 198 900 248 258
3 9 189 424 601 690
3 10 183 246 76 61
3 11 942 330 595 282
3 12 413 692 344 83
3 13 839 996 408 986
4 5 209 393 333 59
4 6 57 142 361 406
4 7 534 829 505 622
4 8 403 768 986 999
4 9 783 792 634 599
4 10 956 794 218 841
4 11 489 140 362 456
4 12 614 852 195 874
4 13 446 600 923 324
5 6 840 940 159 53
5 7 252 316 939 334
5 8 110 319 771 456
5 9 312 107 301 231
5 10 706 189 282 333
5 11 937 509 842 596
5 12 822 523 320 671
5 13 954 503 883 299
6 7 656 975 457 466
6 8 996 738 814 914
6 9 388 914 667 665
6 10 755 512 303 927
6 11 973 221 212 803
6 12 90 963 925 459
6 13 256 926 627 805
7 8 752 290 775 919
7 9 445 835 202 460
7 10 153 102 662 566
7 11 388 756 868 293
7 12 770 797 940 716
7 13 912 786 174 191
8 9 506 451 903 690
8 10 675 348 956 344
8 11 740 364 645 623
8 12 270 374 211 587
8 13 586 646 451 435
9 10 502 209 397 616
9 11 838 308 430 604
9 12 714 745 730 980
9 13 321 252 248 216
10 11 412 258 938 546
10 12 87 840 826 454
10 13 556 950 540 952
11 12 80 782 612 849
11 13 951 980 840 856
12 13 864 568 978 941
