14 4
0 1 510 105 232 217
0 2 65 647 568 256
0 3 611 547 944 987
0 4 351 590 958 990
0 5 759 227 438 930
0 6 938 747 91 954
0 9 216 824 626 895
0 10 837 817 324 196
0 11 780 892 492 948
0 13 316 755 140 724
1 2 649 78 862 989
1 4 219 256 148 844
1 5 583 600 361 964
1 6 140 966 794 426
1 7 273 765 783 775
1 10 941 207 108 631
1 11 671 981 985 621
1 13 459 711 953 859
2 4 668 813 902 625
2 5 381 423 367 821
2 6 866 500 833 806
2 7 779 271 919 467
2 8 628 866 324 645
2 12 698 223 857 979
2 13 765 257 582 918
3 4 136 797 124 63
3 6 227 876 545 962
3 7 909 465 73 272
3 9 77 237 788 124
3 13 273 581 426 749
4 5 691 568 853 215
4 6 966 842 659 964
4 8 474 179 972 478
4 10 964 392 294 527
5 7 507 300 646 241
5 9 275 919 624 553
6 7 858 692 397 865
6 9 342 461 840 343
6 10 122 363 564 477
6 11 859 188 984 842
7 8 563 623 432 826
7 9 299 500 841 441
7 12 180 544 727 732
7 13 124 239 405 466
8 9 250 723 243 807
9 10 320 295 277 83
10 12 857 736 243 223
