14 4
0 1 755 461 122 188
0 2 603 256 795 431
0 3 781 795 253 87
0 4 299 351 536 691
0 5 131 643 531 340
0 6 474 861 497 83
0 7 240 521 649 873
0 8 887 959 88 443
0 9 482 139 510 531
0 10 501 844 748 701
0 11 74 567 405 328
0 12 99 117 659 920
0 13 273 903 454 251
1 2 223 591 893 142
1 3 377 453 353 120
1 4 163 781 498 263
1 5 722 454 541 986
1 6 78 747 658 673
1 7 701 343 332 913
1 8 630 540 807 139
1 9 597 257 951 385
1 10 242 334 960 374
1 11 128 870 562 75
1 12 581 240 568 335
1 13 924 458 109 513
2 3 697 795 978 622
2 4 964 442 648 51
2 5 629 737 176 844
2 6 738 440 959 552
2 7 626 157 423 356
2 8 462 406 239 292
2 9 393 849 840 789
2 10 542 208 52 874
2 11 101 234 722 237
2 12 774 812 60 807
2 13 748 440 905 991
3 4 415 293 245 375
3 5 720 863 827 511
3 6 511 421 65 403
3 7 323 603 809 916
3 8 683 747 552 151
3 9 517 155 425 480
3 10 800 768 226 783
3 11 860 983 278 758
3 12 680 889 324 281
3 13 565 463 594 865
4 5 875 240 597 329
4 6 370 916 97 989
4 7 925 239 815 828
4 8 265 105 331 780
4 9 544 126 76 238
4 10 921 484 541 942
4 11 573 104 763 529
4 12 653 790 551 284
4 13 139 903 205 694
5 6 329 799 821 162
5 7 646 327 306 708
5 8 259 455 73 188
5 9 595 609 398 820
5 10 844 980 458 948
5 11 180 536 82 941
5 12 427 748 528 81
5 13 831 702 579 385
6 7 124 408 389 914
6 8 579 842 375 280
6 9 159 336 411 511
6 10 325 203 871 883
6 11 141 505 539 882
6 12 768 628 871 50
6 13 696 903 344 221
7 8 131 351 56 840
7 9 440 404 658 609
7 10 313 668 246 206
7 11 661 453 436 333
7 12 324 575 928 172
7 13 219 128 678 230
8 9 293 739 740 582
8 10 404 836 404 473
8 11 969 391 633 609
8 12 737 235 649 974
8 13 228 513 653 747
9 10 853 241 421 551
9 11 948 122 72 334
9 12 659 478 686 810
9 13 700 454 693 348
10 11 173 934 736 183
10 12 222 576 868 314
10 13 270 98 830 666
11 12 754 342 918 304
11 13 240 816 409 196
12 13 817 552 687 611
