14 4
0 2 849 722 483 400
0 4 532 106 476 887
0 8 139 177 893 405
0 13 237 883 602 853
1 6 149 934 550 789
1 7 960 306 664 301
1 8 695 398 900 176
1 11 261 849 654 97
2 3 242 855 332 778
2 4 280 576 75 98
2 9 949 331 217 767
2 10 729 997 347 69
2 12 166 388 808 266
2 13 292 451 227 447
3 4 810 830 103 68
3 5 482 268 558 167
3 7 218 491 280 996
3 11 942 203 934 111
3 12 835 588 53 114
4 5 217 871 246 253
4 7 618 231 811 482
5 6 81 330 877 368
5 8 499 365 425 546
5 10 190 978 305 375
5 13 436 267 882 912
6 7 241 225 891 316
6 8 446 907 904 305
6 9 415 588 669 869
7 8 186 706 734 907
7 12 994 523 591 182
8 12 889 951 189 801
8 13 617 330 650 292
9 10 80 665 931 382
10 11 533 289 615 143
10 12 370 904 293 290
10 13 264 803 136 157
11 13 477 251 419 905
12 13 201 472 316 626
