14 4
0 1 892 245 316 992
0 2 402 732 508 398
0 3 657 760 420 872
0 4 98 166 522 596
0 6 439 660 834 327
0 7 852 801 965 868
0 10 388 286 422 74
0 11 756 542 767 292
0 12 607 405 314 944
0 13 686 887 604 511
1 2 611 483 927 413
1 3 117 779 102 123
1 5 415 880 313 441
1 6 884 183 310 437
1 7 568 670 102 638
1 8 257 502 526 598
1 9 656 729 388 474
1 12 723 543 583 753
1 13 88 335 413 354
2 3 165 335 130 524
2 5 900 911 465 176
2 6 160 337 649 908
2 7 433 524 411 617
2 8 657 718 81 362
2 9 512 408 354 529
2 10 716 453 214 483
2 11 211 941 301 789
2 12 423 867 811 56
2 13 328 431 231 439
3 5 325 753 454 125
3 6 152 311 990 939
3 7 392 746 195 485
3 8 277 929 980 311
3 9 620 922 656 387
3 10 614 323 409 508
3 11 686 358 164 61
3 12 774 985 74 602
3 13 298 654 405 409
4 5 891 921 699 371
4 6 59 856 351 922
4 7 572 941 612 600
4 8 422 777 719 812
4 9 317 264 211 362
4 11 171 806 705 473
4 12 678 729 881 740
5 7 132 550 857 130
5 8 369 642 369 372
5 9 413 349 92 749
5 11 50 619 560 130
5 12 71 940 882 387
5 13 869 374 189 747
6 7 117 563 187 817
6 8 279 172 737 547
6 10 184 767 107 478
6 11 393 909 694 945
6 12 88 995 545 96
7 8 727 905 674 592
7 9 727 787 299 564
7 10 326 409 781 893
7 11 986 390 697 155
7 13 537 604 955 315
8 9 181 67 707 228
8 10 111 557 262 54
8 11 667 919 341 704
8 12 167 845 171 258
8 13 92 934 662 571
9 10 505 711 789 579
9 11 580 330 537 772
9 12 650 854 935 831
10 12 600 976 535 532
10 13 116 586 524 580
11 12 888 449 390 187
11 13 108 266 177 985
12 13 744 307 209 843
