14 4
0 1 274 386 644 182
0 2 745 293 866 769
0 3 770 999 388 192
0 4 529 903 992 899
0 5 864 651 649 415
0 6 93 533 983 869
0 7 501 108 666 253
0 8 159 724 814 396
0 9 838 826 744 985
0 10 401 429 723 79
0 11 414 583 644 745
0 12 157 699 903 834
0 13 593 580 523 885
1 2 846 438 164 284
1 3 517 583 371 161
1 4 974 771 325 393
1 5 747 861 726 561
1 6 630 207 795 711
1 7 138 610 541 512
1 8 381 808 282 535
1 9 886 590 324 924
1 10 278 303 816 140
1 11 467 493 505 849
1 12 460 273 781 427
1 13 57 152 528 399
2 3 785 967 247 472
2 4 787 448 162 598
2 5 992 782 81 865
2 6 482 444 976 484
2 7 77 672 194 614
2 8 677 85 766 787
2 9 941 78 174 269
2 10 130 958 779 137
2 11 387 389 304 534
2 12 640 79 529 858
2 13 225 165 85 533
3 4 172 408 625 552
3 5 92 557 442 364
3 6 55 540 808 948
3 7 672 875 440 214
3 8 92 404 818 718
3 9 236 836 110 628
3 10 634 823 844 566
3 11 157 517 808 846
3 12 441 415 779 105
3 13 54 124 922 663
4 5 783 495 540 369
4 6 745 214 681 602
4 7 877 442 721 471
4 8 762 189 992 335
4 9 924 350 730 507
4 10 941 306 125 151
4 11 490 961 798 748
4 12 285 572 335 108
4 13 178 912 667 79
5 6 395 253 557 477
5 7 402 706 467 311
5 8 377 877 71 437
5 9 162 503 505 931
5 10 855 327 646 223
5 11 983 934 541 304
5 12 612 68 752 445
5 13 63 653 960 197
6 7 304 877 521 909
6 8 920 840 132 757
6 9 163 632 253 822
6 10 943 496 589 147
6 11 378 412 797 299
6 12 56 536 941 698
6 13 884 321 109 841
7 8 244 474 362 643
7 9 113 223 127 258
7 10 187 418 894 94
7 11 772 583 580 309
7 12 877 963 683 564
7 13 338 229 810 445
8 9 412 340 913 581
8 10 424 956 782 854
8 11 271 282 181 916
8 12 230 505 224 323
8 13 241 987 515 322
9 10 431 63 741 980
9 11 178 103 194 435
9 12 336 661 697 646
9 13 453 762 633 522
10 11 136 937 639 179
10 12 334 65 843 189
10 13 715 320 823 399
11 12 835 803 214 818
11 13 54 164 533 528
12 13 110 802 836 296
