14 4
0 1 301 262 875 849
0 2 889 337 323 277
0 3 812 551 82 274
0 4 828 191 824 978
0 5 574 725 980 123
0 6 513 413 712 230
0 7 974 194 726 451
0 8 464 568 422 626
0 9 667 201 596 251
0 10 729 818 848 832
0 11 979 947 625 961
0 12 199 240 502 915
0 13 146 845 452 279
1 2 283 703 57 963
1 3 650 752 451 207
1 4 302 985 132 373
1 5 440 634 259 89
1 6 804 97 759 146
1 7 61 245 91 875
1 8 407 803 432 343
1 9 962 458 107 213
1 10 918 451 587 98
1 11 609 137 469 634
1 12 884 747 941 273
1 13 352 276 435 765
2 3 779 412 597 741
2 4 444 734 458 54
2 5 168 469 419 90
2 6 692 381 584 178
2 7 364 623 978 389
2 8 243 54 951 395
2 9 822 354 472 883
2 10 627 362 333 338
2 11 774 528 764 914
2 12 389 56 933 768
2 13 960 349 988 299
3 4 773 995 63 764
3 5 792 959 385 146
3 6 65 843 288 286
3 7 903 399 694 344
3 8 71 281 908 538
3 9 930 587 182 84
3 10 290 400 961 916
3 11 773 147 402 143
3 12 691 310 809 615
3 13 669 643 479 952
4 5 690 258 884 182
4 6 823 769 994 533
4 7 618 332 627 247
4 8 196 706 991 849
4 9 235 64 382 899
4 10 541 868 449 632
4 11 481 687 974 690
4 12 889 492 554 310
4 13 263 435 367 75
5 6 568 953 692 835
5 7 339 762 678 68
5 8 754 277 400 220
5 9 224 709 962 999
5 10 95 417 932 568
5 11 492 605 403 583
5 12 618 488 94 970
5 13 845 491 75 674
6 7 819 971 255 262
6 8 970 264 664 762
6 9 725 199 913 494
6 10 312 999 640 534
6 11 541 667 911 454
6 12 690 446 999 487
6 13 640 469 360 53
7 8 268 238 631 65
7 9 616 856 616 665
7 10 959 283 956 657
7 11 668 442 929 205
7 12 511 996 195 269
7 13 998 760 824 102
8 9 785 298 321 936
8 10 362 63 687 123
8 11 726 652 140 342
8 12 916 973 210 668
8 13 477 197 662 250
9 10 883 70 954 618
9 11 192 388 974 738
9 12 836 856 63 976
9 13 706 791 165 175
10 11 559 381 75 989
10 12 209 439 541 244
10 13 930 577 492 158
11 12 633 161 674 736
11 13 970 889 509 648
12 13 533 323 936 974
