14 4
0 1 844 292 301 352
0 2 59 882 252 831
0 3 806 335 604 158
0 4 540 978 461 856
0 5 602 151 392 250
0 6 389 571 395 251
0 7 236 801 931 430
0 8 660 487 302 360
0 9 633 970 290 470
0 10 936 362 356 470
0 11 58 952 533 467
0 12 314 678 464 836
0 13 771 757 387 69
1 2 537 671 496 685
1 3 827 352 104 384
1 4 526 173 265 944
1 5 797 399 488 989
1 6 628 703 442 874
1 7 160 287 150 731
1 8 632 837 419 991
1 9 333 728 791 973
1 10 517 958 769 907
1 11 865 279 335 344
1 12 462 404 764 629
1 13 494 594 672 747
2 3 719 740 834 492
2 4 430 566 791 71
2 5 464 682 840 620
2 6 529 96 60 906
2 7 539 860 728 928
2 8 960 305 896 721
2 9 840 878 846 646
2 10 50 421 777 585
2 11 841 467 903 438
2 12 550 239 622 822
2 13 989 689 203 376
3 4 570 114 940 141
3 5 198 134 763 237
3 6 970 751 384 518
3 7 811 882 459 61
3 8 649 856 521 440
3 9 194 261 720 656
3 10 629 403 65 442
3 11 175 363 730 129
3 12 865 93 364 262
3 13 928 672 282 856
4 5 923 943 998 425
4 6 507 184 142 981
4 7 657 307 138 238
4 8 491 884 198 198
4 9 671 230 671 829
4 10 936 69 993 914
4 11 237 359 536 553
4 12 871 147 201 681
4 13 520 351 829 885
5 6 56 835 282 127
5 7 336 226 218 436
5 8 511 413 580 183
5 9 575 579 909 424
5 10 219 571 563 535
5 11 803 767 493 722
5 12 564 613 838 459
5 13 730 551 848 570
6 7 734 567 550 648
6 8 265 413 254 638
6 9 615 141 976 533
6 10 263 662 849 661
6 11 647 317 151 654
6 12 783 602 834 670
6 13 482 165 654 829
7 8 874 710 220 895
7 9 252 69 220 830
7 10 212 550 322 741
7 11 771 197 133 208
7 12 359 276 700 866
7 13 88 555 620 566
8 9 503 902 932 853
8 10 639 617 779 401
8 11 435 558 254 822
8 12 998 130 815 843
8 13 781 370 78 766
9 10 723 442 595 516
9 11 990 616 735 738
9 12 118 935 384 282
9 13 669 986 283 109
10 11 529 595 255 628
10 12 898 172 624 843
10 13 926 736 109 828
11 12 182 536 401 683
11 13 408 371 354 818
12 13 905 126 339 746
