14 4
0 2 866 714 423 799
0 3 687 800 189 901
0 4 117 772 919 520
0 5 91 478 442 675
0 6 171 108 724 998
0 7 248 103 375 984
0 9 610 522 702 245
0 10 325 765 918 458
0 12 230 836 215 160
1 2 180 828 395 971
1 4 155 404 156 880
1 5 222 199 410 203
1 7 628 942 216 477
1 9 358 425 863 266
1 10 639 362 933 308
1 12 582 856 103 126
1 13 809 144 469 565
2 5 277 819 952 789
2 6 242 789 427 590
2 8 507 400 414 840
2 9 948 948 659 860
2 10 793 60 488 867
2 11 372 169 437 877
2 12 116 983 443 91
2 13 165 218 251 806
3 5 879 525 600 352
3 7 529 649 374 567
3 8 863 972 906 841
3 9 355 584 532 813
3 10 192 967 700 186
3 11 579 81 847 795
3 12 919 587 986 367
3 13 745 617 715 955
4 5 412 557 158 667
4 6 423 172 376 678
4 7 523 756 231 208
4 8 951 753 959 428
4 9 238 378 607 337
4 10 551 200 940 64
4 11 531 968 488 359
4 12 521 862 977 871
4 13 693 721 184 372
5 6 669 552 387 113
5 7 978 153 332 977
5 8 821 389 85 349
5 9 593 902 147 862
5 10 777 292 498 343
5 11 281 220 65 729
5 12 185 914 65 601
5 13 84 655 740 496
6 7 783 676 190 514
6 8 811 270 903 605
6 9 311 656 546 970
6 10 449 976 351 665
6 11 661 146 903 174
6 12 485 620 616 717
6 13 494 327 685 152
7 8 532 715 153 549
7 9 451 286 143 184
7 10 588 61 275 941
7 11 365 106 240 812
7 12 167 643 119 592
7 13 484 964 554 161
8 9 923 189 319 976
8 12 979 491 323 80
8 13 155 561 363 244
9 10 417 347 123 476
9 11 623 129 231 702
9 12 209 562 859 433
9 13 138 129 345 988
10 11 880 214 993 400
10 12 954 83 904 999
11 13 420 155 862 595
