14 4
0 1 914 68 605 504
0 2 957 316 283 435
0 3 241 977 403 300
0 4 119 690 530 621
0 5 877 941 569 280
0 6 539 720 563 958
0 7 524 947 917 140
0 8 807 738 987 492
0 9 104 876 616 571
0 10 791 700 821 660
0 11 405 390 529 835
0 12 61 856 375 621
0 13 601 734 776 834
1 2 398 872 953 895
1 3 810 462 57 215
1 4 630 172 665 375
1 5 916 501 178 920
1 6 606 803 964 184
1 7 573 642 225 886
1 8 178 332 406 969
1 9 190 563 942 346
1 10 238 393 483 267
1 11 619 824 810 726
1 12 545 234 494 847
1 13 277 760 758 737
2 3 135 648 225 471
2 4 767 791 547 492
2 5 714 396 153 320
2 6 457 508 967 552
2 7 231 759 829 409
2 8 779 337 892 923
2 9 579 561 783 918
2 10 81 99 551 221
2 11 675 682 815 814
2 12 368 947 987 631
2 13 260 167 773 861
3 4 369 143 150 756
3 5 85 353 209 143
3 6 241 646 665 161
3 7 712 984 665 870
3 8 183 249 426 470
3 9 840 582 754 551
3 10 297 667 294 746
3 11 736 323 918 887
3 12 489 982 577 458
3 13 213 297 58 378
4 5 545 54 269 461
4 6 202 902 963 421
4 7 206 361 678 545
4 8 996 410 665 522
4 9 930 343 225 665
4 10 901 730 151 635
4 11 213 856 61 313
4 12 209 432 469 111
4 13 326 638 308 269
5 6 571 463 897 67
5 7 416 518 890 539
5 8 672 698 813 82
5 9 975 864 750 88
5 10 50 516 97 404
5 11 644 821 762 90
5 12 813 804 260 793
5 13 100 371 354 490
6 7 339 852 513 658
6 8 923 690 579 213
6 9 140 700 774 269
6 10 123 656 607 144
6 11 831 652 95 896
6 12 432 415 755 892
6 13 380 543 111 943
7 8 266 257 307 395
7 9 461 552 477 584
7 10 268 920 717 895
7 11 329 830 516 208
7 12 955 504 990 711
7 13 194 241 803 492
8 9 952 941 368 767
8 10 696 733 781 919
8 11 682 782 139 890
8 12 774 432 451 890
8 13 228 952 140 462
9 10 905 936 400 588
9 11 99 509 680 752
9 12 357 550 720 297
9 13 252 545 988 341
10 11 673 654 786 575
10 12 635 577 718 493
10 13 867 442 544 990
11 12 845 693 164 945
11 13 750 148 135 540
12 13 957 569 187 871
