14 4
0 1 758 904 335 257
0 2 530 324 761 796
0 4 359 352 577 243
0 5 462 131 232 411
0 6 547 458 916 233
0 7 116 294 246 166
0 8 836 967 415 929
0 9 279 571 567 674
0 10 269 665 241 746
0 11 235 207 399 521
0 12 527 405 781 349
0 13 468 372 995 977
1 2 120 243 442 277
1 3 380 148 913 313
1 4 102 831 483 429
1 5 799 314 105 177
1 6 397 699 683 303
1 7 282 656 944 422
1 8 974 988 805 511
1 9 941 906 842 438
1 10 196 292 500 416
1 11 852 365 915 83
1 12 420 807 766 603
2 3 115 828 209 149
2 4 688 771 579 417
2 5 934 136 507 178
2 6 487 244 968 936
2 7 364 296 742 977
2 8 574 387 165 852
2 9 148 546 948 364
2 10 132 859 597 519
2 12 506 577 949 622
2 13 989 201 239 634
3 4 287 176 305 715
3 6 965 547 785 243
3 7 380 878 211 695
3 9 951 380 819 73
3 10 366 616 968 470
3 11 419 764 991 200
3 12 616 367 165 376
4 5 897 363 566 851
4 6 692 318 454 253
4 8 839 890 552 385
4 10 926 103 315 942
4 11 124 750 166 972
4 12 933 857 151 671
5 6 806 873 699 607
5 7 504 393 582 815
5 8 302 483 580 419
5 9 879 988 973 135
5 10 65 964 289 462
5 11 767 971 83 631
5 12 731 247 446 486
5 13 646 246 186 705
6 8 784 758 851 219
6 9 521 582 228 701
6 10 58 358 898 637
6 11 440 916 554 401
6 12 969 997 697 187
6 13 550 993 265 502
7 8 528 358 744 622
7 9 600 137 679 837
7 10 755 992 94 711
7 11 100 541 324 442
7 12 639 494 88 967
7 13 826 880 354 402
8 11 924 172 977 506
8 13 837 370 94 353
9 10 672 77 925 209
9 11 450 431 388 268
9 12 775 456 333 840
9 13 552 432 627 694
10 11 950 542 601 788
10 12 339 179 691 449
10 13 870 660 766 97
11 12 348 121 880 360
11 13 585 272 773 307
12 13 523 930 201 938
