14 4
0 1 894 346 903 390
0 2 990 690 513 64
0 3 799 571 339 518
0 4 241 372 797 361
0 5 416 533 695 749
0 6 153 572 437 750
0 7 493 987 560 710
0 8 802 677 547 93
0 9 835 435 205 976
0 10 650 631 932 298
0 11 637 478 115 246
0 12 424 889 555 502
0 13 390 728 986 143
1 2 420 226 837 287
1 3 961 856 673 93
1 4 932 994 540 256
1 5 671 585 439 408
1 6 323 920 239 217
1 7 892 241 792 113
1 8 205 351 836 958
1 9 492 552 503 888
1 10 98 279 537 185
1 11 633 885 698 389
1 12 819 770 726 810
1 13 391 899 131 674
2 3 317 713 362 661
2 4 821 803 417 334
2 5 935 853 302 768
2 6 897 618 368 76
2 7 261 433 119 991
2 8 815 649 350 283
2 9 667 233 188 753
2 10 437 915 643 66
2 11 704 863 918 599
2 12 582 346 363 406
2 13 664 64 883 641
3 4 831 846 625 133
3 5 405 307 455 562
3 6 792 123 224 487
3 7 449 801 508 119
3 8 981 199 329 667
3 9 647 493 887 695
3 10 376 58 668 837
3 11 213 198 155 729
3 12 856 438 304 588
3 13 127 255 326 846
4 5 915 376 625 534
4 6 766 579 944 140
4 7 877 694 748 287
4 8 537 677 612 284
4 9 490 396 787 213
4 10 603 708 581 99
4 11 423 441 83 846
4 12 61 866 771 625
4 13 768 200 229 419
5 6 674 365 174 921
5 7 448 381 628 967
5 8 492 849 940 861
5 9 938 516 175 677
5 10 79 499 82 862
5 11 155 151 154 953
5 12 671 782 656 463
5 13 360 99 793 613
6 7 878 605 505 861
6 8 758 765 383 814
6 9 105 398 169 305
6 10 585 802 935 521
6 11 503 192 771 883
6 12 93 315 444 227
6 13 521 413 838 846
7 8 536 815 822 772
7 9 587 408 834 836
7 10 831 841 89 171
7 11 586 798 988 884
7 12 533 824 180 703
7 13 771 196 57 243
8 9 666 385 362 585
8 10 380 181 912 857
8 11 345 598 144 94
8 12 612 868 89 550
8 13 580 731 739 241
9 10 633 85 950 979
9 11 63 472 605 70
9 12 965 350 565 597
9 13 973 432 609 660
10 11 180 474 283 826
10 12 564 331 672 358
10 13 908 607 123 766
11 12 801 790 643 750
11 13 719 445 171 432
12 13 576 838 636 960
