14 4
0 1 885 115 916 777
0 2 997 654 490 769
0 3 349 133 61 475
0 4 193 249 242 787
0 5 507 807 540 447
0 6 414 339 800 320
0 7 155 630 732 901
0 8 333 833 384 625
0 9 165 866 554 124
0 10 410 669 392 116
0 11 501 585 632 920
0 12 489 141 656 892
0 13 589 237 686 750
1 2 514 558 523 163
1 3 827 944 898 195
1 4 596 796 423 484
1 5 869 867 384 100
1 6 527 210 807 98
1 7 442 647 541 551
1 8 965 684 732 389
1 9 426 798 752 799
1 10 234 246 966 140
1 11 178 791 363 761
1 12 770 597 67 505
1 13 686 714 584 792
2 3 716 613 893 257
2 4 191 901 515 945
2 5 306 159 934 780
2 6 724 708 465 62
2 7 619 809 805 281
2 8 160 58 816 229
2 9 72 729 652 442
2 10 301 535 129 586
2 11 617 952 421 659
2 12 255 92 613 424
2 13 888 758 324 205
3 4 427 73 392 668
3 5 344 974 399 275
3 6 733 668 357 221
3 7 749 896 530 915
3 8 521 397 282 681
3 9 393 183 50 392
3 10 323 628 229 683
3 11 206 864 642 257
3 12 731 503 824 492
3 13 911 815 179 174
4 5 641 224 925 436
4 6 888 165 661 166
4 7 188 476 478 874
4 8 658 481 530 121
4 9 510 116 574 252
4 10 996 514 528 825
4 11 71 329 500 437
4 12 52 860 807 945
4 13 359 262 475 975
5 6 958 380 782 798
5 7 465 911 425 958
5 8 340 796 335 835
5 9 173 91 613 438
5 10 85 559 940 658
5 11 970 763 474 897
5 12 786 220 462 101
5 13 400 983 448 51
6 7 121 287 250 467
6 8 916 967 417 640
6 9 233 80 356 108
6 10 821 390 306 383
6 11 960 591 195 205
6 12 463 118 462 854
6 13 271 999 51 233
7 8 522 81 159 284
7 9 732 115 993 364
7 10 52 961 211 342
7 11 567 624 759 203
7 12 357 484 508 956
7 13 472 352 837 122
8 9 272 768 249 293
8 10 725 197 990 216
8 11 75 62 62 803
8 12 199 470 864 356
8 13 503 130 998 579
9 10 833 538 73 186
9 11 58 344 965 642
9 12 890 910 847 426
9 13 409 72 894 965
10 11 430 220 172 769
10 12 403 828 890 829
10 13 463 206 52 379
11 12 576 292 168 854
11 13 667 947 998 493
12 13 806 702 185 280
