14 4
0 1 276 312 417 414
0 2 747 558 75 344
0 3 158 182 482 834
0 4 986 732 459 781
0 5 975 883 967 493
0 6 371 426 966 493
0 7 716 209 768 398
0 8 417 680 374 188
0 9 61 693 368 784
0 10 448 485 981 617
0 11 640 85 343 64
0 12 56 68 235 109
0 13 84 948 500 995
1 2 727 794 868 586
1 3 75 761 236 720
1 4 376 362 986 382
1 5 478 493 355 76
1 6 384 452 283 572
1 7 549 945 403 784
1 8 734 336 405 241
1 9 563 867 994 227
1 10 133 735 552 295
1 11 654 507 883 694
1 12 969 437 320 694
1 13 143 704 887 317
2 3 309 932 793 656
2 4 363 113 757 786
2 5 624 783 830 426
2 6 369 672 135 282
2 7 724 113 661 218
2 8 436 909 940 196
2 9 138 294 957 64
2 10 764 124 611 120
2 11 656 772 94 475
2 12 710 461 593 238
2 13 306 309 106 973
3 4 196 639 135 748
3 5 592 644 894 696
3 6 235 310 950 378
3 7 195 549 226 963
3 8 929 694 249 240
3 9 886 718 858 434
3 10 982 911 565 333
3 11 470 444 601 384
3 12 737 181 776 340
3 13 655 152 604 448
4 5 797 897 357 872
4 6 523 893 273 858
4 7 118 132 448 161
4 8 386 966 440 710
4 9 805 195 132 170
4 10 546 813 873 164
4 11 593 101 254 712
4 12 696 923 428 66
4 13 257 760 293 454
5 6 583 813 859 542
5 7 652 846 332 621
5 8 565 254 271 545
5 9 829 415 578 710
5 10 626 922 703 723
5 11 545 167 733 917
5 12 537 721 727 815
5 13 811 565 187 793
6 7 92 368 59 612
6 8 609 583 959 132
6 9 617 891 847 928
6 10 490 675 992 642
6 11 397 497 430 445
6 12 406 373 378 663
6 13 528 911 906 522
7 8 774 849 949 514
7 9 609 629 351 348
7 10 52 847 913 85
7 11 555 683 631 507
7 12 506 839 734 437
7 13 962 204 181 551
8 9 376 913 276 146
8 10 167 470 383 605
8 11 171 938 354 149
8 12 996 900 969 548
8 13 779 540 245 566
9 10 619 317 752 122
9 11 516 268 585 465
9 12 111 386 550 792
9 13 74 877 957 434
10 11 790 702 296 682
10 12 624 506 744 864
10 13 203 265 554 949
11 12 465 168 164 512
11 13 573 137 915 803
12 13 848 965 989 506
