15 2
0 1 146 744
0 2 861 595
0 4 441 920
0 5 683 848
0 7 135 461
0 8 54 494
0 14 609 584
1 4 325 223
1 7 90 79
1 10 221 490
1 13 167 279
1 14 170 985
2 10 506 88
3 4 132 811
3 5 758 345
3 6 354 199
3 7 211 477
3 9 288 281
3 10 286 799
3 12 479 69
3 14 222 932
4 6 229 158
4 8 219 845
4 10 729 940
5 8 673 297
5 12 898 970
5 13 212 844
6 7 726 919
6 10 459 200
6 11 667 698
6 13 154 457
6 14 504 520
7 8 91 544
7 9 566 775
7 10 708 50
7 14 435 603
8 13 918 102
8 14 830 522
9 10 756 537
9 11 638 913
9 14 114 848
10 11 808 825
10 14 629 800
11 14 250 236
12 13 180 427
13 14 874 700
