15 2
0 4 464 911
0 5 96 712
0 7 552 349
0 8 510 516
0 9 234 89
0 10 216 272
0 11 812 964
0 12 859 444
0 13 768 784
0 14 510 481
1 3 87 773
1 5 974 724
1 6 977 664
1 7 361 405
1 11 398 423
1 12 701 364
1 13 62 502
1 14 773 500
2 4 115 538
2 5 716 828
2 7 434 320
2 9 468 694
2 10 592 948
2 11 806 673
2 13 763 768
2 14 702 706
3 4 305 979
3 6 950 582
3 7 976 868
3 8 931 696
3 11 331 73
3 12 305 367
3 13 301 935
3 14 446 106
4 6 734 745
4 7 97 602
4 9 803 630
4 10 507 344
4 11 497 240
4 12 500 325
4 13 921 844
4 14 718 886
5 6 803 166
5 7 73 307
5 9 938 666
5 10 443 704
5 11 79 935
5 12 117 228
5 13 617 198
5 14 556 925
6 7 82 158
6 8 664 816
6 10 637 866
6 11 64 481
6 12 972 299
6 13 907 320
6 14 67 661
7 8 901 76
7 9 506 392
7 10 844 804
7 11 254 805
7 12 503 492
7 13 141 722
7 14 538 675
8 11 755 996
8 13 941 234
8 14 478 485
9 10 230 325
9 11 220 720
9 12 812 712
9 14 932 115
10 11 604 880
10 12 659 827
10 14 380 305
11 12 554 843
11 13 278 533
11 14 499 640
12 13 312 417
12 14 834 656
13 14 751 104
