15 2
0 1 936 324
0 2 290 202
0 5 949 71
0 6 91 589
0 7 114 415
0 8 957 233
0 9 905 736
0 10 62 394
0 11 857 728
0 12 200 868
1 2 907 108
1 5 811 77
1 7 632 584
1 8 226 593
1 10 224 783
1 11 132 808
1 14 539 180
2 3 620 751
2 4 223 300
2 5 324 553
2 6 759 900
2 7 542 897
2 10 568 958
2 13 553 166
2 14 439 238
3 4 476 997
3 5 378 501
3 6 774 869
3 7 561 395
3 9 109 823
3 10 647 725
3 11 349 780
3 12 348 171
3 13 903 994
3 14 909 386
4 5 381 263
4 6 770 466
4 7 906 656
4 8 104 716
4 9 81 661
4 14 774 612
5 6 859 642
5 7 97 99
5 9 252 899
5 11 467 240
5 12 207 684
5 14 774 318
6 8 889 928
6 9 697 907
6 10 981 213
6 11 188 848
6 12 112 211
6 13 552 178
6 14 323 678
7 8 246 405
7 9 420 355
7 10 442 785
7 11 132 621
7 13 517 778
7 14 184 905
8 9 198 626
8 11 782 536
8 12 934 563
8 13 760 978
8 14 429 786
9 10 151 427
9 11 940 814
9 12 622 564
9 13 854 902
9 14 473 989
10 11 767 633
10 12 630 593
10 13 911 630
11 12 670 394
11 13 890 75
11 14 915 179
12 14 660 763
13 14 67 244
