15 2
0 1 892 600
0 4 818 289
0 7 175 426
0 8 509 236
0 9 632 388
0 10 462 670
0 12 827 702
0 13 137 54
1 2 197 201
1 5 262 635
1 6 320 406
1 7 799 296
1 8 175 221
1 10 877 745
1 12 790 286
2 3 129 441
2 5 710 313
2 6 905 538
2 7 493 423
2 8 394 86
2 11 940 872
2 12 953 477
2 13 196 269
2 14 140 791
3 4 371 240
3 5 605 421
3 6 255 401
3 10 653 778
3 13 577 664
3 14 627 350
4 5 938 94
4 9 275 619
4 10 250 331
4 11 300 252
4 12 804 277
4 13 202 890
5 7 375 368
5 11 386 922
5 12 91 343
5 13 883 184
5 14 680 929
6 7 69 137
6 9 382 688
6 10 421 403
6 12 932 641
7 9 427 935
7 10 977 250
7 13 518 909
8 9 246 615
8 14 764 435
9 13 430 125
10 12 315 866
10 13 476 912
11 14 181 719
12 14 530 896
13 14 401 258
