15 2
0 1 402 813
0 2 598 69
0 3 618 770
0 4 844 844
0 5 291 590
0 6 385 530
0 7 356 627
0 8 956 75
0 9 492 677
0 10 376 349
0 11 217 265
0 12 78 238
0 13 55 598
0 14 684 287
1 2 361 547
1 3 298 543
1 4 92 620
1 5 96 120
1 6 260 804
1 7 679 854
1 8 279 697
1 9 937 725
1 10 58 443
1 11 318 50
1 12 953 221
1 13 481 848
1 14 259 555
2 3 557 781
2 4 849 924
2 5 439 238
2 6 969 889
2 7 439 696
2 8 394 496
2 9 600 894
2 10 784 255
2 11 291 483
2 12 615 213
2 13 998 534
2 14 881 882
3 4 394 210
3 5 863 927
3 6 164 302
3 7 581 420
3 8 169 753
3 9 280 211
3 10 267 473
3 11 910 639
3 12 383 534
3 13 564 268
3 14 800 113
4 5 916 339
4 6 360 166
4 7 914 654
4 8 809 350
4 9 717 887
4 10 104 932
4 11 75 738
4 12 839 444
4 13 901 280
4 14 362 876
5 6 132 487
5 7 170 611
5 8 440 904
5 9 55 304
5 10 875 177
5 11 756 944
5 12 108 852
5 13 786 938
5 14 892 676
6 7 843 308
6 8 267 911
6 9 712 673
6 10 605 276
6 11 225 157
6 12 216 853
6 13 706 742
6 14 118 129
7 8 538 374
7 9 603 312
7 10 72 804
7 11 266 537
7 12 997 306
7 13 756 513
7 14 392 422
8 9 691 616
8 10 286 548
8 11 902 210
8 12 596 506
8 13 602 351
8 14 529 456
9 10 683 650
9 11 915 146
9 12 932 436
9 13 516 360
9 14 679 216
10 11 895 817
10 12 186 455
10 13 881 110
10 14 192 85
11 12 130 246
11 13 171 963
11 14 551 134
12 13 124 903
12 14 473 141
13 14 491 854
