15 2
0 2 772 367
0 3 104 517
0 4 664 499
0 7 74 333
0 12 867 375
0 13 674 753
1 5 509 829
1 8 507 274
1 11 91 668
1 14 58 743
2 3 780 358
2 5 264 601
2 6 290 228
2 7 914 67
2 11 639 456
3 5 167 631
3 6 607 511
3 8 900 907
3 11 783 777
3 13 581 659
4 8 237 868
4 9 240 335
4 10 755 636
4 11 511 499
4 12 564 101
4 13 506 808
4 14 185 719
5 7 73 803
5 10 601 957
5 12 164 354
5 14 153 508
6 9 891 532
6 10 336 395
6 13 932 956
7 8 442 259
7 10 107 562
8 9 62 887
8 10 256 739
8 12 354 489
8 13 377 483
8 14 663 774
9 14 334 752
10 11 925 932
10 12 832 910
10 14 856 85
11 12 545 297
11 13 433 391
11 14 646 860
12 14 924 560
13 14 180 483
