15 2
0 2 155 231
0 3 745 334
0 4 696 815
0 7 284 698
0 9 464 556
0 11 899 415
0 14 837 150
1 2 454 404
1 3 599 383
1 4 585 135
1 6 743 897
1 10 305 564
1 11 552 247
1 13 952 179
1 14 960 991
2 3 166 102
2 4 99 670
2 9 194 976
2 10 181 919
2 12 406 653
2 13 439 498
3 6 825 602
3 8 361 267
3 9 144 151
3 10 993 111
3 13 804 163
3 14 548 200
4 5 822 430
4 7 604 67
4 9 524 421
4 11 103 138
4 14 909 184
5 7 555 171
5 11 594 245
5 13 406 206
5 14 214 714
6 7 518 937
6 11 871 296
6 12 459 897
7 9 145 470
7 10 421 987
7 12 337 287
7 13 413 573
8 10 916 173
8 13 885 301
8 14 365 771
9 10 446 808
9 13 389 383
10 11 635 204
10 12 730 428
11 13 891 299
11 14 59 327
12 13 364 655
13 14 934 846
