15 2
0 1 597 712
0 2 141 711
0 3 99 834
0 4 355 908
0 5 804 834
0 6 362 943
0 7 508 657
0 8 242 628
0 9 833 475
0 10 380 231
0 11 333 141
0 12 347 891
0 13 521 352
0 14 831 921
1 2 999 58
1 3 664 451
1 4 470 139
1 5 715 214
1 6 227 597
1 7 390 628
1 8 961 594
1 9 815 147
1 10 729 630
1 11 595 890
1 12 916 307
1 13 477 234
1 14 343 859
2 3 953 272
2 4 277 831
2 5 116 197
2 6 797 560
2 7 130 557
2 8 151 639
2 9 420 453
2 10 532 128
2 11 954 393
2 12 592 251
2 13 87 281
2 14 50 857
3 4 612 860
3 5 51 364
3 6 283 86
3 7 760 958
3 8 434 882
3 9 132 944
3 10 475 694
3 11 85 390
3 12 111 105
3 13 561 841
3 14 928 755
4 5 809 238
4 6 877 246
4 7 904 496
4 8 651 434
4 9 878 288
4 10 523 400
4 11 340 207
4 12 677 537
4 13 941 911
4 14 679 207
5 6 600 409
5 7 800 514
5 8 977 483
5 9 882 323
5 10 673 958
5 11 72 357
5 12 388 235
5 13 404 261
5 14 693 817
6 7 864 438
6 8 477 867
6 9 251 422
6 10 567 868
6 11 711 938
6 12 944 944
6 13 553 940
6 14 160 438
7 8 319 140
7 9 94 820
7 10 689 64
7 11 972 389
7 12 89 888
7 13 563 187
7 14 60 219
8 9 984 533
8 10 387 451
8 11 326 943
8 12 326 256
8 13 818 823
8 14 406 479
9 10 489 696
9 11 907 553
9 12 439 561
9 13 352 816
9 14 775 976
10 11 712 120
10 12 388 561
10 13 559 888
10 14 256 387
11 12 804 981
11 13 828 338
11 14 347 528
12 13 394 711
12 14 224 281
13 14 652 309
