15 3
0 4 405 196 360
0 5 428 959 722
0 7 982 346 488
0 8 919 489 647
0 9 693 890 706
0 10 987 142 822
0 11 348 916 550
0 12 925 603 309
0 13 76 794 531
1 2 530 731 581
1 4 206 352 661
1 5 779 189 802
1 6 936 830 492
1 8 944 284 758
1 11 922 776 113
1 12 181 180 633
1 14 573 154 469
2 3 752 894 953
2 4 543 260 297
2 5 976 989 642
2 6 743 837 624
2 7 407 245 586
2 8 813 854 157
2 10 254 559 241
2 14 784 178 549
3 4 139 135 806
3 5 850 139 425
3 7 686 886 554
3 8 909 444 904
3 9 481 546 233
3 10 788 981 146
3 12 513 915 144
3 14 77 531 342
4 5 856 336 743
4 6 154 423 504
4 7 353 758 195
4 9 340 822 965
4 10 437 742 856
4 11 636 557 58
4 12 132 851 85
4 13 324 415 649
4 14 519 122 318
5 6 793 586 208
5 7 468 397 99
5 8 166 755 553
5 9 512 932 197
5 10 988 572 843
5 11 408 373 634
5 12 393 714 121
5 13 651 156 357
6 7 231 497 69
6 9 909 737 298
6 10 467 359 373
6 11 687 726 56
6 12 133 801 262
7 8 95 108 980
7 9 300 373 710
7 10 313 720 846
7 12 488 987 272
7 14 566 573 328
8 10 429 300 475
8 11 899 354 930
8 12 206 352 454
8 13 804 281 308
8 14 697 686 825
9 10 829 457 541
9 11 816 373 518
9 12 218 952 155
9 13 357 313 908
9 14 98 613 291
10 12 600 986 546
10 13 165 331 120
10 14 469 179 577
11 13 289 751 94
12 13 561 190 450
13 14 307 565 770
