15 3
0 11 743 927 340
1 6 191 198 961
1 10 418 892 446
1 12 754 635 912
1 14 299 401 134
2 5 845 61 253
2 6 949 316 127
2 7 862 778 674
2 8 746 316 54
2 11 237 630 604
3 4 492 521 977
3 5 999 992 742
3 7 824 690 972
3 10 501 203 152
3 12 366 558 343
4 7 554 567 69
4 12 627 819 330
5 6 805 330 823
5 7 627 295 493
5 10 413 195 405
6 9 701 549 169
6 10 418 932 256
6 11 361 927 614
6 13 196 375 506
7 11 318 679 818
7 12 927 784 548
7 13 420 689 413
8 13 498 110 808
9 13 216 464 638
12 14 961 810 118
