15 3
0 5 623 171 614
0 6 161 221 195
0 12 754 528 95
0 13 128 392 196
0 14 69 178 525
1 8 970 200 120
1 9 625 579 242
1 10 927 419 163
1 12 683 164 960
1 13 544 172 307
2 5 776 996 800
2 6 243 493 271
2 7 561 297 618
2 9 117 74 354
2 10 502 632 160
2 12 936 745 819
2 13 697 564 270
2 14 970 783 330
3 4 673 764 989
3 5 100 653 791
3 6 502 144 569
3 8 488 841 912
3 9 419 427 911
3 12 834 596 585
3 14 280 999 900
4 8 683 951 618
4 9 274 220 612
4 14 805 505 101
5 7 937 644 535
5 9 838 224 462
5 10 302 446 196
5 11 705 205 730
5 12 765 604 963
5 13 202 499 591
6 7 984 90 576
6 8 308 873 57
6 9 453 400 629
6 10 305 464 513
6 14 844 158 186
7 14 422 182 671
8 9 260 321 589
8 10 845 656 626
8 11 890 838 533
8 12 106 292 981
8 14 622 73 945
9 10 514 639 969
9 12 874 758 557
9 13 835 944 469
9 14 446 728 311
10 11 284 893 300
10 13 53 680 289
10 14 119 917 581
11 13 586 760 153
13 14 56 465 905
