15 3
0 1 823 118 372
0 2 269 703 344
0 3 714 971 98
0 4 691 162 841
0 5 658 390 945
0 6 987 409 393
0 7 725 163 434
0 8 299 674 700
0 9 926 865 838
0 10 421 836 576
0 11 163 430 670
0 12 289 862 965
0 13 159 843 169
0 14 942 50 619
1 2 826 928 331
1 3 98 306 735
1 4 346 523 846
1 5 658 360 716
1 6 138 427 880
1 7 337 220 84
1 8 382 387 974
1 9 267 518 867
1 10 392 633 641
1 11 106 501 52
1 12 192 842 210
1 13 754 251 965
1 14 973 424 628
2 3 523 865 499
2 4 989 513 438
2 5 356 497 748
2 6 465 176 925
2 7 868 960 717
2 8 701 882 440
2 9 629 188 531
2 10 659 583 359
2 11 386 870 574
2 12 954 233 339
2 13 335 651 421
2 14 716 871 95
3 4 278 683 755
3 5 854 251 167
3 6 757 728 548
3 7 565 342 449
3 8 892 541 230
3 9 157 546 954
3 10 520 641 798
3 11 776 731 849
3 12 377 301 782
3 13 387 965 938
3 14 900 594 417
4 5 647 385 463
4 6 507 998 633
4 7 847 527 105
4 8 235 687 115
4 9 844 622 819
4 10 961 102 331
4 11 778 865 953
4 12 256 972 656
4 13 469 273 155
4 14 307 433 972
5 6 616 278 646
5 7 236 330 707
5 8 95 466 421
5 9 68 996 748
5 10 247 310 776
5 11 699 342 142
5 12 366 617 75
5 13 432 256 980
5 14 267 566 693
6 7 225 349 120
6 8 726 637 771
6 9 739 711 760
6 10 539 533 743
6 11 558 274 345
6 12 991 186 336
6 13 932 96 71
6 14 213 671 352
7 8 754 568 249
7 9 160 941 183
7 10 755 325 668
7 11 325 835 109
7 12 834 207 526
7 13 946 246 347
7 14 608 662 668
8 9 401 359 899
8 10 284 153 203
8 11 257 384 831
8 12 347 274 144
8 13 327 620 139
8 14 290 872 890
9 10 190 768 451
9 11 925 747 348
9 12 134 652 281
9 13 429 619 313
9 14 302 667 875
10 11 565 766 722
10 12 653 697 213
10 13 224 190 888
10 14 583 608 913
11 12 458 127 940
11 13 220 686 807
11 14 115 698 650
12 13 747 245 274
12 14 59 60 368
13 14 381 545 824
