15 3
0 1 391 792 143
0 2 809 679 532
0 3 457 591 296
0 4 998 563 119
0 5 911 449 968
0 6 327 468 420
0 7 689 607 827
0 8 738 218 723
0 9 916 398 55
0 10 54 149 795
0 11 449 350 155
0 12 935 569 620
0 13 114 149 894
0 14 976 631 322
1 2 929 560 85
1 3 449 927 456
1 4 653 214 548
1 5 99 436 144
1 6 390 321 964
1 7 216 88 702
1 8 276 334 670
1 9 383 942 504
1 10 953 659 895
1 11 917 953 161
1 12 931 523 713
1 13 879 253 626
1 14 80 418 662
2 3 131 415 476
2 4 732 596 877
2 5 942 308 738
2 6 831 592 340
2 7 463 940 360
2 8 137 795 261
2 9 815 310 660
2 10 74 816 665
2 11 695 725 403
2 12 642 479 228
2 13 721 258 478
2 14 317 191 456
3 4 520 141 971
3 5 560 542 377
3 6 159 973 730
3 7 780 537 335
3 8 250 398 997
3 9 448 145 162
3 10 577 723 606
3 11 262 664 451
3 12 384 185 219
3 13 233 910 325
3 14 88 152 731
4 5 467 573 990
4 6 841 326 366
4 7 965 377 883
4 8 550 281 439
4 9 563 695 99
4 10 128 164 823
4 11 323 318 329
4 12 853 232 774
4 13 653 695 900
4 14 945 468 976
5 6 712 936 65
5 7 450 612 550
5 8 904 351 905
5 9 995 163 584
5 10 284 592 839
5 11 552 194 573
5 12 977 179 626
5 13 437 801 270
5 14 70 411 389
6 7 67 919 546
6 8 602 492 213
6 9 185 367 296
6 10 622 925 472
6 11 701 875 276
6 12 394 353 500
6 13 540 489 852
6 14 804 58 464
7 8 294 738 925
7 9 661 543 109
7 10 375 144 117
7 11 900 144 340
7 12 142 374 223
7 13 113 645 693
7 14 716 959 645
8 9 710 449 301
8 10 653 489 252
8 11 254 802 363
8 12 793 902 75
8 13 358 486 472
8 14 509 868 579
9 10 631 972 695
9 11 547 500 898
9 12 63 352 478
9 13 797 917 538
9 14 145 204 138
10 11 622 271 801
10 12 442 286 80
10 13 613 587 742
10 14 861 645 697
11 12 595 838 166
11 13 116 374 486
11 14 182 537 411
12 13 517 291 496
12 14 270 920 476
13 14 787 91 979
