15 3
0 1 552 61 493
0 3 201 595 259
0 4 127 568 838
0 5 466 985 86
0 7 652 711 142
0 8 259 931 295
0 9 512 448 666
0 12 985 781 554
0 13 793 924 399
0 14 491 183 651
1 3 89 854 374
1 5 368 563 999
1 6 317 436 461
1 8 110 555 480
1 9 334 539 101
1 10 429 526 679
1 11 951 473 353
1 12 891 506 472
1 13 375 289 365
1 14 799 981 540
2 3 190 710 797
2 4 920 673 263
2 5 120 793 516
2 6 227 255 221
2 8 636 445 178
2 9 331 557 58
2 10 894 465 834
2 12 217 456 861
2 14 185 510 224
3 4 576 672 325
3 6 143 659 800
3 7 266 327 480
3 8 231 101 123
3 10 65 926 751
3 11 893 473 887
3 12 182 318 359
3 13 913 206 763
4 5 565 453 712
4 6 295 851 570
4 7 455 899 529
4 8 140 690 640
4 9 476 332 64
4 10 372 85 222
4 12 800 475 730
4 13 768 890 185
5 6 669 976 740
5 7 910 146 940
5 8 690 457 484
5 9 505 321 814
5 10 908 121 146
5 11 591 692 441
5 13 487 680 724
6 7 545 135 658
6 8 602 931 123
6 9 473 415 261
6 10 143 542 432
6 11 259 755 978
6 13 606 104 441
6 14 463 774 315
7 9 613 110 676
7 10 835 471 259
7 11 650 734 657
7 12 480 844 287
8 9 380 216 955
8 11 927 294 743
8 12 173 427 676
9 10 680 768 216
9 11 980 77 692
10 11 751 221 132
10 12 122 145 85
10 13 899 896 821
10 14 140 510 343
11 13 226 345 787
11 14 82 997 773
12 13 413 914 233
12 14 392 678 327
13 14 384 344 765
