15 3
0 1 496 981 769
0 2 950 77 411
0 3 157 97 681
0 4 488 278 636
0 6 708 611 452
0 7 579 754 939
0 8 706 771 952
0 9 985 936 770
0 10 949 675 486
0 11 113 174 670
0 13 207 829 319
0 14 929 414 445
1 3 548 854 116
1 4 374 732 766
1 6 970 843 765
1 7 712 753 950
1 8 534 893 208
1 9 972 275 596
1 11 87 515 488
1 12 265 385 423
1 13 420 916 946
1 14 682 101 574
2 3 143 841 492
2 4 205 470 108
2 5 763 655 877
2 6 663 427 446
2 7 468 631 596
2 8 176 575 669
2 9 642 243 248
2 10 923 310 921
2 11 301 358 926
2 12 461 654 975
2 13 539 488 321
2 14 621 155 707
3 5 443 390 221
3 6 865 626 977
3 7 647 171 942
3 8 940 753 685
3 9 424 941 950
3 10 908 680 114
3 11 936 542 734
3 12 592 723 79
3 13 798 804 613
3 14 911 883 65
4 5 194 524 881
4 6 171 208 775
4 8 349 650 636
4 9 455 750 693
4 11 773 325 392
4 12 607 300 92
4 14 89 334 609
5 6 283 502 375
5 7 639 696 361
5 9 106 369 631
5 10 587 805 916
5 12 699 343 935
6 7 361 852 117
6 8 344 463 834
6 9 815 484 112
6 11 939 397 402
6 13 381 734 159
6 14 800 505 874
7 8 352 868 527
7 9 814 727 764
7 10 367 439 296
7 11 998 135 194
7 12 947 286 112
7 13 468 541 454
7 14 995 641 277
8 9 932 745 761
8 10 722 405 990
8 11 811 329 267
8 12 608 728 436
8 13 802 344 385
8 14 895 626 73
9 10 276 937 380
9 12 394 96 794
9 13 860 766 232
10 11 892 537 225
10 12 394 595 275
10 13 422 604 495
10 14 558 111 795
11 12 576 941 386
11 13 451 425 208
12 13 108 912 229
12 14 74 753 105
13 14 492 317 628
