15 3
0 1 481 929 264
0 2 669 433 230
0 3 720 384 561
0 4 404 416 970
0 5 805 184 486
0 6 641 399 491
0 7 412 843 736
0 9 339 382 900
0 10 121 405 837
0 11 213 382 459
0 13 990 899 387
1 4 974 902 814
1 7 245 745 512
1 8 838 904 241
1 9 294 896 705
1 10 355 87 59
1 11 200 326 227
1 12 731 842 151
1 13 764 825 517
1 14 814 976 744
2 3 718 961 753
2 4 625 672 157
2 5 59 75 380
2 9 757 758 907
2 10 888 374 897
2 11 541 232 653
3 4 129 206 453
3 6 619 431 322
3 7 360 530 628
3 8 156 861 652
3 9 938 550 553
3 10 115 273 635
3 11 296 335 711
3 12 935 742 512
3 13 931 474 406
3 14 139 661 299
4 5 280 832 284
4 7 315 761 242
4 8 680 340 470
4 9 195 514 413
4 10 403 418 754
4 12 987 285 756
4 13 589 242 226
4 14 645 588 857
5 6 658 871 303
5 7 568 634 62
5 8 180 823 205
5 9 635 463 241
5 10 418 812 769
5 11 476 183 178
5 12 978 565 735
5 13 134 246 353
5 14 724 741 461
6 7 957 368 188
6 8 378 752 74
6 9 914 907 177
6 10 196 61 943
6 12 834 770 276
6 13 955 515 463
7 8 219 969 71
7 9 617 84 951
7 11 828 387 195
7 12 92 742 151
7 13 712 297 971
7 14 838 875 218
8 11 115 69 540
8 12 762 512 365
8 13 765 174 604
8 14 528 670 745
9 10 110 382 673
9 13 587 647 986
9 14 995 690 925
10 11 588 671 446
10 12 229 939 822
10 13 493 279 146
10 14 312 901 137
11 12 738 984 834
11 13 136 733 952
11 14 291 806 386
12 13 338 783 346
12 14 768 127 846
13 14 819 679 914
