15 3
0 2 930 516 858
0 3 287 686 865
0 4 52 442 838
0 6 476 739 572
0 7 417 815 159
0 9 991 758 736
0 11 623 511 892
1 4 891 333 717
1 5 145 857 382
1 6 277 322 776
1 7 77 737 823
1 9 725 600 173
1 10 754 768 992
1 12 120 431 157
2 3 894 390 628
2 6 498 594 314
2 7 696 612 76
2 8 359 234 177
2 9 775 920 620
2 10 927 977 489
2 11 215 525 205
2 12 677 558 689
2 13 156 145 562
3 5 722 972 666
3 6 69 749 877
3 10 639 678 435
3 11 96 785 471
3 13 878 306 936
3 14 486 881 908
4 5 876 834 289
4 9 964 426 391
4 14 842 116 553
5 7 400 550 797
5 8 628 613 599
5 9 557 159 945
5 13 793 302 482
6 8 781 382 629
6 13 258 51 755
7 8 83 124 401
7 11 531 676 946
8 9 448 150 863
8 10 366 67 122
9 11 620 52 941
9 12 850 749 870
10 11 347 168 491
10 12 720 875 307
10 13 651 515 885
10 14 372 932 292
11 12 764 65 975
11 13 824 633 755
11 14 165 278 114
12 13 942 239 83
