15 3
0 1 843 637 389
0 2 871 771 448
0 3 142 93 163
0 5 115 504 892
0 6 170 304 661
0 8 583 922 739
0 9 679 398 396
0 11 489 798 938
0 12 57 773 833
0 13 569 56 295
0 14 787 517 804
1 3 282 221 93
1 4 832 887 258
1 5 519 854 772
1 6 702 237 822
1 7 390 171 543
1 8 227 470 281
1 9 530 174 660
1 10 862 866 259
1 11 604 189 770
1 12 239 154 937
1 13 523 615 77
1 14 989 857 522
2 3 687 531 559
2 4 814 938 943
2 6 510 850 286
2 7 346 376 507
2 8 631 123 154
2 9 230 176 513
2 10 810 282 248
2 11 819 403 470
2 12 581 736 231
2 13 749 408 732
2 14 60 69 806
3 4 795 290 947
3 6 861 778 439
3 8 854 868 289
3 9 104 593 297
3 10 951 209 93
3 12 546 793 957
3 13 875 140 569
3 14 466 219 456
4 5 194 991 208
4 6 654 772 939
4 7 542 788 168
4 8 926 919 852
4 10 707 896 869
4 11 342 206 589
4 12 191 324 617
4 13 912 741 672
4 14 761 357 133
5 6 607 867 436
5 9 429 897 99
5 10 205 837 545
5 11 366 955 512
5 12 776 774 397
5 13 468 653 492
5 14 773 385 349
6 7 263 529 502
6 8 513 247 522
6 9 254 768 409
6 10 208 813 743
6 12 787 857 548
6 13 59 854 50
6 14 944 788 291
7 10 362 225 716
7 11 321 219 280
7 13 693 428 647
7 14 452 614 699
8 9 570 416 582
8 10 719 181 443
8 11 946 469 215
8 12 332 502 697
8 13 616 319 615
8 14 128 583 134
9 10 767 713 998
9 11 440 906 741
9 14 671 848 952
10 11 449 721 232
10 12 901 298 431
10 13 392 54 754
10 14 323 243 202
11 12 695 396 630
11 13 704 511 901
11 14 734 663 943
13 14 944 163 133
