15 3
0 1 488 196 923
0 3 295 720 277
0 4 813 935 404
0 5 847 737 78
0 6 818 576 386
0 7 669 907 344
0 9 729 596 779
0 10 329 875 680
0 11 397 819 835
0 12 891 405 558
0 13 922 648 416
0 14 513 370 231
1 2 512 147 446
1 3 266 829 525
1 4 87 164 811
1 5 721 655 434
1 6 689 928 893
1 7 394 449 82
1 10 139 615 731
1 11 322 763 676
1 12 578 457 685
1 13 413 334 668
2 3 975 919 840
2 5 230 111 70
2 6 586 491 880
2 8 668 906 723
2 9 526 495 818
2 10 252 380 997
2 11 540 535 331
2 13 450 958 68
2 14 824 109 316
3 4 407 150 753
3 5 236 193 694
3 6 771 843 864
3 8 547 816 321
3 10 930 933 109
3 11 438 869 770
3 12 588 630 915
3 13 535 927 746
3 14 615 358 247
4 6 435 781 841
4 7 366 531 68
4 8 730 799 343
4 9 773 798 638
4 10 919 119 868
4 11 514 437 99
4 12 766 928 427
4 13 906 924 863
4 14 964 446 347
5 6 694 53 316
5 7 510 762 915
5 8 801 220 502
5 9 337 700 126
5 10 85 78 581
5 11 499 543 167
5 12 268 648 678
5 13 265 565 588
5 14 503 657 372
6 7 299 799 438
6 9 630 353 924
6 10 736 482 657
6 11 935 759 323
6 13 221 84 988
6 14 371 962 970
7 8 971 328 307
7 9 67 113 943
7 10 951 480 935
7 11 558 165 990
7 12 506 899 341
7 13 677 781 765
8 10 726 559 798
8 11 898 364 623
9 10 921 392 843
9 13 584 478 50
10 14 382 860 598
11 12 690 155 643
11 13 976 161 483
12 13 855 804 137
12 14 725 325 182
