15 3
0 3 165 911 186
0 4 681 515 784
0 5 412 545 854
0 6 700 425 357
0 7 368 996 195
0 8 749 448 203
0 9 76 312 104
0 10 466 217 260
0 11 573 849 290
0 12 939 121 989
0 13 598 342 147
0 14 940 447 933
1 2 630 957 336
1 3 224 918 597
1 4 132 664 691
1 8 288 572 814
1 9 667 285 368
1 10 359 584 472
1 11 974 366 860
1 13 665 195 177
2 6 292 875 524
2 7 809 870 157
2 9 291 138 62
2 10 470 989 752
2 11 649 511 287
2 13 192 247 484
2 14 142 269 596
3 4 722 350 277
3 7 976 378 923
3 9 531 793 409
3 10 926 799 423
3 11 91 571 460
3 12 615 485 752
3 14 897 945 921
4 5 829 946 991
4 7 70 918 597
4 8 507 271 536
4 10 932 51 784
4 11 115 414 166
4 12 848 707 644
4 13 208 328 179
5 6 849 230 363
5 8 219 278 89
5 9 794 597 512
5 10 618 473 937
5 13 256 71 859
5 14 618 289 751
6 7 869 242 172
6 8 862 972 845
6 9 556 130 234
6 10 270 464 876
6 11 403 812 679
6 12 51 347 749
6 13 478 221 922
6 14 680 945 198
7 8 127 986 610
7 13 924 64 662
7 14 835 617 93
8 11 469 536 774
8 12 505 812 479
8 13 107 602 107
8 14 280 745 881
9 11 135 867 689
9 12 808 302 622
9 13 327 455 340
9 14 187 130 663
10 11 914 593 139
10 12 217 826 994
10 13 294 508 782
10 14 710 781 333
11 12 143 840 123
11 13 916 494 509
11 14 269 936 573
13 14 267 638 497
