15 3
0 8 368 811 385
0 10 990 710 725
0 11 792 841 547
0 13 691 258 308
1 6 894 411 281
1 10 80 806 777
2 9 765 61 223
3 4 518 346 565
3 8 127 152 944
3 13 600 534 737
3 14 573 402 185
4 5 703 517 535
4 10 621 772 352
4 12 815 763 831
4 13 329 803 163
5 6 238 190 72
5 7 392 959 391
5 10 652 221 797
5 12 702 606 372
5 13 695 441 711
6 9 892 737 401
6 10 602 144 719
7 8 285 586 210
7 11 261 707 258
7 12 149 522 190
7 14 850 565 698
9 11 458 876 617
10 14 863 739 601
11 13 502 960 227
11 14 482 54 647
12 13 889 496 164
