15 3
0 2 522 870 511
0 3 138 503 887
0 4 267 661 915
0 5 808 310 84
0 6 694 602 189
0 7 821 958 990
0 8 362 373 319
0 10 585 777 61
0 11 159 289 945
0 12 604 822 739
0 13 82 290 708
0 14 518 300 398
1 2 277 658 175
1 3 480 76 626
1 4 227 931 831
1 5 515 250 966
1 6 318 656 557
1 8 424 632 146
1 9 489 550 430
1 10 492 541 705
1 11 713 993 105
1 12 52 922 974
1 13 372 931 895
1 14 279 752 895
2 3 452 610 958
2 4 149 717 605
2 5 205 120 771
2 7 52 474 544
2 8 910 661 272
2 9 333 376 201
2 10 997 293 356
2 11 723 846 997
2 12 930 258 491
2 13 76 516 495
2 14 787 609 985
3 4 484 264 419
3 5 450 164 180
3 6 510 696 228
3 8 969 503 368
3 9 851 118 249
3 11 746 164 253
3 14 938 715 246
4 5 521 538 659
4 6 775 240 784
4 7 826 549 172
4 8 416 389 740
4 9 502 517 785
4 12 317 815 358
4 14 925 215 387
5 7 416 476 566
5 9 171 162 431
5 10 651 364 963
5 14 415 888 534
6 8 717 623 983
6 10 726 647 881
6 11 850 514 506
6 12 748 675 709
6 13 733 761 395
7 8 424 446 769
7 9 222 367 598
7 10 105 391 733
7 11 999 692 656
7 12 69 96 621
7 14 163 583 582
8 9 209 405 570
8 11 133 592 754
8 13 103 684 347
8 14 453 486 832
9 10 85 432 645
9 11 573 443 249
9 12 559 711 829
9 13 477 907 321
10 11 396 341 437
10 12 584 990 93
10 14 432 242 437
11 12 219 151 416
11 13 422 665 663
11 14 303 897 395
12 14 954 968 80
13 14 715 564 318
