15 3
0 1 841 583 635
0 2 556 193 731
0 3 190 488 849
0 4 292 87 242
0 5 165 715 444
0 6 757 733 707
0 7 536 762 903
0 8 723 541 993
0 9 399 966 645
0 10 480 167 135
0 11 685 297 919
0 12 557 112 611
0 13 662 875 592
0 14 335 846 609
1 2 638 326 823
1 3 198 181 366
1 4 62 928 352
1 5 300 962 757
1 6 414 599 534
1 7 549 326 214
1 8 815 221 556
1 9 974 226 433
1 10 723 225 88
1 11 152 849 865
1 12 677 340 432
1 13 823 787 222
1 14 71 529 92
2 3 812 929 736
2 4 196 134 925
2 5 430 807 630
2 6 671 907 483
2 7 585 850 370
2 8 766 131 240
2 9 670 466 609
2 10 888 232 583
2 11 869 527 502
2 12 569 231 463
2 13 57 212 226
2 14 722 539 806
3 4 635 145 702
3 5 536 415 398
3 6 932 757 166
3 7 181 458 210
3 8 256 72 487
3 9 323 613 892
3 10 695 873 741
3 11 973 360 855
3 12 937 721 671
3 13 85 996 611
3 14 874 896 836
4 5 477 797 748
4 6 90 766 400
4 7 846 78 409
4 8 902 199 820
4 9 814 462 135
4 10 605 399 399
4 11 691 189 218
4 12 315 248 354
4 13 502 263 510
4 14 433 919 978
5 6 637 350 413
5 7 165 791 674
5 8 968 334 495
5 9 733 194 179
5 10 118 433 84
5 11 981 622 368
5 12 624 409 256
5 13 65 814 322
5 14 723 776 414
6 7 748 787 730
6 8 947 352 307
6 9 117 690 889
6 10 906 302 183
6 11 229 119 812
6 12 639 711 757
6 13 347 595 534
6 14 681 255 883
7 8 703 538 371
7 9 932 623 484
7 10 433 693 536
7 11 263 758 199
7 12 50 707 843
7 13 190 746 128
7 14 511 770 249
8 9 622 273 339
8 10 723 741 691
8 11 980 924 738
8 12 730 499 960
8 13 630 548 305
8 14 410 564 964
9 10 448 902 862
9 11 793 781 183
9 12 497 605 681
9 13 164 430 833
9 14 107 468 265
10 11 851 653 201
10 12 611 205 208
10 13 943 449 484
10 14 960 937 56
11 12 145 407 388
11 13 598 880 288
11 14 982 878 99
12 13 377 436 453
12 14 282 518 325
13 14 517 944 429
