15 3
0 1 460 414 322
0 2 400 586 747
0 3 422 436 613
0 4 122 562 271
0 5 954 433 469
0 6 966 60 432
0 7 851 607 957
0 8 676 283 254
0 9 263 558 585
0 10 879 952 391
0 11 991 131 615
0 12 976 815 797
0 13 924 201 714
0 14 816 526 163
1 2 956 402 773
1 3 517 407 52
1 4 897 356 309
1 5 388 382 327
1 6 947 662 880
1 7 216 965 734
1 8 775 706 262
1 9 775 255 642
1 10 740 669 515
1 11 417 508 473
1 12 280 406 210
1 13 439 88 130
1 14 621 199 907
2 3 369 409 664
2 4 735 356 320
2 5 835 976 352
2 6 486 885 771
2 7 624 854 167
2 8 530 573 544
2 9 67 275 304
2 10 220 531 874
2 11 957 863 836
2 12 494 821 482
2 13 167 472 998
2 14 291 515 648
3 4 789 372 803
3 5 837 383 167
3 6 141 621 536
3 7 478 633 774
3 8 508 929 287
3 9 815 439 842
3 10 656 127 854
3 11 190 901 917
3 12 211 568 112
3 13 802 444 154
3 14 689 421 231
4 5 735 756 706
4 6 143 286 755
4 7 129 540 509
4 8 513 75 914
4 9 958 861 593
4 10 522 573 273
4 11 115 732 315
4 12 781 533 842
4 13 857 602 229
4 14 847 176 157
5 6 386 642 615
5 7 687 911 566
5 8 894 220 133
5 9 267 117 133
5 10 580 857 386
5 11 226 698 451
5 12 178 489 836
5 13 268 151 90
5 14 534 809 539
6 7 491 556 305
6 8 722 503 278
6 9 773 599 442
6 10 154 399 886
6 11 776 787 994
6 12 848 842 889
6 13 176 761 91
6 14 476 551 651
7 8 706 101 504
7 9 611 854 89
7 10 318 255 193
7 11 710 168 727
7 12 787 441 592
7 13 921 620 304
7 14 476 651 448
8 9 485 101 852
8 10 403 559 687
8 11 554 450 300
8 12 711 360 892
8 13 116 234 584
8 14 836 94 365
9 10 439 348 874
9 11 756 192 721
9 12 970 877 306
9 13 910 413 712
9 14 613 339 119
10 11 604 597 849
10 12 687 480 615
10 13 921 973 946
10 14 558 745 769
11 12 773 399 743
11 13 396 53 517
11 14 522 272 492
12 13 127 270 409
12 14 744 212 608
13 14 777 293 670
