15 3
0 3 303 93 784
0 4 708 281 949
0 8 312 277 231
0 11 662 140 109
0 12 773 150 779
1 3 787 652 997
1 10 864 266 860
1 11 927 533 871
1 13 889 406 598
2 7 51 501 986
2 8 448 239 131
2 11 445 566 236
2 13 997 212 466
2 14 224 535 102
3 6 873 572 329
3 7 990 165 83
4 7 81 951 532
4 8 368 660 733
4 11 426 207 52
5 8 903 943 604
6 11 214 131 491
6 14 992 462 891
7 12 718 810 548
7 14 868 963 858
8 9 231 806 753
8 11 461 494 658
8 13 344 238 428
10 11 853 82 606
10 14 991 370 102
11 12 535 168 866
11 14 135 654 216
