15 3
0 2 758 474 371
0 3 717 740 84
0 5 499 879 263
0 10 621 409 222
1 2 891 454 772
1 6 403 972 305
1 9 660 300 233
1 11 949 441 856
1 13 388 547 68
1 14 598 114 841
2 4 435 885 497
2 6 411 958 667
2 7 806 222 355
2 9 391 313 845
2 11 344 471 339
2 14 452 942 540
3 5 433 988 632
3 9 985 951 503
3 11 606 494 711
3 14 142 615 544
4 8 329 274 493
4 9 994 790 989
4 10 233 903 297
4 11 156 155 810
5 6 72 52 815
5 13 596 564 756
6 9 392 184 982
6 10 904 561 54
6 11 759 133 900
6 12 313 255 435
7 8 431 702 738
7 9 443 304 350
7 10 569 202 900
7 12 359 630 921
7 13 713 847 762
8 13 646 737 61
9 11 599 569 946
9 12 782 202 113
9 13 724 469 906
9 14 890 756 628
10 12 985 513 425
11 12 724 183 133
11 13 306 334 334
