15 3
0 3 882 681 287
0 8 788 291 872
0 11 565 659 109
0 12 823 937 848
0 13 307 68 284
0 14 687 172 667
1 2 664 967 77
1 4 267 230 197
1 10 156 594 481
1 13 568 641 225
2 4 667 785 949
2 5 747 459 78
2 6 203 763 850
2 7 726 361 419
2 9 616 134 376
2 11 77 62 154
2 12 915 814 202
2 13 89 469 823
3 4 403 407 98
3 7 464 313 928
3 11 491 352 966
3 13 84 966 586
3 14 393 763 839
4 7 328 574 85
4 8 728 692 865
4 9 114 101 288
4 10 73 158 202
4 13 924 600 451
5 7 526 895 369
5 14 183 467 76
6 8 92 728 820
6 9 899 820 127
6 10 365 774 238
6 11 403 402 132
6 12 770 785 600
7 8 753 601 76
7 11 434 627 733
7 12 633 808 94
7 14 189 761 792
8 11 903 208 721
8 12 255 174 456
8 13 537 920 771
9 11 83 263 686
9 13 678 437 946
9 14 207 233 127
10 11 89 988 560
10 12 710 508 155
10 13 471 431 668
11 14 995 207 209
12 13 293 791 474
13 14 133 171 831
