15 3
0 1 635 213 655
0 2 88 142 679
0 3 390 528 790
0 4 450 516 201
0 5 882 447 442
0 6 210 888 426
0 7 550 676 555
0 8 963 266 662
0 9 174 100 969
0 10 479 694 436
0 11 281 793 726
0 12 513 860 763
0 13 113 422 408
0 14 376 234 878
1 2 923 702 744
1 3 67 781 181
1 4 450 778 873
1 5 888 640 746
1 6 871 516 905
1 7 211 816 716
1 8 906 539 214
1 9 566 61 978
1 10 700 744 950
1 11 586 107 253
1 12 175 294 629
1 13 736 355 415
1 14 830 613 778
2 3 939 349 757
2 4 764 977 613
2 5 502 607 610
2 6 664 449 97
2 7 222 614 125
2 8 234 183 334
2 9 729 246 925
2 10 181 53 583
2 11 231 200 72
2 12 285 970 833
2 13 827 303 997
2 14 675 130 442
3 4 377 611 217
3 5 765 505 854
3 6 978 748 533
3 7 661 919 725
3 8 721 235 784
3 9 728 319 528
3 10 677 281 876
3 11 379 949 355
3 12 77 177 118
3 13 828 678 834
3 14 931 388 64
4 5 349 968 609
4 6 887 172 128
4 7 625 756 970
4 8 500 489 358
4 9 603 266 377
4 10 832 861 63
4 11 314 854 822
4 12 267 219 191
4 13 149 185 988
4 14 719 452 332
5 6 123 738 559
5 7 767 419 74
5 8 433 943 708
5 9 638 643 118
5 10 445 247 194
5 11 133 752 632
5 12 579 472 166
5 13 805 637 484
5 14 986 782 153
6 7 107 386 229
6 8 119 428 493
6 9 938 273 893
6 10 916 689 755
6 11 51 281 290
6 12 425 416 920
6 13 827 50 972
6 14 516 617 490
7 8 792 691 674
7 9 183 192 398
7 10 819 393 586
7 11 421 294 835
7 12 496 607 743
7 13 877 662 987
7 14 644 171 535
8 9 651 404 959
8 10 636 986 381
8 11 778 60 78
8 12 838 187 780
8 13 883 942 389
8 14 711 992 232
9 10 961 262 506
9 11 333 624 973
9 12 255 588 455
9 13 378 277 897
9 14 701 201 362
10 11 650 357 408
10 12 879 546 239
10 13 507 117 89
10 14 988 194 551
11 12 877 981 988
11 13 69 157 785
11 14 546 637 849
12 13 328 598 395
12 14 188 77 169
13 14 745 701 848
