15 3
0 1 270 495 105
0 2 610 265 358
0 3 213 218 480
0 4 90 593 783
0 5 498 225 619
0 6 110 588 776
0 7 980 453 295
0 8 810 464 463
0 9 753 509 948
0 10 240 650 582
0 11 186 78 219
0 12 598 785 297
0 13 698 491 829
0 14 295 63 308
1 2 62 149 642
1 3 330 77 394
1 4 301 585 496
1 5 580 632 578
1 6 459 653 173
1 7 362 466 902
1 8 497 672 934
1 9 785 670 191
1 10 109 712 109
1 11 408 893 605
1 12 945 967 296
1 13 777 648 94
1 14 687 287 310
2 3 124 784 73
2 4 541 944 745
2 5 869 711 642
2 6 400 285 148
2 7 513 511 735
2 8 553 625 988
2 9 135 353 636
2 10 126 61 460
2 11 51 496 766
2 12 635 886 953
2 13 671 362 626
2 14 463 479 571
3 4 153 324 232
3 5 694 618 672
3 6 836 815 574
3 7 334 322 179
3 8 511 840 121
3 9 583 422 765
3 10 649 433 212
3 11 517 791 109
3 12 548 266 534
3 13 946 164 254
3 14 154 231 355
4 5 948 260 706
4 6 360 660 729
4 7 738 345 269
4 8 352 724 721
4 9 275 288 664
4 10 85 287 719
4 11 165 65 770
4 12 220 433 175
4 13 196 643 739
4 14 464 199 748
5 6 360 186 757
5 7 753 752 142
5 8 972 752 530
5 9 313 841 490
5 10 608 677 187
5 11 408 578 502
5 12 480 387 224
5 13 372 806 468
5 14 318 435 148
6 7 101 178 434
6 8 880 300 163
6 9 324 611 692
6 10 895 881 224
6 11 708 853 108
6 12 888 699 587
6 13 680 292 557
6 14 935 311 475
7 8 281 976 901
7 9 73 424 259
7 10 713 350 782
7 11 357 274 580
7 12 799 814 304
7 13 283 525 834
7 14 687 412 126
8 9 444 855 973
8 10 481 177 528
8 11 79 989 648
8 12 139 943 55
8 13 638 867 918
8 14 705 217 383
9 10 304 652 305
9 11 248 58 537
9 12 153 194 217
9 13 649 822 242
9 14 967 777 273
10 11 153 637 952
10 12 957 912 194
10 13 930 851 71
10 14 501 967 491
11 12 936 834 907
11 13 276 855 463
11 14 314 896 486
12 13 607 564 64
12 14 333 250 825
13 14 394 895 492
