15 3
0 1 277 529 520
0 3 603 628 257
0 5 184 333 623
0 7 842 372 978
0 10 876 978 612
0 12 845 300 543
0 13 842 669 111
0 14 370 946 240
1 3 703 264 481
1 11 56 244 684
1 13 246 681 848
1 14 113 343 921
2 3 712 373 290
2 4 393 187 586
2 5 90 60 277
2 7 569 847 961
2 8 251 894 312
2 9 484 628 393
2 12 530 555 564
2 14 713 608 641
3 4 160 335 417
3 5 621 497 612
3 9 902 198 881
3 10 420 500 611
3 11 689 746 381
3 12 879 664 884
4 7 261 738 441
4 10 206 794 517
4 12 643 202 913
4 14 341 720 446
5 10 98 555 879
5 11 712 73 972
5 12 110 790 999
5 13 466 505 711
5 14 741 870 121
6 9 363 202 503
6 12 486 182 424
6 13 648 60 234
7 8 352 417 116
7 10 785 702 651
7 11 400 502 780
8 9 527 409 628
8 14 817 247 443
9 10 209 452 417
9 11 841 805 797
9 13 266 572 472
10 11 896 922 392
12 13 759 968 914
12 14 586 668 615
