15 3
0 1 907 82 707
0 2 151 839 981
0 3 756 80 943
0 4 647 237 631
1 8 896 347 894
1 10 54 965 216
1 11 880 836 103
2 11 860 240 895
2 12 903 741 89
2 14 797 560 409
3 6 391 940 327
3 7 567 184 99
3 8 523 195 984
3 9 313 537 825
3 11 699 899 243
3 12 960 130 641
3 13 136 276 231
4 5 443 566 673
4 10 99 115 508
5 10 320 116 485
5 12 222 899 476
5 14 152 87 443
6 8 224 138 463
6 9 795 641 160
7 9 106 895 933
7 10 862 194 272
7 13 794 699 155
8 9 978 897 87
8 12 457 629 536
9 10 953 814 913
9 11 120 611 696
9 12 331 188 992
10 11 985 322 613
10 12 621 754 444
12 13 744 690 653
12 14 201 211 98
