15 3
0 1 778 263 143
0 2 728 327 472
0 3 70 739 586
0 4 729 210 660
0 5 774 911 709
0 7 572 222 399
0 10 535 684 943
0 11 711 294 534
0 12 946 725 562
0 13 423 347 836
1 2 830 73 634
1 3 77 468 183
1 4 965 578 933
1 5 931 690 943
1 7 126 245 137
1 8 476 104 553
1 9 459 204 57
1 10 161 907 696
1 11 487 891 597
1 12 197 452 116
2 3 134 777 390
2 5 163 497 454
2 6 584 784 258
2 7 992 150 344
2 8 457 566 760
2 9 615 129 361
2 11 706 904 376
2 12 285 324 863
2 14 101 211 533
3 7 565 369 61
3 8 150 188 314
3 9 391 294 555
3 10 312 715 76
3 11 405 631 383
3 12 306 892 279
3 13 539 453 327
4 5 333 827 506
4 6 510 92 252
4 8 986 887 812
4 9 802 115 481
4 10 907 595 728
4 11 523 180 781
4 12 974 551 886
4 13 489 286 962
5 6 626 678 324
5 7 245 486 719
5 8 577 397 890
5 9 788 188 459
5 10 261 412 345
5 11 529 568 586
5 14 986 562 348
6 7 147 805 788
6 9 207 728 468
6 10 287 825 995
6 11 307 464 592
6 12 388 530 230
6 13 639 976 51
6 14 546 717 745
7 8 840 419 567
7 9 329 321 622
7 10 446 384 406
7 11 997 789 622
7 12 634 454 880
7 13 590 372 101
7 14 913 842 254
8 9 151 989 561
8 10 506 701 667
8 11 154 493 945
8 12 123 56 637
8 13 417 164 410
8 14 876 427 990
9 10 974 232 794
9 13 843 274 189
10 11 806 448 948
10 12 861 395 252
10 13 367 236 306
10 14 941 832 131
11 12 697 892 905
11 13 299 397 94
11 14 418 399 629
12 13 594 304 231
13 14 729 116 904
