15 3
0 2 829 369 84
0 3 508 507 649
0 4 743 190 480
0 5 598 158 619
0 6 664 492 650
0 7 813 690 881
0 11 116 400 282
0 12 733 293 953
0 13 647 219 694
0 14 506 443 656
1 2 338 776 910
1 3 843 798 552
1 4 886 123 603
1 6 480 845 274
1 7 218 422 731
1 8 150 204 859
1 9 231 713 882
1 10 400 642 474
1 12 272 114 720
1 13 486 298 575
2 3 801 823 917
2 5 270 613 495
2 6 944 984 553
2 7 481 963 768
2 8 592 302 98
2 9 574 942 878
2 10 705 542 599
2 11 842 299 688
2 12 536 534 995
2 14 527 817 509
3 4 615 971 704
3 5 465 600 335
3 6 198 269 506
3 8 878 207 67
3 9 209 476 445
3 10 432 837 710
3 11 208 147 674
3 13 446 860 513
3 14 457 660 875
4 5 558 970 823
4 6 194 264 951
4 7 223 325 476
4 8 686 201 492
4 9 842 645 995
4 10 228 125 531
4 11 553 164 173
4 12 65 454 86
4 13 139 938 601
4 14 493 229 125
5 6 433 720 869
5 7 308 162 124
5 8 970 976 871
5 9 777 267 305
5 10 328 680 415
5 11 561 814 125
5 12 458 160 298
5 13 181 580 182
5 14 974 924 816
6 7 390 667 273
6 8 196 166 857
6 10 133 110 622
6 11 80 406 540
6 13 772 959 547
6 14 941 912 379
7 8 300 937 83
7 10 169 885 882
7 12 946 685 972
7 13 945 543 708
7 14 826 805 671
8 9 171 955 286
8 11 355 924 462
8 12 550 756 300
8 13 305 150 687
9 10 626 631 296
9 12 298 175 524
9 13 421 267 764
9 14 181 71 341
10 11 263 612 871
10 13 847 449 283
10 14 799 700 780
11 12 716 523 901
11 13 806 187 159
11 14 915 722 445
13 14 920 593 824
