15 3
0 1 573 693 125
0 2 496 938 512
0 3 871 506 840
0 4 965 423 531
0 5 890 57 325
0 6 180 372 936
0 8 672 848 579
0 9 384 830 242
0 11 236 231 334
0 12 453 869 546
0 13 945 687 970
0 14 945 743 607
1 2 681 309 354
1 3 508 222 778
1 5 343 863 900
1 6 329 557 984
1 8 343 102 666
1 9 220 125 709
1 10 556 359 63
1 11 668 366 705
1 14 508 917 363
2 3 423 788 259
2 4 526 932 904
2 5 244 697 312
2 6 407 748 529
2 7 203 991 196
2 8 577 916 269
2 9 160 964 136
2 10 517 280 637
2 12 276 116 154
2 13 698 342 460
3 4 341 623 192
3 5 927 181 51
3 6 457 955 442
3 9 732 264 69
3 10 499 474 949
3 11 689 951 729
3 13 151 878 914
3 14 435 642 320
4 6 893 75 955
4 7 341 565 965
4 9 625 549 592
4 11 191 560 203
4 12 881 969 236
4 14 572 340 776
5 6 770 829 809
5 7 995 520 883
5 8 90 108 512
5 9 768 964 937
5 10 69 226 497
5 12 498 789 171
5 14 827 139 650
6 7 401 172 216
6 8 257 825 825
6 11 187 841 353
6 12 712 73 918
6 13 696 475 475
6 14 420 803 896
7 8 97 169 291
7 9 277 68 451
7 10 869 469 756
7 12 772 682 555
7 13 774 795 760
7 14 674 392 636
8 9 321 947 174
8 10 504 776 493
8 12 349 156 201
9 10 988 557 361
9 11 351 122 952
9 12 56 913 159
9 13 224 236 127
9 14 951 300 641
10 11 964 544 850
10 12 357 122 250
10 13 823 131 322
11 12 69 155 895
11 14 184 748 483
12 13 765 699 833
13 14 118 485 266
