15 3
0 1 664 655 478
0 2 734 830 159
0 3 951 742 230
0 4 980 628 871
0 5 414 631 423
0 6 516 838 579
0 7 959 876 511
0 8 363 362 279
0 9 788 669 744
0 10 360 497 436
0 11 861 473 569
0 12 892 414 169
0 13 127 473 490
0 14 734 730 281
1 2 697 730 699
1 3 540 757 901
1 4 565 933 990
1 5 443 633 472
1 6 545 116 995
1 7 107 639 639
1 8 210 602 369
1 9 635 202 822
1 10 672 355 886
1 11 584 255 885
1 12 914 875 291
1 13 462 609 83
1 14 623 767 725
2 3 685 245 969
2 4 488 716 64
2 5 153 463 765
2 6 408 889 282
2 7 309 372 934
2 8 829 474 533
2 9 314 303 471
2 10 559 466 501
2 11 576 350 393
2 12 328 911 224
2 13 89 475 133
2 14 818 827 328
3 4 824 922 181
3 5 901 228 156
3 6 132 926 312
3 7 698 88 271
3 8 926 523 871
3 9 712 160 444
3 10 483 827 112
3 11 79 927 553
3 12 861 941 145
3 13 652 726 784
3 14 581 828 509
4 5 308 206 430
4 6 941 967 186
4 7 427 400 934
4 8 547 118 293
4 9 879 322 581
4 10 212 94 480
4 11 129 779 409
4 12 73 350 201
4 13 105 772 348
4 14 173 309 452
5 6 375 794 152
5 7 397 860 170
5 8 721 804 143
5 9 877 85 600
5 10 876 678 648
5 11 644 297 817
5 12 747 879 579
5 13 104 163 866
5 14 463 562 156
6 7 572 598 427
6 8 344 266 628
6 9 498 618 91
6 10 900 907 939
6 11 748 585 953
6 12 770 71 351
6 13 637 433 223
6 14 103 752 377
7 8 349 560 960
7 9 78 62 580
7 10 441 306 728
7 11 981 243 545
7 12 319 880 442
7 13 659 800 377
7 14 819 527 247
8 9 375 501 194
8 10 615 864 772
8 11 96 395 709
8 12 934 441 252
8 13 611 617 835
8 14 984 863 223
9 10 793 561 883
9 11 133 412 598
9 12 339 406 806
9 13 160 960 423
9 14 770 55 955
10 11 906 168 414
10 12 611 443 623
10 13 177 119 824
10 14 606 845 470
11 12 881 405 304
11 13 96 602 253
11 14 895 96 711
12 13 323 416 104
12 14 356 763 318
13 14 148 77 298
