15 3
0 1 898 682 686
0 2 330 251 760
0 3 206 489 156
0 5 333 533 215
0 6 107 335 516
0 7 434 80 865
0 8 289 169 289
0 9 205 295 224
0 10 603 197 885
0 11 735 696 878
0 12 302 162 498
0 13 355 554 521
0 14 258 96 557
1 2 959 79 798
1 3 155 160 544
1 4 393 951 677
1 5 453 228 369
1 7 904 954 339
1 8 493 493 843
1 9 813 391 289
1 12 500 727 582
1 14 165 925 325
2 4 283 266 320
2 6 264 313 484
2 7 123 335 423
2 8 477 499 729
2 9 606 692 705
2 11 686 325 581
2 13 909 285 737
2 14 109 820 316
3 4 407 764 414
3 5 615 230 584
3 7 366 293 300
3 8 656 183 799
3 9 137 83 438
3 10 848 886 697
3 13 913 302 860
3 14 707 907 131
4 5 188 502 769
4 6 363 224 318
4 12 469 798 776
5 11 639 558 685
5 13 718 393 604
6 8 668 86 905
6 9 769 582 689
6 10 855 873 229
6 13 539 207 393
7 9 997 608 257
7 11 242 193 903
7 13 279 685 115
8 9 364 484 747
8 10 843 193 249
8 12 57 939 954
9 11 344 92 657
10 11 93 674 58
10 13 590 903 367
10 14 744 127 941
11 14 191 729 838
12 14 959 932 486
