15 3
0 3 420 453 266
0 4 551 90 925
0 5 489 50 518
0 12 77 174 168
0 14 129 677 111
1 5 780 816 547
1 6 931 991 288
1 7 725 264 973
1 10 586 845 597
1 12 73 549 990
1 13 147 260 104
1 14 309 758 407
2 3 808 960 741
2 4 152 759 442
2 5 995 804 664
2 6 351 104 929
2 7 849 526 394
2 8 608 507 643
2 9 79 464 339
2 11 642 936 844
2 14 532 71 533
3 4 950 482 281
3 5 367 933 366
3 6 801 710 57
3 7 271 247 838
3 8 673 768 327
3 10 879 222 688
3 12 781 179 218
3 13 875 704 105
3 14 930 338 130
4 5 632 679 932
4 7 318 432 494
4 11 860 938 805
4 13 832 713 837
4 14 836 262 519
5 7 976 798 520
5 8 153 603 512
5 9 310 536 593
5 11 856 50 822
5 13 951 599 771
6 9 756 310 890
6 10 682 108 134
6 12 805 248 323
6 13 983 178 614
7 8 954 191 136
7 12 561 253 733
7 13 691 904 398
7 14 166 824 696
8 10 734 840 952
8 12 673 971 329
8 14 927 143 200
9 10 383 723 236
9 13 860 635 495
10 12 571 53 401
11 13 247 439 875
11 14 905 634 863
12 13 582 120 570
12 14 461 599 341
13 14 700 154 521
