15 3
0 1 896 139 784
0 2 629 445 935
0 3 317 301 530
0 4 731 195 557
0 5 508 779 445
0 6 449 911 299
0 7 272 305 723
0 8 194 344 660
0 9 312 211 896
0 10 836 528 674
0 11 315 831 450
0 12 82 142 148
0 13 109 528 683
0 14 586 865 554
1 2 635 313 525
1 3 870 518 234
1 4 691 973 848
1 5 755 167 205
1 6 986 682 169
1 7 709 530 416
1 8 667 649 540
1 9 508 454 773
1 10 248 189 133
1 11 317 751 901
1 12 657 395 905
1 13 700 175 870
1 14 571 854 439
2 3 953 291 878
2 4 551 98 51
2 5 745 599 344
2 6 313 344 536
2 7 742 413 163
2 8 845 101 574
2 9 761 628 974
2 10 395 797 644
2 11 988 433 241
2 12 472 214 987
2 13 875 553 518
2 14 892 434 167
3 4 472 963 131
3 5 839 172 585
3 6 548 890 399
3 7 177 215 905
3 8 527 696 928
3 9 937 97 594
3 10 558 379 236
3 11 826 397 675
3 12 707 894 284
3 13 329 210 920
3 14 284 194 773
4 5 158 946 328
4 6 135 345 201
4 7 162 859 712
4 8 350 779 950
4 9 359 135 871
4 10 393 182 429
4 11 677 168 376
4 12 253 330 602
4 13 525 485 116
4 14 251 753 68
5 6 546 716 528
5 7 658 580 959
5 8 848 474 798
5 9 272 332 778
5 10 153 385 98
5 11 986 576 85
5 12 445 141 460
5 13 987 53 570
5 14 459 409 684
6 7 741 261 514
6 8 659 97 170
6 9 706 92 385
6 10 430 481 844
6 11 800 757 258
6 12 930 495 539
6 13 130 206 542
6 14 761 613 143
7 8 971 815 138
7 9 612 156 312
7 10 522 310 890
7 11 835 262 729
7 12 786 884 532
7 13 654 916 786
7 14 608 287 413
8 9 810 528 494
8 10 663 460 90
8 11 832 330 329
8 12 63 769 270
8 13 878 293 449
8 14 824 682 262
9 10 439 906 909
9 11 527 258 377
9 12 725 304 431
9 13 980 169 121
9 14 520 101 854
10 11 119 421 572
10 12 219 995 416
10 13 532 161 970
10 14 574 830 196
11 12 160 968 139
11 13 287 800 339
11 14 370 624 556
12 13 592 500 832
12 14 249 967 875
13 14 965 981 880
