15 3
0 1 411 175 556
0 2 705 679 333
0 3 377 607 737
0 4 194 386 520
0 5 874 730 70
0 6 928 261 916
0 7 269 298 940
0 8 219 336 533
0 9 672 412 819
0 10 657 396 619
0 11 52 466 734
0 12 262 856 616
0 13 359 795 633
0 14 644 714 594
1 2 351 668 657
1 3 915 734 953
1 4 53 174 513
1 5 252 987 410
1 6 942 287 611
1 7 122 111 301
1 8 845 456 900
1 9 165 235 980
1 10 899 103 997
1 11 981 932 865
1 12 111 540 558
1 13 865 97 900
1 14 264 245 548
2 3 199 589 860
2 4 578 933 342
2 5 362 892 282
2 6 912 354 468
2 7 196 943 317
2 8 398 988 405
2 9 312 357 86
2 10 591 313 614
2 11 925 167 868
2 12 394 553 701
2 13 762 612 108
2 14 476 438 924
3 4 983 657 866
3 5 296 712 238
3 6 876 252 367
3 7 98 193 838
3 8 409 820 667
3 9 703 739 768
3 10 93 116 469
3 11 348 880 277
3 12 836 844 749
3 13 594 400 790
3 14 892 675 202
4 5 647 674 313
4 6 776 295 328
4 7 60 682 406
4 8 138 403 66
4 9 110 701 539
4 10 92 243 749
4 11 598 236 508
4 12 99 112 107
4 13 817 701 146
4 14 81 826 272
5 6 590 61 638
5 7 406 84 605
5 8 782 428 149
5 9 142 230 941
5 10 511 677 458
5 11 954 702 521
5 12 698 597 199
5 13 594 561 708
5 14 380 177 486
6 7 577 704 620
6 8 369 427 727
6 9 914 412 934
6 10 369 486 198
6 11 690 195 720
6 12 852 912 339
6 13 677 937 633
6 14 628 329 649
7 8 501 491 785
7 9 935 375 958
7 10 410 52 309
7 11 113 681 175
7 12 761 610 782
7 13 354 841 866
7 14 478 788 908
8 9 522 205 311
8 10 982 561 974
8 11 689 684 545
8 12 266 442 346
8 13 636 409 554
8 14 636 522 929
9 10 708 77 542
9 11 544 595 786
9 12 282 848 772
9 13 865 952 329
9 14 892 542 180
10 11 474 792 755
10 12 174 900 714
10 13 137 320 733
10 14 556 891 985
11 12 466 645 78
11 13 469 559 97
11 14 433 811 902
12 13 156 663 339
12 14 522 312 654
13 14 703 111 67
