15 3
0 2 429 395 192
0 3 586 798 215
0 4 522 209 917
0 5 672 280 898
0 6 974 846 225
0 7 442 705 523
0 8 489 479 472
0 9 440 74 406
0 10 753 715 498
0 11 349 483 331
0 13 534 298 666
0 14 212 338 562
1 2 169 337 531
1 3 575 880 767
1 4 239 986 849
1 6 719 862 819
1 7 717 815 450
1 9 153 977 377
1 10 713 947 818
1 13 281 877 951
1 14 401 327 100
2 7 555 870 658
2 8 566 978 326
2 9 829 370 618
2 10 334 552 121
2 11 580 573 835
2 14 231 270 340
3 4 969 481 904
3 5 841 509 480
3 6 290 421 94
3 7 400 524 927
3 8 819 100 205
3 9 103 619 620
3 10 401 405 170
3 11 297 213 905
3 12 671 241 428
3 13 728 305 469
3 14 370 768 448
4 9 339 746 840
4 10 276 839 685
4 12 958 437 800
4 14 520 348 613
5 6 947 709 915
5 7 975 156 717
5 8 433 841 937
5 9 765 893 408
5 10 155 843 501
5 11 852 805 338
5 12 771 542 839
5 13 799 161 601
5 14 476 904 681
6 7 708 205 633
6 8 378 674 978
6 9 721 168 946
6 11 303 544 650
6 13 520 844 420
6 14 471 688 883
7 8 174 158 976
7 9 833 84 725
7 11 791 196 91
7 12 758 846 66
7 14 299 238 89
8 9 524 114 197
8 10 203 211 398
8 13 851 709 853
8 14 919 945 644
9 11 393 589 269
9 13 763 67 111
9 14 449 229 149
10 11 333 469 798
10 12 517 729 182
10 13 571 456 942
10 14 685 498 906
11 12 246 760 791
11 13 393 729 445
11 14 230 907 916
12 13 955 894 746
12 14 749 997 72
13 14 105 912 121
