15 3
0 1 255 67 294
0 2 475 600 229
0 3 904 114 663
0 5 980 137 916
0 6 594 673 677
0 8 525 596 257
0 9 935 101 739
0 10 179 570 600
0 11 525 909 536
0 12 207 141 587
0 13 378 445 394
1 2 152 705 518
1 4 377 870 454
1 5 998 735 101
1 7 457 614 886
1 9 701 806 834
1 11 313 125 408
1 12 203 857 892
1 13 810 480 610
1 14 626 952 917
2 3 496 914 285
2 4 555 145 377
2 6 54 781 255
2 7 242 764 387
2 8 452 507 294
2 9 548 947 785
2 11 775 438 834
2 12 317 516 352
2 13 540 329 57
2 14 930 164 540
3 4 861 460 667
3 5 763 822 898
3 6 659 228 150
3 8 877 946 117
3 9 210 229 980
3 10 900 162 569
3 11 212 767 864
3 14 811 658 406
4 5 836 546 930
4 6 109 974 585
4 7 206 552 477
4 8 666 222 317
4 10 946 530 71
4 11 99 560 855
4 12 787 793 724
4 13 56 60 79
4 14 708 517 352
5 6 920 980 469
5 7 406 327 562
5 10 667 589 813
5 11 545 722 342
5 12 792 740 208
5 14 458 337 903
6 8 660 166 281
6 9 959 212 382
6 10 701 100 142
6 11 576 815 744
6 12 401 51 617
6 13 262 898 521
7 8 833 868 514
7 9 224 378 854
7 10 208 467 973
7 14 765 255 930
8 10 297 88 956
8 11 456 537 237
8 12 821 417 890
8 14 717 820 834
9 10 544 333 674
9 11 346 439 126
9 12 379 495 139
9 13 895 288 977
9 14 776 973 497
10 12 294 542 103
10 13 54 444 64
11 12 414 616 787
11 13 739 373 377
12 14 385 60 100
