15 3
0 1 685 291 693
0 2 580 657 519
0 4 326 349 293
0 5 475 879 716
0 7 668 103 801
0 8 864 833 591
0 9 279 221 474
0 11 520 325 820
0 12 253 233 178
0 13 156 529 208
1 6 81 648 698
1 8 661 428 64
1 9 741 562 512
1 10 974 624 987
1 11 875 326 263
1 12 104 808 652
1 13 459 111 700
1 14 885 188 286
2 3 712 274 539
2 4 239 863 761
2 6 143 508 884
2 7 362 142 114
2 10 601 774 855
2 11 864 365 285
2 13 242 890 271
2 14 643 144 873
3 4 265 226 375
3 6 819 965 290
3 9 927 119 153
3 10 666 146 266
3 11 267 528 553
3 12 600 681 895
3 14 157 994 173
4 5 107 921 136
4 6 600 765 484
4 7 784 702 774
4 8 844 964 497
4 9 213 868 798
4 10 303 721 619
4 11 909 641 602
4 12 188 615 122
4 13 986 686 506
4 14 385 337 841
5 6 796 901 896
5 7 437 468 757
5 10 377 293 785
5 11 623 573 869
5 13 622 506 157
5 14 172 887 981
6 8 929 367 286
6 9 276 967 662
6 10 274 94 650
6 11 254 693 638
6 13 391 687 587
6 14 504 530 388
7 8 873 644 602
7 10 546 531 606
7 11 271 678 527
7 12 232 113 605
7 13 103 859 654
8 9 199 436 334
8 11 477 412 158
8 12 109 806 479
8 13 592 959 340
8 14 265 260 931
9 10 699 389 668
9 11 700 292 369
9 12 898 768 886
9 13 808 321 979
9 14 564 835 792
10 11 767 985 143
10 12 521 282 477
10 13 200 538 811
10 14 798 108 599
11 13 766 230 477
11 14 348 167 722
12 13 577 211 878
13 14 742 769 407
