15 3
0 2 599 529 757
0 3 981 912 577
0 4 117 394 488
0 5 260 200 566
0 8 407 133 85
0 9 638 731 526
0 11 609 977 733
0 12 275 322 889
1 4 878 892 364
1 6 845 410 706
1 7 72 362 493
1 13 644 957 273
2 4 231 374 181
2 9 693 240 859
2 11 904 585 449
2 13 181 814 407
3 5 722 234 938
3 7 212 579 590
3 9 536 553 979
3 11 924 469 886
3 14 147 556 866
4 5 84 345 58
4 6 761 615 367
4 8 153 653 952
4 9 326 289 344
4 10 220 268 522
4 12 181 976 559
4 13 769 362 510
5 8 402 650 130
5 9 220 466 71
5 10 386 147 854
5 11 927 623 644
6 8 404 429 788
6 9 548 115 900
6 10 757 876 411
6 14 737 741 672
7 8 773 336 262
7 11 876 770 110
7 12 220 211 574
8 11 983 541 473
8 13 303 567 605
9 10 746 682 646
9 11 551 745 495
9 14 989 214 757
10 13 109 104 988
10 14 90 359 72
