15 3
0 3 721 890 580
0 4 120 165 968
0 5 832 449 359
0 7 719 280 766
0 8 268 243 233
0 11 336 790 409
0 13 348 647 622
1 2 638 135 925
1 5 513 625 994
1 6 226 653 748
1 7 221 407 265
1 8 352 373 584
1 10 144 646 441
2 3 941 851 541
2 5 299 728 380
2 7 649 375 628
2 8 392 316 76
2 9 681 413 569
2 13 75 783 407
3 4 873 863 723
3 7 755 743 947
3 9 217 513 697
3 11 350 501 236
4 6 63 753 503
4 9 763 679 378
4 10 593 719 223
4 11 753 293 792
4 13 697 970 628
5 6 317 167 371
5 9 712 236 877
5 12 631 609 896
5 14 466 478 680
6 9 629 937 758
6 11 965 888 231
7 8 88 665 279
7 9 112 305 546
7 11 322 438 316
7 12 279 467 78
7 14 69 163 695
8 10 654 966 998
8 11 945 949 529
8 13 500 778 315
9 10 800 242 177
9 11 789 138 636
10 11 124 753 224
10 13 853 925 401
11 12 343 455 511
11 13 579 58 256
11 14 601 980 756
12 13 789 943 622
12 14 577 772 231
13 14 195 895 459
