15 3
0 1 256 278 694
0 3 835 479 503
0 4 782 703 501
0 5 779 805 111
0 6 992 902 919
0 7 734 709 133
0 11 934 875 988
0 14 734 919 912
1 5 716 191 894
1 6 228 669 568
1 9 916 271 278
1 10 148 623 921
1 11 82 588 242
1 13 173 127 227
1 14 806 87 542
2 3 797 202 425
2 5 664 227 295
2 6 840 906 995
2 8 623 409 77
2 9 667 632 263
3 4 300 312 640
3 5 825 96 680
3 6 703 718 805
3 8 717 981 862
3 9 788 876 808
3 12 357 337 777
3 14 755 232 403
4 5 986 830 617
4 6 992 779 927
4 7 178 404 446
4 8 165 303 329
4 11 464 569 387
4 12 492 161 603
4 14 692 705 252
5 6 220 441 433
5 8 525 76 287
5 13 139 404 778
5 14 236 329 444
6 9 702 618 674
6 11 62 812 976
6 13 611 639 143
6 14 124 334 607
7 9 340 212 777
7 10 690 176 867
7 11 192 788 522
7 12 980 694 275
8 10 118 382 433
8 11 962 454 375
8 12 346 370 428
8 13 630 315 868
8 14 674 146 777
10 13 315 400 323
11 12 51 139 705
12 13 480 492 990
13 14 217 142 947
