15 4
0 4 975 352 951 937
0 9 235 701 364 453
0 12 125 913 749 102
1 6 221 172 688 912
1 10 140 60 837 181
1 12 88 359 413 446
1 14 412 697 407 563
2 3 101 169 98 352
2 5 123 689 910 120
2 6 578 413 167 997
3 5 948 987 697 568
3 6 344 851 343 384
3 11 739 397 861 523
3 12 632 902 217 198
3 13 800 676 135 491
4 5 499 785 70 982
4 10 654 933 995 85
4 13 992 234 78 941
5 7 641 147 435 517
6 12 253 407 893 828
6 14 630 116 505 799
7 8 998 836 657 333
7 9 565 161 108 886
10 11 768 284 290 766
10 14 589 897 582 179
12 14 80 121 469 858
