15 4
0 1 534 567 720 589
0 2 662 924 515 153
0 3 785 372 415 190
0 4 56 589 202 101
0 5 303 944 552 650
0 6 950 433 402 923
0 7 723 861 141 298
0 8 270 252 947 985
0 9 990 246 235 814
0 10 915 569 89 492
0 11 274 384 228 527
0 12 93 859 918 650
0 13 97 852 569 408
0 14 798 973 567 345
1 2 182 902 992 589
1 3 286 89 965 275
1 4 897 849 685 833
1 5 254 676 233 322
1 6 266 809 527 839
1 7 249 707 840 988
1 8 224 132 199 792
1 9 988 368 414 757
1 10 773 639 824 123
1 11 674 243 577 603
1 12 178 256 633 606
1 13 903 819 640 872
1 14 140 250 966 93
2 3 929 258 307 116
2 4 916 713 153 440
2 5 426 868 83 201
2 6 542 200 605 101
2 7 262 611 270 795
2 8 55 520 163 792
2 9 540 976 249 291
2 10 559 87 74 961
2 11 901 142 783 588
2 12 774 192 615 573
2 13 246 112 924 623
2 14 173 196 393 157
3 4 311 241 961 383
3 5 807 935 719 363
3 6 404 94 296 633
3 7 797 84 696 725
3 8 242 326 697 337
3 9 414 990 914 614
3 10 667 196 97 297
3 11 441 526 59 907
3 12 876 990 960 307
3 13 403 586 320 476
3 14 110 670 284 176
4 5 752 734 946 978
4 6 836 486 385 73
4 7 441 126 327 528
4 8 213 869 589 737
4 9 974 283 426 167
4 10 454 865 736 100
4 11 982 966 852 110
4 12 343 965 511 369
4 13 280 663 708 166
4 14 872 119 500 472
5 6 715 337 581 974
5 7 161 479 575 539
5 8 89 919 469 651
5 9 52 683 165 899
5 10 857 915 474 858
5 11 661 846 138 955
5 12 907 381 711 342
5 13 79 280 181 697
5 14 659 934 738 397
6 7 947 812 582 913
6 8 953 512 648 221
6 9 293 414 568 126
6 10 412 182 292 245
6 11 74 91 149 840
6 12 241 905 468 255
6 13 141 487 559 998
6 14 81 839 338 232
7 8 834 940 340 171
7 9 117 964 637 762
7 10 838 980 233 199
7 11 891 580 845 70
7 12 568 682 897 540
7 13 758 606 119 502
7 14 901 313 137 997
8 9 761 661 591 479
8 10 806 507 218 810
8 11 346 671 570 349
8 12 718 350 241 310
8 13 214 285 718 786
8 14 419 146 941 574
9 10 545 962 717 498
9 11 434 149 515 202
9 12 794 946 772 698
9 13 579 307 961 439
9 14 782 271 509 519
10 11 887 906 375 716
10 12 636 163 999 315
10 13 673 565 450 450
10 14 845 354 972 347
11 12 394 695 611 796
11 13 620 407 783 924
11 14 359 708 724 920
12 13 838 785 346 107
12 14 952 306 843 637
13 14 271 56 549 313
