15 4
0 1 88 713 696 309
0 2 981 186 870 372
0 3 797 467 949 85
0 4 988 943 933 324
0 5 667 84 659 394
0 6 124 892 975 467
0 7 707 763 168 185
0 8 373 688 673 84
0 9 694 909 364 231
0 10 325 913 591 548
0 11 111 240 914 420
0 12 107 588 258 421
0 13 268 95 57 485
0 14 815 359 921 388
1 2 427 479 235 336
1 3 742 468 502 499
1 4 354 235 345 233
1 5 378 307 361 825
1 6 182 605 879 317
1 7 565 679 766 970
1 8 284 123 695 517
1 9 320 975 814 399
1 10 914 432 556 605
1 11 59 293 543 56
1 12 912 639 523 430
1 13 744 479 613 107
1 14 271 679 185 541
2 3 763 488 485 184
2 4 684 576 616 310
2 5 288 818 669 583
2 6 60 112 490 53
2 7 660 834 914 754
2 8 50 409 684 638
2 9 845 108 593 391
2 10 952 698 291 596
2 11 316 429 255 597
2 12 462 465 971 848
2 13 362 274 690 677
2 14 656 866 135 902
3 4 693 757 986 734
3 5 213 313 569 963
3 6 636 644 149 491
3 7 54 912 149 687
3 8 226 371 340 827
3 9 608 423 466 56
3 10 952 891 55 862
3 11 352 75 728 342
3 12 435 322 693 135
3 13 590 549 811 930
3 14 809 292 704 622
4 5 454 463 926 844
4 6 720 249 789 728
4 7 254 93 346 203
4 8 624 989 676 576
4 9 169 906 648 550
4 10 201 264 143 100
4 11 139 808 619 172
4 12 985 734 928 683
4 13 526 921 448 914
4 14 296 446 587 634
5 6 850 271 652 788
5 7 876 97 382 957
5 8 501 347 499 396
5 9 598 494 167 212
5 10 695 138 310 655
5 11 860 249 331 157
5 12 70 492 693 421
5 13 248 924 630 84
5 14 693 779 935 824
6 7 902 439 780 724
6 8 305 303 407 728
6 9 103 377 472 487
6 10 945 705 847 367
6 11 730 518 753 467
6 12 893 737 298 935
6 13 245 878 603 723
6 14 867 196 908 302
7 8 905 684 489 258
7 9 393 386 278 546
7 10 462 823 641 931
7 11 629 597 151 462
7 12 541 432 877 701
7 13 734 963 372 726
7 14 365 695 786 317
8 9 315 993 252 451
8 10 558 813 496 737
8 11 758 866 99 518
8 12 51 365 678 195
8 13 191 999 547 454
8 14 466 59 446 142
9 10 905 159 466 326
9 11 68 350 680 638
9 12 916 198 218 201
9 13 825 895 933 571
9 14 368 746 471 853
10 11 393 618 479 846
10 12 957 417 782 458
10 13 948 363 84 273
10 14 843 422 922 675
11 12 778 195 503 915
11 13 560 833 382 446
11 14 902 476 417 380
12 13 211 211 503 111
12 14 596 387 415 265
13 14 200 550 521 290
