15 4
0 1 51 327 440 484
0 2 224 211 729 145
0 3 576 693 269 488
0 4 232 323 158 845
0 6 200 100 132 207
0 7 600 596 710 107
0 9 543 836 142 167
0 11 970 137 701 426
0 12 181 380 957 446
0 14 238 72 597 480
1 2 478 169 794 341
1 4 201 131 298 831
1 6 232 570 297 962
1 8 531 747 483 746
1 9 883 486 566 602
1 11 400 366 885 432
1 12 594 649 871 654
1 13 224 172 462 955
1 14 750 787 638 207
2 4 626 182 397 251
2 5 69 777 875 979
2 6 482 871 649 783
2 9 862 200 190 308
2 10 244 301 651 367
2 12 68 869 253 497
3 7 833 838 652 313
3 13 570 443 713 951
4 5 778 692 484 928
4 6 751 826 66 206
4 7 595 260 692 991
4 11 153 338 940 551
4 12 882 651 788 971
4 13 335 282 281 104
5 7 244 316 148 159
5 8 977 429 337 639
5 9 439 770 406 432
5 11 422 219 846 143
5 13 679 165 624 343
6 7 344 322 400 796
6 9 437 189 676 890
6 11 900 353 292 533
6 13 879 372 221 889
6 14 379 266 887 456
7 8 736 111 894 216
7 10 782 832 756 157
7 11 265 517 921 582
7 12 924 524 540 153
8 9 458 151 314 445
8 13 664 229 567 315
9 10 337 929 538 255
10 11 691 798 85 85
10 14 62 521 788 343
11 13 876 959 402 461
11 14 157 946 898 474
12 13 453 555 57 950
