15 4
0 1 769 834 187 360
0 2 840 446 257 672
0 3 365 434 721 614
0 4 480 664 884 446
0 5 925 502 759 781
0 6 288 258 740 426
0 7 282 109 733 244
0 8 744 936 595 526
0 9 80 666 221 845
0 10 758 789 272 260
0 11 279 375 676 597
0 12 360 980 595 52
0 13 415 247 291 589
0 14 968 370 63 972
1 2 562 739 297 814
1 3 935 151 378 357
1 4 851 587 463 379
1 5 190 376 702 879
1 6 228 711 92 327
1 7 893 71 422 661
1 8 151 656 738 964
1 9 518 323 919 983
1 10 183 612 816 394
1 11 482 553 257 250
1 12 470 472 266 389
1 13 992 631 722 187
1 14 324 135 326 583
2 3 673 292 879 341
2 4 894 656 890 329
2 5 751 190 527 249
2 6 386 951 644 219
2 7 812 926 953 937
2 8 643 670 74 634
2 9 214 343 603 66
2 10 973 584 497 705
2 11 937 755 880 806
2 12 896 622 198 537
2 13 853 706 430 312
2 14 362 272 641 959
3 4 326 175 228 443
3 5 65 570 251 894
3 6 729 621 119 381
3 7 810 99 624 309
3 8 826 573 535 722
3 9 441 774 522 639
3 10 62 501 174 197
3 11 592 156 500 992
3 12 934 914 821 946
3 13 417 71 122 664
3 14 195 672 927 865
4 5 482 377 516 505
4 6 358 593 333 339
4 7 397 189 591 608
4 8 189 450 564 518
4 9 324 58 710 180
4 10 731 58 786 907
4 11 965 660 956 656
4 12 816 521 279 486
4 13 388 907 124 772
4 14 260 654 56 308
5 6 756 305 663 718
5 7 66 891 291 456
5 8 233 209 750 754
5 9 218 522 938 64
5 10 605 768 203 401
5 11 396 241 624 916
5 12 730 651 493 112
5 13 909 707 415 226
5 14 622 52 795 676
6 7 85 276 951 952
6 8 502 466 587 343
6 9 534 934 690 581
6 10 236 895 430 118
6 11 538 448 705 986
6 12 658 814 738 317
6 13 310 864 93 109
6 14 456 974 625 177
7 8 202 224 514 316
7 9 916 947 329 698
7 10 889 637 215 681
7 11 171 360 295 101
7 12 805 757 457 307
7 13 571 76 218 644
7 14 637 855 561 118
8 9 434 230 842 124
8 10 137 941 909 290
8 11 162 943 419 605
8 12 919 153 459 778
8 13 406 342 933 674
8 14 131 942 857 491
9 10 784 336 618 666
9 11 452 905 945 291
9 12 915 341 202 758
9 13 428 275 395 52
9 14 211 701 823 825
10 11 367 405 671 800
10 12 916 565 823 250
10 13 54 801 920 131
10 14 836 973 906 203
11 12 887 97 455 220
11 13 278 176 890 660
11 14 381 662 713 391
12 13 391 651 442 910
12 14 806 498 158 954
13 14 895 334 238 786
