15 4
0 1 986 669 125 149
0 2 782 346 428 772
0 3 796 884 956 433
0 4 685 396 554 810
0 5 827 152 387 658
0 6 834 304 323 656
0 7 349 67 913 266
0 8 884 983 735 826
0 9 373 196 251 676
0 10 146 160 136 74
0 11 845 470 587 251
0 12 763 273 231 244
0 13 226 870 665 222
0 14 619 799 966 723
1 2 950 736 583 614
1 3 898 168 870 937
1 4 126 945 61 921
1 5 82 646 954 617
1 6 767 688 794 709
1 7 412 538 675 689
1 8 267 353 727 101
1 9 879 566 141 706
1 10 886 760 913 617
1 11 883 94 65 761
1 12 407 674 498 547
1 13 536 897 830 323
1 14 919 923 984 128
2 3 101 999 70 135
2 4 451 553 322 693
2 5 616 946 692 431
2 6 215 855 357 241
2 7 862 894 99 911
2 8 431 628 989 272
2 9 829 821 415 906
2 10 431 175 703 976
2 11 672 791 53 494
2 12 328 810 736 221
2 13 302 726 166 874
2 14 226 733 672 189
3 4 458 119 499 208
3 5 796 860 500 189
3 6 63 321 679 687
3 7 982 799 930 477
3 8 763 991 252 821
3 9 396 870 770 382
3 10 267 910 370 66
3 11 836 358 567 255
3 12 155 892 711 835
3 13 161 365 973 637
3 14 280 173 710 192
4 5 284 445 267 536
4 6 965 181 502 500
4 7 183 827 174 618
4 8 424 493 971 958
4 9 685 144 795 790
4 10 916 912 340 797
4 11 515 183 794 982
4 12 313 155 277 665
4 13 293 861 858 53
4 14 680 688 416 503
5 6 995 752 200 349
5 7 649 320 268 340
5 8 396 631 931 63
5 9 903 234 745 60
5 10 875 245 227 768
5 11 717 646 713 935
5 12 107 790 918 243
5 13 535 50 775 348
5 14 322 690 125 257
6 7 367 711 534 386
6 8 331 796 306 726
6 9 886 61 71 760
6 10 734 300 197 486
6 11 818 313 748 933
6 12 457 991 949 834
6 13 475 174 478 300
6 14 193 187 780 115
7 8 565 587 528 124
7 9 291 115 668 670
7 10 549 717 587 209
7 11 350 302 514 436
7 12 201 847 917 474
7 13 746 808 956 266
7 14 183 158 561 505
8 9 771 722 257 159
8 10 254 854 997 401
8 11 791 164 250 645
8 12 572 436 51 265
8 13 150 605 994 294
8 14 461 214 524 527
9 10 827 570 698 587
9 11 551 801 499 621
9 12 813 913 578 128
9 13 492 582 846 155
9 14 910 477 735 296
10 11 974 597 548 412
10 12 549 950 907 202
10 13 186 316 926 88
10 14 746 643 190 492
11 12 601 562 99 960
11 13 807 787 263 443
11 14 722 499 956 105
12 13 853 281 508 606
12 14 63 953 927 809
13 14 515 505 205 493
