15 4
0 1 540 439 517 185
0 2 131 755 415 332
0 3 235 513 823 635
0 4 363 300 325 582
0 5 60 925 486 396
0 6 635 954 983 470
0 7 295 899 605 691
0 8 454 434 507 380
0 9 518 492 387 935
0 10 52 179 80 923
0 11 490 967 264 491
0 12 140 337 887 391
0 13 777 561 143 236
0 14 167 794 612 749
1 2 350 724 892 714
1 3 645 163 492 729
1 4 265 656 937 943
1 5 865 660 852 915
1 6 925 460 377 879
1 7 739 325 457 324
1 8 340 843 392 150
1 9 698 381 576 411
1 10 613 115 776 167
1 11 702 494 696 810
1 12 799 62 463 643
1 13 250 503 328 74
1 14 240 992 380 780
2 3 409 845 597 365
2 4 401 365 970 690
2 5 161 201 877 611
2 6 367 87 64 499
2 7 985 910 829 359
2 8 854 166 617 495
2 9 983 700 590 234
2 10 615 625 168 288
2 11 372 484 374 86
2 12 959 565 677 430
2 13 518 788 226 230
2 14 648 665 723 365
3 4 767 239 699 220
3 5 762 323 318 631
3 6 796 806 95 473
3 7 952 949 921 552
3 8 545 538 370 628
3 9 132 327 416 830
3 10 463 152 352 902
3 11 664 451 330 720
3 12 699 717 655 130
3 13 470 251 839 238
3 14 280 826 710 980
4 5 691 676 552 432
4 6 950 759 567 867
4 7 458 736 552 391
4 8 161 600 901 313
4 9 656 793 243 955
4 10 303 165 338 533
4 11 664 365 423 458
4 12 118 685 890 471
4 13 961 598 298 284
4 14 246 866 998 899
5 6 77 946 141 246
5 7 253 562 490 957
5 8 346 900 252 159
5 9 75 358 175 151
5 10 874 507 970 756
5 11 74 654 230 549
5 12 198 648 527 956
5 13 546 570 838 556
5 14 285 313 70 570
6 7 245 898 932 883
6 8 73 495 330 721
6 9 123 808 363 462
6 10 54 963 403 339
6 11 413 500 543 310
6 12 898 774 158 989
6 13 399 381 587 931
6 14 526 868 925 590
7 8 367 952 722 662
7 9 593 987 696 559
7 10 940 383 475 781
7 11 873 186 129 943
7 12 867 79 270 949
7 13 401 745 69 133
7 14 251 683 251 190
8 9 502 876 739 741
8 10 145 821 768 568
8 11 606 374 260 683
8 12 246 93 282 354
8 13 185 563 181 92
8 14 461 402 981 424
9 10 602 63 741 736
9 11 533 984 478 728
9 12 742 418 207 185
9 13 108 567 536 687
9 14 667 522 832 288
10 11 864 238 625 752
10 12 64 282 734 530
10 13 667 912 761 290
10 14 464 85 268 217
11 12 412 340 180 207
11 13 300 597 316 569
11 14 134 370 733 973
12 13 428 895 894 142
12 14 568 406 362 528
13 14 990 807 261 132
