15 4
0 1 806 874 490 702
0 2 950 217 725 690
0 3 694 260 737 381
0 4 80 999 414 888
0 5 531 243 170 709
0 6 732 557 232 236
0 7 124 362 240 551
0 8 636 266 160 862
0 9 831 120 414 560
0 10 508 702 934 552
0 11 710 756 383 472
0 12 899 747 999 294
0 13 83 251 290 834
0 14 334 520 187 789
1 2 203 956 446 850
1 3 556 742 126 427
1 4 367 207 408 171
1 5 183 621 82 63
1 6 607 574 223 438
1 7 343 300 141 959
1 8 190 479 529 812
1 9 579 623 166 650
1 10 411 712 927 144
1 11 101 310 789 775
1 12 762 400 614 376
1 13 612 111 716 471
1 14 174 762 67 770
2 3 902 809 300 119
2 4 179 378 976 647
2 5 139 265 138 957
2 6 249 461 235 560
2 7 998 248 237 607
2 8 927 115 748 581
2 9 162 812 309 505
2 10 253 265 636 813
2 11 398 629 566 267
2 12 188 508 85 593
2 13 936 179 518 287
2 14 476 436 53 547
3 4 183 637 396 643
3 5 498 102 957 429
3 6 474 66 611 371
3 7 613 969 900 290
3 8 74 325 333 276
3 9 775 801 499 801
3 10 905 596 801 851
3 11 759 488 348 348
3 12 297 656 959 342
3 13 269 647 242 915
3 14 723 120 882 447
4 5 167 71 800 616
4 6 84 393 804 780
4 7 559 420 884 720
4 8 320 683 896 66
4 9 753 733 578 794
4 10 775 641 522 767
4 11 925 817 385 692
4 12 561 778 572 309
4 13 222 394 926 74
4 14 96 859 530 63
5 6 479 570 973 992
5 7 110 372 124 816
5 8 859 784 823 902
5 9 838 639 450 480
5 10 162 60 960 385
5 11 875 178 337 368
5 12 800 653 336 686
5 13 955 189 872 96
5 14 55 391 320 798
6 7 982 304 471 500
6 8 436 261 557 992
6 9 701 830 296 830
6 10 121 618 856 108
6 11 431 359 821 151
6 12 561 598 187 821
6 13 450 447 303 699
6 14 692 311 114 818
7 8 372 129 481 68
7 9 526 441 809 647
7 10 596 869 977 356
7 11 161 992 168 889
7 12 877 882 223 316
7 13 708 602 728 613
7 14 77 58 843 915
8 9 843 240 881 86
8 10 559 427 897 250
8 11 897 967 859 805
8 12 214 511 434 433
8 13 274 921 787 191
8 14 570 812 958 427
9 10 678 251 904 481
9 11 955 724 612 478
9 12 794 372 506 851
9 13 404 304 362 998
9 14 476 568 551 287
10 11 230 741 105 175
10 12 630 866 321 308
10 13 947 446 377 463
10 14 905 637 379 405
11 12 704 617 370 430
11 13 585 830 744 133
11 14 851 67 900 217
12 13 614 568 113 842
12 14 616 888 302 466
13 14 93 773 465 731
