15 4
0 2 509 503 773 139
0 3 370 527 254 194
0 5 846 488 917 401
0 6 302 757 613 178
0 7 798 859 683 544
0 8 813 910 352 268
0 9 561 990 813 521
0 10 334 339 93 215
0 12 591 121 796 937
0 14 935 235 614 187
1 2 727 176 751 983
1 3 866 484 593 674
1 5 428 73 653 731
1 8 105 203 202 174
1 11 583 861 263 416
1 12 140 549 965 436
2 3 824 811 994 852
2 4 663 519 567 688
2 5 606 768 444 760
2 7 687 967 900 359
2 12 83 324 79 668
2 14 215 333 364 610
3 6 581 917 599 612
3 7 304 550 963 569
3 9 255 71 775 608
3 10 615 710 757 692
3 11 853 183 871 677
3 12 334 464 502 654
3 13 856 376 674 695
4 6 276 75 917 155
4 7 117 62 415 218
4 8 165 144 368 68
4 9 188 475 513 374
4 10 187 143 819 397
4 14 987 263 116 773
5 7 328 891 252 773
5 9 688 355 775 950
5 10 967 668 881 934
5 11 592 204 394 599
6 7 740 838 538 537
6 8 415 331 652 95
6 11 919 331 475 102
6 13 431 549 60 236
7 13 772 804 457 661
8 13 125 148 941 86
8 14 292 953 673 517
9 10 457 603 798 205
9 11 728 387 462 901
10 13 709 564 213 749
11 12 578 178 305 717
11 14 458 834 418 669
12 13 510 356 133 519
13 14 288 257 226 811
