15 4
0 2 954 551 567 881
0 3 773 319 391 630
0 9 114 634 745 505
0 11 899 230 432 701
0 12 798 930 720 960
1 6 375 645 878 754
1 9 215 343 393 218
1 12 213 112 848 288
1 13 822 587 190 156
2 4 613 381 814 956
2 5 304 811 592 178
3 5 599 972 106 708
3 11 734 587 73 382
4 5 589 906 623 779
4 6 303 736 243 832
5 10 698 521 324 384
5 14 901 76 998 395
6 10 798 537 404 558
6 12 280 167 523 816
7 12 588 684 611 83
7 13 98 446 870 579
8 9 295 486 161 868
8 11 571 524 134 905
8 14 788 513 423 703
9 13 910 530 351 226
9 14 925 869 897 387
10 13 925 237 293 258
11 12 477 458 341 914
