15 4
0 1 784 740 571 79
0 2 731 929 269 67
0 3 293 219 233 371
0 4 909 369 759 882
0 5 141 444 914 364
0 6 935 478 923 532
0 7 293 76 552 503
0 8 541 710 920 382
0 9 824 793 644 846
0 10 149 194 515 657
0 11 751 947 341 144
0 12 357 650 564 754
0 13 106 262 217 65
0 14 641 584 676 529
1 2 186 459 471 473
1 3 474 360 964 705
1 4 127 445 401 525
1 5 243 581 620 285
1 6 470 717 732 660
1 7 237 403 724 409
1 8 715 454 943 583
1 9 310 405 830 482
1 10 447 635 494 938
1 11 243 125 306 614
1 12 333 622 509 535
1 13 368 878 136 820
1 14 529 446 992 367
2 3 930 869 58 585
2 4 602 856 542 655
2 5 308 482 600 491
2 6 728 135 635 344
2 7 382 466 682 452
2 8 864 103 894 119
2 9 607 955 624 277
2 10 724 175 627 567
2 11 808 880 563 486
2 12 524 307 663 517
2 13 512 361 655 208
2 14 499 167 533 148
3 4 613 720 724 955
3 5 401 937 669 970
3 6 446 690 604 933
3 7 343 528 688 790
3 8 857 494 791 478
3 9 360 212 784 299
3 10 358 527 459 233
3 11 529 567 282 290
3 12 69 621 127 751
3 13 319 584 113 397
3 14 287 562 335 330
4 5 342 732 136 850
4 6 400 342 889 441
4 7 335 560 165 981
4 8 218 169 370 572
4 9 499 190 807 260
4 10 671 907 551 755
4 11 98 394 112 196
4 12 427 582 329 286
4 13 222 681 815 755
4 14 911 209 201 309
5 6 98 131 734 987
5 7 252 777 681 853
5 8 725 347 498 803
5 9 775 708 445 832
5 10 275 397 399 572
5 11 241 829 643 659
5 12 522 696 965 900
5 13 779 771 299 614
5 14 592 92 981 618
6 7 640 436 272 421
6 8 927 688 203 787
6 9 176 232 500 748
6 10 316 332 901 188
6 11 114 386 386 947
6 12 291 379 689 402
6 13 249 112 291 432
6 14 687 312 125 413
7 8 540 805 769 623
7 9 840 215 939 95
7 10 991 158 699 751
7 11 409 662 608 124
7 12 794 732 564 83
7 13 245 555 732 259
7 14 504 138 567 734
8 9 273 819 879 660
8 10 291 649 188 504
8 11 648 931 498 138
8 12 423 554 678 190
8 13 103 344 331 73
8 14 485 854 955 64
9 10 577 606 124 172
9 11 772 330 327 188
9 12 914 422 114 299
9 13 933 280 951 921
9 14 274 638 407 285
10 11 664 878 628 265
10 12 412 850 256 424
10 13 97 156 517 818
10 14 747 620 703 185
11 12 66 459 164 514
11 13 974 174 349 631
11 14 982 411 182 281
12 13 623 433 957 763
12 14 671 723 728 207
13 14 646 788 714 572
