15 4
0 1 455 512 809 57
0 2 885 982 327 751
0 3 354 510 141 816
0 4 215 259 769 914
0 5 674 236 832 843
0 6 391 754 664 912
0 7 833 911 50 405
0 8 870 897 754 485
0 9 283 174 921 379
0 10 981 400 908 615
0 11 136 487 468 900
0 12 952 212 811 363
0 13 123 443 632 776
0 14 203 751 502 854
1 2 852 769 231 711
1 3 260 119 692 528
1 4 870 730 372 911
1 5 960 661 242 743
1 6 843 609 557 258
1 7 782 376 709 293
1 8 439 266 330 530
1 9 948 940 489 639
1 10 261 983 873 590
1 11 762 918 399 262
1 12 236 131 975 304
1 13 225 514 199 317
1 14 189 570 509 323
2 3 609 875 824 897
2 4 671 232 500 885
2 5 907 987 344 796
2 6 164 807 799 443
2 7 85 133 929 270
2 8 926 610 613 607
2 9 268 353 884 470
2 10 604 884 451 742
2 11 699 875 852 105
2 12 982 470 761 477
2 13 225 114 236 176
2 14 57 319 599 613
3 4 802 894 562 200
3 5 55 213 720 875
3 6 102 936 251 850
3 7 583 304 747 492
3 8 172 584 176 613
3 9 548 534 628 353
3 10 252 119 845 701
3 11 846 886 973 913
3 12 128 847 430 819
3 13 882 547 925 676
3 14 625 814 922 676
4 5 483 961 613 528
4 6 506 172 163 724
4 7 236 173 835 727
4 8 822 622 862 125
4 9 621 866 562 473
4 10 149 445 457 419
4 11 875 530 160 338
4 12 318 548 654 822
4 13 139 69 537 914
4 14 132 124 792 476
5 6 721 399 269 527
5 7 490 412 126 824
5 8 208 55 917 89
5 9 475 470 244 327
5 10 397 742 769 268
5 11 348 427 928 998
5 12 217 560 714 950
5 13 771 385 867 191
5 14 814 519 877 509
6 7 677 562 233 224
6 8 127 591 360 536
6 9 99 367 250 945
6 10 699 475 554 126
6 11 477 383 918 881
6 12 699 433 786 423
6 13 485 524 808 787
6 14 293 803 196 995
7 8 274 213 859 114
7 9 928 200 691 490
7 10 112 903 363 709
7 11 771 503 813 580
7 12 289 669 347 912
7 13 545 847 299 215
7 14 117 940 507 693
8 9 361 58 336 550
8 10 523 847 397 280
8 11 168 95 479 769
8 12 889 763 685 775
8 13 483 845 917 777
8 14 396 234 437 634
9 10 957 383 591 441
9 11 404 286 562 103
9 12 846 810 784 63
9 13 187 584 505 544
9 14 242 167 519 731
10 11 729 142 342 413
10 12 194 419 320 722
10 13 158 886 812 614
10 14 687 585 609 820
11 12 535 51 625 882
11 13 157 211 197 803
11 14 82 725 670 53
12 13 581 350 613 489
12 14 781 948 857 174
13 14 428 84 313 253
