15 4
0 2 440 133 164 768
0 3 125 96 934 578
0 4 468 225 98 913
0 5 413 364 834 232
0 6 975 149 890 572
0 7 50 567 710 606
0 8 379 573 317 290
0 10 190 430 905 180
0 11 689 82 429 560
0 14 417 440 961 495
1 2 264 494 229 972
1 3 859 901 465 781
1 4 164 893 427 936
1 5 104 325 451 572
1 6 356 769 115 898
1 7 691 352 508 427
1 8 153 814 930 502
1 9 96 743 376 645
1 10 185 997 229 75
1 11 628 409 872 845
1 12 446 627 863 393
1 13 100 419 177 337
1 14 268 911 974 903
2 3 498 110 198 226
2 4 159 79 172 738
2 6 401 101 513 987
2 7 392 984 498 210
2 10 610 442 111 646
2 11 368 560 854 86
2 12 740 417 955 973
2 13 99 835 770 176
2 14 506 827 89 676
3 4 162 588 663 781
3 5 730 349 710 196
3 6 110 440 877 460
3 7 583 647 84 364
3 8 991 355 312 459
3 9 654 430 675 824
3 11 135 123 956 634
3 12 200 402 287 737
3 13 942 188 434 298
3 14 950 842 373 156
4 8 559 142 846 66
4 9 230 574 488 794
4 10 952 531 263 799
4 12 676 583 473 160
4 13 133 427 914 572
4 14 556 345 935 173
5 6 555 645 653 877
5 8 755 536 844 438
5 9 579 172 881 706
5 11 354 632 457 743
5 13 302 143 920 564
5 14 204 50 686 98
6 9 470 795 193 180
6 10 193 894 538 113
6 11 377 72 960 508
6 12 355 179 163 758
6 13 303 349 638 557
7 8 501 955 736 238
7 9 878 749 871 524
7 11 795 574 535 387
7 12 440 223 444 311
7 13 80 563 961 235
7 14 356 742 639 668
8 10 956 148 760 795
8 11 856 744 818 138
8 13 943 952 494 923
8 14 784 658 332 358
9 10 235 951 576 723
9 11 561 495 613 774
9 14 538 572 660 550
10 11 812 721 650 779
10 12 184 649 351 253
10 14 167 418 195 308
11 13 434 775 543 517
11 14 407 622 108 542
12 13 188 657 975 106
12 14 213 394 59 615
13 14 376 721 570 298
