15 4
0 1 163 989 501 977
0 2 718 461 356 889
0 3 631 900 213 57
0 4 193 367 71 960
0 5 967 420 303 690
0 6 522 269 582 337
0 7 282 702 781 635
0 8 939 779 495 766
0 9 240 592 355 792
0 10 603 232 661 161
0 11 786 905 588 678
0 12 700 366 109 83
0 13 433 273 811 325
0 14 229 259 926 115
1 2 467 613 814 818
1 3 220 364 266 504
1 4 362 380 496 555
1 5 800 795 468 294
1 6 345 87 454 989
1 7 499 65 761 786
1 8 454 296 860 251
1 9 325 109 746 268
1 10 312 599 453 721
1 11 254 288 527 319
1 12 459 500 124 229
1 13 353 395 419 137
1 14 584 90 907 106
2 3 945 88 294 376
2 4 963 57 971 323
2 5 776 340 834 812
2 6 481 997 220 163
2 7 294 594 155 479
2 8 182 761 65 664
2 9 398 803 684 515
2 10 281 393 275 805
2 11 393 645 740 548
2 12 846 226 987 886
2 13 114 202 76 608
2 14 554 152 466 973
3 4 937 362 277 458
3 5 361 405 435 773
3 6 522 460 282 125
3 7 584 452 720 132
3 8 297 685 879 793
3 9 131 404 281 696
3 10 885 837 686 106
3 11 785 678 323 458
3 12 520 824 977 425
3 13 265 934 235 667
3 14 416 680 636 200
4 5 215 463 182 119
4 6 851 542 463 628
4 7 62 409 282 687
4 8 491 291 727 202
4 9 95 603 428 604
4 10 623 407 403 878
4 11 871 480 518 179
4 12 810 573 390 437
4 13 350 665 163 927
4 14 728 274 977 891
5 6 250 934 483 537
5 7 510 492 643 576
5 8 326 394 405 564
5 9 764 764 911 415
5 10 953 462 405 974
5 11 626 478 708 297
5 12 269 93 606 994
5 13 398 854 312 225
5 14 418 965 695 534
6 7 886 620 291 661
6 8 534 170 82 646
6 9 728 124 620 385
6 10 578 116 741 800
6 11 716 332 107 630
6 12 293 530 279 499
6 13 159 627 94 464
6 14 762 572 497 584
7 8 948 858 535 943
7 9 384 84 702 722
7 10 415 402 793 402
7 11 268 268 802 965
7 12 76 641 232 251
7 13 606 350 403 949
7 14 865 930 139 908
8 9 153 533 560 915
8 10 53 739 949 200
8 11 97 493 118 865
8 12 375 844 562 412
8 13 354 239 892 998
8 14 333 671 672 659
9 10 253 609 108 794
9 11 841 218 72 995
9 12 793 115 491 80
9 13 705 659 337 424
9 14 342 653 380 105
10 11 100 822 170 551
10 12 103 560 844 943
10 13 199 274 973 286
10 14 880 657 947 380
11 12 299 300 895 556
11 13 812 783 523 999
11 14 244 214 995 973
12 13 650 465 137 985
12 14 506 378 248 328
13 14 874 670 147 105
