15 4
0 1 75 442 113 746
0 7 636 802 241 352
0 8 671 185 331 455
0 9 408 301 551 623
1 3 931 367 379 345
1 5 138 868 533 887
1 6 635 856 260 309
2 6 328 140 478 972
2 10 560 273 921 597
3 9 503 152 663 347
4 7 909 594 96 633
4 9 257 222 433 451
4 10 508 956 389 414
4 14 974 642 605 659
5 10 149 225 153 55
5 11 897 588 755 61
5 12 225 255 753 678
6 7 590 647 874 970
6 13 144 549 457 194
7 8 267 593 135 188
7 10 871 666 523 543
8 9 624 707 876 198
8 11 152 767 383 241
11 14 103 843 847 719
12 14 246 819 952 545
13 14 311 578 504 934
