15 4
0 4 817 762 782 146
0 5 676 618 224 286
0 8 687 649 401 797
0 12 850 377 672 274
0 13 858 634 502 973
1 2 796 900 64 767
1 3 71 279 997 756
1 4 461 176 995 180
1 7 793 265 109 682
1 8 863 556 971 570
1 11 191 953 168 442
2 7 414 683 245 140
2 9 937 633 773 894
2 10 359 631 800 958
2 12 577 237 638 704
3 4 813 735 869 869
3 7 79 829 596 918
3 8 851 358 700 841
3 9 341 471 694 585
3 12 902 707 656 741
3 14 141 965 570 379
4 6 988 481 565 822
4 7 931 652 530 640
4 8 788 648 890 805
4 9 183 567 141 306
4 12 857 488 295 789
4 14 198 959 602 203
5 7 291 653 921 646
5 8 153 430 969 882
5 10 857 886 193 291
6 10 750 323 83 772
6 12 332 386 706 326
7 9 458 78 154 99
7 10 686 396 772 987
7 11 96 132 162 711
7 12 656 902 190 374
7 14 615 977 160 564
8 12 594 433 824 529
9 12 759 559 597 820
9 14 68 908 207 470
10 11 633 513 457 411
10 14 781 375 312 738
11 13 304 845 195 725
11 14 630 185 943 627
12 13 789 162 256 235
12 14 560 165 926 919
