15 4
0 3 60 716 67 903
0 5 497 817 380 444
0 10 220 300 358 382
1 2 676 805 415 666
1 8 123 95 869 693
1 13 92 873 263 598
1 14 795 794 413 669
2 3 732 752 957 76
2 8 147 898 298 785
2 9 825 86 805 761
2 11 476 384 809 657
3 11 262 205 379 334
4 7 802 543 56 840
4 9 103 494 167 144
5 6 967 498 698 248
5 11 445 187 334 969
5 12 878 98 204 205
5 14 826 547 377 238
6 10 137 719 599 299
7 13 957 512 613 716
8 9 875 685 547 414
8 11 591 183 156 634
9 13 720 395 503 238
10 13 233 483 579 649
12 13 886 610 160 304
