15 4
0 1 315 703 919 433
0 2 148 773 914 174
0 3 391 692 248 473
0 4 465 709 303 84
0 5 763 69 403 252
0 6 582 643 945 433
0 7 624 727 581 350
0 8 859 935 662 285
0 9 494 124 514 78
0 10 607 433 956 504
0 11 471 63 643 953
0 12 981 603 828 606
0 13 146 810 654 632
0 14 921 721 509 313
1 2 253 386 253 751
1 3 927 470 678 75
1 4 889 591 636 195
1 5 59 866 705 417
1 6 981 302 449 823
1 7 992 337 413 851
1 8 442 310 920 971
1 9 798 852 766 446
1 10 896 484 668 587
1 11 874 506 458 121
1 12 332 507 664 237
1 13 798 991 393 297
1 14 738 931 408 967
2 3 162 726 629 261
2 4 604 933 874 233
2 5 285 626 937 324
2 6 791 667 852 839
2 7 316 900 999 592
2 8 671 421 162 503
2 9 836 502 887 506
2 10 951 762 654 478
2 11 323 824 415 860
2 12 111 684 175 571
2 13 168 171 83 490
2 14 758 88 874 451
3 4 742 302 959 360
3 5 142 781 711 943
3 6 566 408 597 105
3 7 706 50 233 482
3 8 865 634 506 781
3 9 879 566 783 744
3 10 95 691 925 484
3 11 171 145 96 507
3 12 303 333 780 81
3 13 263 117 773 323
3 14 432 302 164 896
4 5 147 264 287 233
4 6 750 304 153 586
4 7 720 67 565 159
4 8 245 824 350 466
4 9 858 928 334 84
4 10 949 329 492 644
4 11 206 547 539 620
4 12 706 130 921 401
4 13 841 87 850 965
4 14 265 512 832 312
5 6 315 619 195 348
5 7 899 893 318 667
5 8 355 274 343 738
5 9 166 782 711 306
5 10 971 403 652 603
5 11 804 618 298 666
5 12 238 870 368 583
5 13 777 410 371 699
5 14 541 682 317 428
6 7 608 552 434 286
6 8 467 402 479 852
6 9 362 857 976 250
6 10 340 268 400 599
6 11 624 983 238 529
6 12 441 661 459 911
6 13 270 995 744 215
6 14 241 345 168 609
7 8 828 351 838 663
7 9 986 931 167 150
7 10 255 520 805 733
7 11 835 77 336 695
7 12 253 327 979 917
7 13 542 812 503 578
7 14 760 217 582 750
8 9 935 542 271 536
8 10 181 565 69 989
8 11 346 239 98 454
8 12 881 835 389 354
8 13 57 122 616 937
8 14 676 99 652 997
9 10 872 676 470 769
9 11 199 878 672 335
9 12 126 781 555 963
9 13 633 802 768 383
9 14 51 78 300 375
10 11 413 707 413 121
10 12 219 224 322 386
10 13 357 395 649 79
10 14 238 702 440 959
11 12 693 312 795 254
11 13 78 134 962 176
11 14 542 657 555 378
12 13 584 928 921 879
12 14 397 429 248 772
13 14 885 746 508 801
