15 4
0 1 828 83 537 986
0 2 267 103 325 538
0 3 262 422 852 279
0 4 426 483 122 309
0 5 380 527 795 481
0 6 490 166 642 217
0 7 458 419 210 819
0 8 893 115 921 944
0 9 409 96 181 313
0 10 528 554 620 934
0 11 202 830 192 279
0 12 334 69 733 877
0 13 762 744 609 976
0 14 206 224 718 671
1 2 331 844 512 241
1 3 143 91 131 241
1 4 909 124 274 181
1 5 620 303 64 427
1 6 138 894 537 678
1 7 744 566 92 347
1 8 171 668 83 840
1 9 123 788 600 195
1 10 581 630 844 135
1 11 558 706 859 588
1 12 923 822 667 194
1 13 811 381 783 231
1 14 591 796 816 703
2 3 57 255 607 379
2 4 177 786 966 635
2 5 199 511 558 697
2 6 166 944 803 229
2 7 878 144 485 282
2 8 210 644 468 258
2 9 607 186 725 112
2 10 451 206 949 247
2 11 176 990 309 368
2 12 417 693 715 206
2 13 734 627 57 592
2 14 930 349 111 175
3 4 752 148 961 801
3 5 599 860 244 818
3 6 997 960 101 675
3 7 163 364 257 301
3 8 721 860 53 555
3 9 442 782 488 168
3 10 111 130 559 73
3 11 484 587 399 908
3 12 246 180 523 888
3 13 812 689 521 658
3 14 140 54 426 832
4 5 821 875 906 682
4 6 972 702 288 232
4 7 589 510 861 307
4 8 238 908 106 536
4 9 576 435 123 660
4 10 883 961 474 852
4 11 55 467 837 809
4 12 957 93 364 416
4 13 225 737 295 441
4 14 407 960 895 108
5 6 966 773 553 304
5 7 750 446 558 466
5 8 461 123 857 713
5 9 282 978 244 798
5 10 373 969 469 943
5 11 98 214 444 351
5 12 511 809 297 321
5 13 576 885 657 606
5 14 902 101 233 493
6 7 446 444 615 950
6 8 643 639 302 432
6 9 424 801 60 430
6 10 135 534 668 85
6 11 877 916 172 602
6 12 817 531 735 809
6 13 334 345 665 583
6 14 674 608 847 328
7 8 616 995 175 371
7 9 236 698 849 246
7 10 301 516 862 602
7 11 863 112 299 752
7 12 272 265 839 215
7 13 703 289 769 889
7 14 786 831 386 550
8 9 269 972 858 617
8 10 306 74 274 428
8 11 796 435 160 655
8 12 392 257 265 545
8 13 548 70 287 537
8 14 905 896 122 135
9 10 749 876 193 854
9 11 948 811 835 697
9 12 559 589 344 740
9 13 799 392 95 322
9 14 348 466 502 465
10 11 89 501 391 692
10 12 611 667 864 928
10 13 957 232 849 976
10 14 871 201 798 56
11 12 720 801 413 236
11 13 370 176 195 349
11 14 166 305 384 384
12 13 198 651 580 338
12 14 428 745 524 749
13 14 484 980 945 384
