15 4
0 1 986 762 575 235
0 2 142 751 440 512
0 3 176 866 506 290
0 4 584 199 332 455
0 5 349 498 694 195
0 6 243 308 725 949
0 7 885 307 974 506
0 8 336 261 596 453
0 9 61 823 233 52
0 10 102 291 959 602
0 11 141 572 429 803
0 12 608 846 969 814
0 13 585 393 384 510
0 14 931 335 617 797
1 2 311 387 433 785
1 3 428 825 866 659
1 4 56 768 964 731
1 5 867 832 226 126
1 6 633 436 768 347
1 7 749 86 143 521
1 8 902 726 356 427
1 9 489 945 628 99
1 10 473 259 92 160
1 11 678 113 305 365
1 12 124 888 492 86
1 13 623 313 81 934
1 14 712 640 775 558
2 3 417 891 272 610
2 4 918 493 722 233
2 5 446 716 459 917
2 6 683 251 358 282
2 7 840 621 675 285
2 8 393 506 527 231
2 9 287 911 57 92
2 10 394 119 146 718
2 11 749 385 163 56
2 12 737 942 400 269
2 13 687 739 786 256
2 14 537 711 139 613
3 4 169 586 149 506
3 5 471 379 51 979
3 6 316 945 970 289
3 7 186 440 937 278
3 8 531 452 282 84
3 9 585 767 893 969
3 10 608 91 102 244
3 11 741 86 873 830
3 12 181 590 80 528
3 13 401 606 264 367
3 14 990 965 56 967
4 5 299 702 126 434
4 6 258 531 574 907
4 7 414 576 130 220
4 8 990 783 338 413
4 9 300 146 938 163
4 10 938 152 850 414
4 11 969 783 699 186
4 12 296 590 184 309
4 13 645 900 412 821
4 14 611 596 499 411
5 6 720 801 946 619
5 7 93 669 663 92
5 8 438 390 938 385
5 9 358 921 697 394
5 10 777 579 797 892
5 11 785 808 958 412
5 12 167 333 261 229
5 13 433 819 135 379
5 14 69 998 624 529
6 7 79 132 426 243
6 8 519 217 304 595
6 9 440 565 917 54
6 10 126 956 499 135
6 11 686 733 264 953
6 12 171 362 333 346
6 13 352 126 452 219
6 14 211 315 907 677
7 8 395 656 569 432
7 9 884 259 474 329
7 10 888 50 100 128
7 11 973 589 95 519
7 12 810 91 780 604
7 13 91 644 358 428
7 14 254 566 936 62
8 9 333 315 310 89
8 10 217 342 790 664
8 11 372 53 479 138
8 12 109 164 661 417
8 13 861 433 913 302
8 14 527 899 851 702
9 10 134 639 524 324
9 11 580 710 95 82
9 12 732 443 284 841
9 13 921 250 180 317
9 14 384 496 67 419
10 11 481 223 568 553
10 12 224 400 989 355
10 13 424 820 902 911
10 14 251 703 280 426
11 12 609 229 764 305
11 13 245 882 161 677
11 14 250 598 354 560
12 13 256 847 234 709
12 14 401 934 498 622
13 14 784 126 579 587
