16 2
0 3 690 209
0 5 714 550
0 6 375 747
0 7 934 526
0 8 501 382
0 9 304 680
0 10 589 712
0 12 57 921
0 13 501 958
1 2 127 691
1 3 829 314
1 4 928 706
1 5 665 930
1 6 755 513
1 7 650 632
1 8 282 757
1 10 745 702
1 11 909 292
1 13 419 643
1 14 915 926
2 3 718 771
2 4 779 114
2 5 894 819
2 7 704 404
2 9 454 263
2 10 234 657
2 11 972 860
2 12 424 807
2 13 550 474
2 14 620 909
2 15 713 932
3 4 613 988
3 5 669 871
3 7 422 383
3 8 489 76
3 11 188 107
3 13 475 801
3 14 942 100
3 15 840 203
4 6 136 844
4 7 499 352
4 8 989 267
4 9 506 443
4 10 382 830
4 11 135 201
4 13 190 448
4 14 431 680
5 6 290 458
5 10 588 345
5 11 654 477
5 12 766 498
5 13 117 159
5 14 884 908
6 7 850 232
6 8 753 298
6 9 890 885
6 10 232 221
6 12 748 198
6 13 926 353
6 14 879 360
6 15 814 536
7 8 225 835
7 9 888 601
7 10 239 865
7 11 674 118
7 12 672 468
7 13 649 304
7 14 541 381
8 10 973 362
8 11 997 56
8 12 980 591
9 10 197 350
9 11 212 694
9 12 931 833
9 13 875 709
9 14 635 350
9 15 998 148
10 11 455 862
10 12 905 710
10 14 656 958
10 15 619 490
11 12 885 916
11 13 455 225
11 14 873 628
11 15 196 209
12 13 445 293
12 14 158 61
12 15 90 939
13 15 538 883
