16 2
0 3 217 229
0 4 221 403
0 8 214 849
0 10 237 691
0 14 433 289
1 2 564 124
1 4 234 378
1 8 581 930
1 9 71 477
1 10 678 274
1 14 930 968
2 4 339 591
2 5 549 646
2 7 641 875
2 9 132 942
2 10 396 476
2 15 162 275
3 4 477 907
3 6 440 232
3 7 623 324
3 8 826 775
3 10 507 517
3 11 654 823
3 12 512 444
3 13 414 606
3 14 364 168
3 15 85 482
4 5 735 500
4 6 619 354
4 8 943 227
4 12 544 73
4 13 420 551
5 6 600 77
5 7 641 530
5 11 857 382
5 12 480 203
5 15 306 259
6 11 968 620
6 14 69 369
7 9 796 993
7 10 341 770
7 11 500 281
7 12 666 643
7 13 824 415
8 10 232 622
8 11 505 94
8 12 370 298
8 13 121 568
9 11 771 829
9 13 792 366
9 15 685 889
10 11 534 478
10 13 661 608
10 14 781 282
11 12 910 971
11 13 591 415
11 14 372 724
12 13 85 517
13 14 273 642
