16 2
0 3 774 80
0 5 416 109
0 9 429 915
0 14 854 636
0 15 979 610
1 5 654 786
1 6 617 163
1 7 628 656
1 9 521 589
1 10 908 924
1 13 327 109
1 14 610 449
1 15 492 191
2 3 432 483
2 5 718 107
2 10 549 522
2 13 909 405
3 7 295 51
3 10 197 354
3 11 241 716
3 15 197 665
4 6 872 467
4 8 87 894
4 10 124 577
4 11 762 158
4 14 335 865
4 15 379 955
5 8 852 984
6 7 324 649
6 12 423 718
6 15 157 297
7 9 443 380
7 10 179 852
7 12 973 548
7 13 540 997
7 14 52 776
8 12 375 959
8 14 345 960
9 10 726 520
9 11 558 472
9 12 680 989
9 13 881 287
9 15 163 985
10 11 393 150
10 12 826 613
11 12 785 291
11 13 179 61
11 15 758 249
12 13 356 722
14 15 455 813
