16 2
0 1 468 912
0 2 510 393
0 4 400 200
0 7 359 543
0 10 787 241
0 12 897 381
0 14 124 581
1 3 712 345
1 4 528 550
1 5 708 453
1 6 526 108
1 9 982 721
1 10 937 93
1 11 489 803
1 12 555 357
1 13 570 776
2 7 264 292
2 10 181 948
2 12 207 830
2 14 617 839
3 4 701 690
3 9 127 553
3 11 433 995
3 12 947 307
3 14 907 93
4 6 435 127
4 7 398 542
4 10 592 586
4 12 362 181
4 13 760 253
4 14 300 674
5 8 817 664
5 9 194 684
5 11 185 565
5 12 346 791
5 14 443 94
6 8 977 659
6 10 765 770
6 11 879 475
6 13 620 178
6 14 942 978
6 15 508 941
7 10 945 167
7 12 527 190
7 13 859 932
7 14 309 588
8 9 865 883
8 11 544 612
8 12 482 603
9 10 826 920
9 14 273 442
9 15 227 75
10 14 221 300
11 12 792 725
11 13 514 961
11 14 207 870
12 13 946 216
12 14 841 404
13 15 908 239
