16 2
0 1 953 768
0 2 538 910
0 3 909 996
0 5 789 497
0 6 504 838
0 7 613 256
0 8 141 264
0 9 576 328
0 10 586 327
0 11 507 319
0 12 583 585
0 13 263 809
0 15 972 549
1 3 995 583
1 4 493 414
1 5 806 131
1 6 66 101
1 7 176 415
1 8 275 921
1 10 90 586
1 11 699 168
1 12 491 619
1 13 896 993
1 15 612 427
2 3 128 762
2 4 853 833
2 5 140 178
2 6 688 910
2 7 127 421
2 8 974 533
2 9 562 281
2 13 101 252
2 14 799 936
2 15 539 901
3 4 249 336
3 5 501 535
3 6 669 378
3 7 892 96
3 8 240 363
3 9 410 716
3 10 753 624
3 12 785 792
3 13 879 629
3 14 309 520
3 15 453 319
4 5 169 495
4 6 933 480
4 7 265 65
4 8 935 82
4 9 528 812
4 10 371 705
4 11 416 948
4 12 342 801
4 13 602 207
5 7 672 801
5 8 436 836
5 9 249 557
5 10 356 924
5 11 53 693
5 12 470 801
5 13 832 249
5 14 722 691
5 15 943 90
6 7 710 607
6 8 771 658
6 10 78 241
6 12 641 850
6 13 901 182
6 14 801 889
6 15 621 390
7 8 843 508
7 9 315 992
7 10 911 674
7 11 179 300
7 12 450 654
7 13 167 543
7 14 720 943
7 15 819 964
8 11 89 224
8 12 995 546
8 13 372 956
8 15 495 659
9 10 755 553
9 12 795 204
9 13 359 501
9 14 666 69
9 15 196 87
10 11 529 164
10 12 810 217
10 14 390 153
11 12 543 217
11 13 422 941
11 14 765 802
11 15 859 693
12 13 947 515
12 15 342 204
13 14 980 595
13 15 509 202
14 15 185 198
