16 2
0 2 669 403
0 3 370 68
0 4 218 748
0 5 371 786
0 6 584 67
0 7 964 347
0 8 649 174
0 9 154 826
0 10 969 554
0 11 760 704
0 13 684 61
0 14 173 121
0 15 344 997
1 2 503 421
1 3 623 777
1 4 273 402
1 5 586 482
1 6 311 523
1 7 686 998
1 8 862 383
1 9 857 862
1 11 728 801
1 13 417 927
1 14 388 54
2 4 877 228
2 5 562 521
2 7 546 530
2 8 66 867
2 9 910 611
2 13 456 952
2 14 180 185
3 5 395 735
3 6 550 754
3 8 815 968
3 9 859 55
3 10 279 93
3 11 504 654
3 12 460 645
3 13 597 84
3 14 114 816
3 15 523 317
4 5 609 471
4 6 89 127
4 7 140 743
4 8 767 327
4 9 383 506
4 11 236 78
4 12 414 965
4 13 143 519
4 14 817 823
4 15 989 241
5 7 354 625
5 8 126 465
5 9 634 116
5 10 344 243
5 11 147 362
5 12 204 663
5 14 245 375
5 15 960 852
6 7 155 383
6 9 216 615
6 12 192 868
6 13 537 483
6 14 501 203
7 8 430 292
7 9 739 659
7 10 127 509
7 11 170 857
7 12 658 469
7 13 140 722
7 14 415 556
7 15 720 412
8 9 931 494
8 10 171 895
8 11 810 989
8 12 504 877
8 13 190 790
8 14 464 848
9 11 654 435
9 14 969 735
9 15 251 925
10 11 262 459
10 12 292 444
10 13 403 950
10 14 954 458
11 12 554 988
11 13 538 668
12 15 381 753
13 15 795 280
14 15 275 191
