16 2
0 1 380 709
0 2 560 95
0 3 205 414
0 5 323 468
0 6 70 654
0 7 433 344
0 8 408 588
0 9 68 557
0 10 501 515
0 11 409 217
0 12 350 910
0 13 275 895
0 14 287 787
0 15 463 408
1 3 646 436
1 4 108 942
1 6 820 879
1 7 718 736
1 10 478 427
1 11 868 552
1 13 339 201
2 3 426 676
2 4 364 957
2 5 274 391
2 6 690 563
2 7 307 485
2 8 101 910
2 9 608 403
2 10 112 523
2 11 592 228
2 12 391 940
2 13 93 507
2 14 55 779
3 4 53 505
3 5 249 338
3 6 658 198
3 7 778 509
3 8 674 459
3 9 59 708
3 10 336 426
3 11 54 890
3 12 224 482
3 13 943 164
3 14 586 854
3 15 155 312
4 5 541 839
4 7 765 111
4 9 520 387
4 10 887 713
4 11 846 872
4 12 452 119
4 13 852 92
4 15 954 519
5 6 671 120
5 7 240 574
5 9 761 213
5 11 875 469
5 12 881 744
5 13 569 622
5 14 80 800
5 15 529 71
6 7 232 246
6 9 890 274
6 10 783 835
6 11 558 518
6 12 404 213
6 13 421 714
6 15 140 897
7 10 462 759
7 11 294 711
7 12 411 641
7 13 824 650
7 15 266 503
8 9 419 368
8 10 518 478
8 11 651 205
8 12 520 948
8 13 994 307
8 14 744 611
8 15 615 321
9 10 60 402
9 11 720 743
9 12 609 51
9 13 655 541
9 14 602 748
9 15 660 944
10 11 256 914
10 12 493 282
11 12 931 764
11 13 679 552
12 13 102 502
12 15 602 226
13 15 743 327
14 15 885 338
