16 2
0 3 574 611
0 4 788 670
0 5 152 982
0 6 698 172
0 7 94 406
0 9 499 312
0 13 371 332
0 14 464 853
0 15 606 780
1 2 419 273
1 6 319 745
1 7 189 653
1 8 249 141
1 10 322 79
1 12 915 491
1 14 900 914
2 3 628 946
2 5 572 911
2 9 993 650
2 10 527 726
2 11 165 893
2 12 253 190
2 13 442 724
2 14 879 585
2 15 262 523
3 4 746 700
3 6 405 664
3 7 551 953
3 8 477 908
3 10 266 106
3 11 413 446
3 12 944 889
4 5 746 849
4 6 330 936
4 7 286 249
4 8 415 940
4 11 440 951
5 6 228 240
5 7 854 207
5 8 264 439
5 11 132 814
5 12 310 475
5 13 719 442
5 15 125 300
6 9 461 610
6 11 961 540
6 12 406 740
6 13 238 70
6 15 909 910
7 12 840 645
7 13 237 919
8 9 478 948
8 11 288 143
8 12 369 504
9 10 506 823
9 11 88 953
9 12 891 838
9 13 975 898
9 15 262 96
10 13 783 493
11 13 769 923
11 14 924 312
11 15 554 232
12 15 265 90
13 14 853 163
14 15 776 193
