16 2
0 1 720 836
0 2 895 756
0 5 990 528
0 7 842 930
0 8 471 943
0 11 63 590
0 12 200 552
0 13 564 350
0 14 562 951
0 15 125 349
1 2 365 831
1 4 673 423
1 6 380 664
1 7 617 344
1 8 154 129
1 9 756 814
1 10 878 190
1 11 176 653
1 12 312 968
1 14 457 229
1 15 897 595
2 3 961 735
2 6 698 185
2 7 74 986
2 8 756 755
2 9 255 177
2 10 464 237
2 12 817 379
2 13 592 260
2 14 255 448
3 4 960 180
3 5 339 372
3 6 467 653
3 7 785 152
3 8 887 992
3 10 274 992
3 11 413 329
3 12 450 976
3 13 311 642
3 15 646 818
4 7 734 118
4 8 678 380
4 9 252 949
4 10 314 417
4 12 540 89
4 13 990 526
4 15 402 824
5 6 761 449
5 7 92 224
5 8 376 232
5 9 141 285
5 10 517 665
5 11 101 736
5 12 591 169
5 15 938 769
6 7 323 786
6 8 216 164
6 9 971 866
6 10 318 607
6 11 568 938
6 12 650 793
6 13 385 590
6 14 579 909
6 15 295 538
7 8 424 733
7 9 326 598
7 10 550 145
7 11 760 631
7 12 160 997
7 13 972 397
7 14 947 134
7 15 675 510
8 11 480 292
8 12 468 562
8 13 885 505
8 15 445 252
9 10 748 452
9 12 131 92
9 13 499 886
9 14 957 118
9 15 918 416
10 11 495 346
10 12 980 676
10 14 517 252
10 15 600 126
11 12 141 854
11 13 154 945
11 14 731 497
12 13 676 656
12 14 734 345
13 14 338 595
13 15 898 528
14 15 837 224
