16 2
0 1 863 212
0 2 295 280
0 3 718 94
0 4 309 237
0 5 703 468
0 7 261 322
0 8 613 398
1 3 194 914
1 7 936 866
1 9 56 839
1 11 495 358
1 14 255 652
2 3 217 285
2 6 505 388
2 8 253 146
2 9 70 267
2 10 792 316
2 11 728 562
3 4 165 891
3 5 557 405
3 6 321 235
3 10 704 578
3 11 462 637
3 12 262 979
3 13 805 281
4 5 401 382
4 8 819 71
4 9 112 470
4 10 251 687
4 14 907 205
4 15 244 313
5 8 372 233
5 10 249 786
5 12 290 869
5 14 399 420
5 15 316 479
6 10 605 719
6 11 121 175
6 12 665 744
6 13 343 377
7 10 702 397
7 12 337 175
7 13 83 938
7 14 451 547
7 15 731 893
8 10 600 558
8 12 458 543
9 10 847 152
9 14 354 660
9 15 630 267
10 14 50 695
10 15 587 351
11 13 557 819
11 14 282 936
11 15 567 605
12 13 397 205
12 15 351 266
13 15 229 144
