16 3
0 1 357 312 563
0 3 469 975 499
0 4 752 357 101
0 5 137 270 658
0 6 901 612 935
0 7 771 644 567
0 8 78 642 408
0 10 749 320 701
0 12 299 981 390
1 3 998 194 275
1 4 621 130 202
1 5 872 331 686
1 6 926 535 999
1 7 612 416 852
1 8 680 981 911
1 9 813 506 669
1 10 653 786 557
1 13 963 997 856
1 14 709 273 795
1 15 54 163 847
2 3 855 116 362
2 4 435 236 299
2 5 274 153 196
2 6 401 896 132
2 8 562 337 565
2 9 768 420 995
2 11 209 951 391
2 12 476 706 138
2 13 561 953 77
2 14 571 486 144
2 15 312 561 736
3 4 278 652 573
3 5 322 726 640
3 7 97 751 516
3 8 393 744 105
3 10 913 402 898
3 11 230 991 276
3 12 573 964 337
3 13 769 453 424
3 14 609 463 659
3 15 243 426 511
4 5 524 420 142
4 6 405 691 171
4 8 738 664 228
4 9 355 774 421
4 11 824 532 329
4 12 345 537 437
4 13 206 364 210
4 14 231 161 205
4 15 516 719 68
5 6 90 655 281
5 7 974 853 399
5 8 699 897 608
5 9 350 536 667
5 10 303 117 682
5 11 955 598 113
5 12 857 387 241
5 13 94 552 789
5 14 154 287 325
5 15 845 208 935
6 7 62 993 580
6 8 916 701 138
6 11 469 318 454
6 12 475 369 757
6 13 260 605 647
6 14 400 962 903
6 15 689 751 356
7 8 883 652 841
7 12 309 853 405
7 13 545 148 104
7 14 389 497 823
7 15 887 552 166
8 9 125 285 526
8 10 726 51 407
8 11 102 336 403
8 12 385 315 689
8 14 959 170 753
8 15 183 604 332
9 11 694 569 400
9 12 372 850 134
9 13 806 968 245
9 15 185 980 413
10 11 374 171 991
10 12 771 856 746
10 13 112 568 683
10 14 652 337 650
10 15 269 796 949
11 12 606 973 95
11 14 92 348 56
11 15 565 954 213
12 13 315 355 223
12 15 750 353 475
13 14 803 991 739
13 15 218 278 283
14 15 567 943 408
