16 3
0 3 736 509 873
0 4 815 987 779
0 5 554 958 997
0 6 77 413 204
0 8 886 725 326
0 9 787 487 70
0 11 962 84 86
0 12 806 936 110
0 14 789 987 948
1 2 352 234 702
1 5 90 582 851
1 8 995 181 785
1 9 77 875 220
1 12 461 909 930
1 15 591 576 769
2 5 607 499 542
2 6 383 450 111
2 8 451 988 563
2 15 441 790 532
3 4 937 191 758
3 7 311 403 540
3 8 701 125 867
3 9 707 796 382
3 11 422 918 707
3 12 705 318 848
4 5 90 326 183
4 6 521 465 980
4 8 476 876 776
4 9 824 94 963
4 14 616 976 612
4 15 52 57 699
5 7 702 290 799
5 8 211 858 496
5 13 136 625 171
6 8 524 770 453
6 12 143 69 619
6 13 525 393 506
6 15 671 531 892
7 8 123 833 219
7 10 810 315 818
7 12 478 169 460
7 15 389 123 232
8 11 215 341 258
8 12 131 162 745
9 12 211 882 95
9 13 869 647 459
9 14 947 234 229
10 11 163 73 109
10 12 540 827 337
10 13 742 845 222
10 14 220 226 481
11 15 939 517 464
12 14 291 855 542
12 15 255 616 117
14 15 417 458 377
