16 3
0 2 281 224 811
0 3 402 542 915
0 4 238 502 867
0 8 877 166 425
0 9 419 121 481
0 13 350 286 940
0 14 283 460 598
0 15 799 912 922
1 2 464 922 557
1 7 447 788 78
1 8 350 666 178
1 9 261 661 406
1 11 286 103 963
1 12 849 247 665
1 14 329 845 301
2 3 904 56 882
2 4 963 855 81
2 5 497 876 60
2 8 124 521 709
2 9 513 295 805
2 10 370 728 660
2 11 872 279 485
2 13 703 405 362
2 14 56 300 539
3 5 152 666 694
3 10 146 465 93
3 14 77 502 824
4 8 932 721 862
4 10 634 978 526
5 6 904 686 686
5 8 157 780 512
5 10 717 909 347
5 11 150 916 401
5 13 990 241 739
5 14 906 162 840
6 8 821 610 458
6 10 293 613 587
6 14 903 925 419
7 9 941 952 55
7 10 327 651 450
7 13 158 820 291
7 14 109 743 76
8 11 241 542 164
8 13 188 530 71
8 14 494 736 400
8 15 223 666 561
9 11 854 56 938
9 13 706 373 554
10 11 961 794 749
10 12 81 935 177
10 13 403 561 199
10 14 492 968 555
10 15 458 476 450
11 15 925 776 223
12 14 63 97 587
12 15 811 560 104
13 15 977 906 305
14 15 811 116 836
