16 3
0 1 322 457 732
0 4 530 576 766
0 5 407 671 992
0 6 574 335 634
0 7 682 901 706
0 8 444 444 297
0 9 388 276 400
0 10 672 343 201
0 11 749 925 471
1 2 274 882 244
1 3 989 326 820
1 5 294 621 128
1 9 160 730 407
1 10 789 628 734
1 14 996 74 541
1 15 755 394 323
2 3 545 993 428
2 4 608 100 506
2 5 637 418 884
2 6 354 369 772
2 8 143 490 406
2 9 238 953 522
2 15 170 654 891
3 4 205 736 931
3 5 117 847 978
3 8 859 587 506
3 11 228 385 908
3 12 825 356 832
3 13 262 163 154
3 14 847 525 256
4 5 921 811 497
4 6 611 901 620
4 7 339 938 317
4 10 197 880 811
4 15 485 418 753
5 8 790 200 298
5 9 161 459 121
5 15 145 938 419
6 9 322 758 238
6 10 372 807 862
6 13 422 114 357
6 14 207 615 227
7 8 645 294 422
7 11 990 929 435
7 14 526 335 165
7 15 94 796 487
8 10 493 63 411
8 13 202 588 547
8 14 194 560 547
8 15 443 244 339
9 10 248 642 205
9 14 712 784 113
9 15 323 891 318
10 12 889 605 382
10 14 936 618 428
11 12 249 575 196
11 13 817 582 124
11 14 130 773 703
12 15 565 363 52
13 14 848 135 301
