16 3
0 9 446 682 837
0 10 845 860 223
0 12 647 595 486
0 14 963 564 903
1 8 813 986 263
1 9 603 883 904
1 11 722 97 754
1 12 982 488 538
1 13 418 57 884
1 15 667 986 441
2 4 466 480 900
2 6 401 263 928
2 11 270 747 576
2 13 341 749 326
3 4 678 412 238
3 7 596 921 585
3 8 174 888 179
3 13 845 818 881
3 14 364 953 504
4 7 309 811 903
4 9 860 185 303
4 10 407 88 230
5 12 622 577 799
6 8 53 237 576
6 14 256 191 780
7 10 475 658 387
7 14 96 685 359
7 15 186 751 573
9 10 847 336 365
10 15 334 258 853
11 13 439 879 622
11 14 463 976 807
