16 3
0 2 905 980 330
0 3 806 565 672
0 4 510 828 212
0 5 818 347 782
0 6 320 731 465
0 7 197 191 497
0 8 810 379 395
0 9 763 809 262
0 10 768 600 945
0 11 421 766 427
0 12 318 97 804
0 13 126 314 468
0 14 813 410 899
0 15 813 820 933
1 3 624 471 802
1 4 718 474 347
1 9 406 810 983
1 10 126 138 203
1 11 185 349 237
1 12 228 607 338
1 13 522 857 859
1 15 632 538 254
2 3 856 233 440
2 4 291 971 892
2 6 173 348 165
2 7 346 853 866
2 8 381 272 898
2 9 206 332 936
2 11 561 480 977
2 12 775 100 842
2 13 365 971 230
2 14 455 957 73
2 15 400 656 339
3 6 365 903 593
3 7 728 544 801
3 8 985 608 932
3 9 96 857 634
3 10 906 172 111
3 11 992 563 100
3 12 374 782 175
3 13 348 113 750
3 14 685 718 55
3 15 313 165 679
4 5 826 632 555
4 6 704 443 757
4 7 448 537 135
4 8 151 124 625
4 9 177 50 330
4 10 747 772 363
4 11 649 517 123
4 12 740 930 268
4 14 713 248 780
4 15 390 538 574
5 6 735 926 355
5 7 592 553 660
5 8 501 917 89
5 9 50 989 429
5 10 221 236 810
5 13 373 230 53
5 15 116 130 719
6 7 113 735 690
6 9 209 366 462
6 10 639 471 481
6 11 458 814 975
6 12 932 226 300
6 13 536 537 500
6 14 227 436 51
6 15 654 813 718
7 8 303 506 522
7 9 242 361 536
7 11 693 193 867
7 12 937 531 388
7 14 504 408 965
8 12 628 555 912
8 13 465 439 282
8 14 937 934 518
8 15 121 855 289
9 10 290 624 274
9 11 243 804 135
9 12 381 907 92
9 13 300 221 528
9 14 199 285 508
9 15 665 468 346
10 11 853 375 365
10 12 313 545 860
10 13 184 511 646
10 14 306 911 936
10 15 993 779 886
11 13 366 817 164
11 15 819 664 538
12 13 210 363 275
12 15 230 514 841
13 15 67 530 608
14 15 656 509 137
