16 3
0 2 277 948 910
0 5 343 263 500
0 11 310 881 435
0 12 671 348 840
0 13 261 623 761
0 15 247 369 247
1 2 225 965 674
1 13 305 341 645
1 14 562 762 287
2 5 495 522 343
2 8 703 342 726
3 8 903 263 817
3 14 445 562 662
4 5 206 851 840
4 6 568 186 255
4 12 116 291 736
4 13 802 579 916
5 6 669 730 269
5 7 61 462 824
5 10 142 448 916
5 14 249 407 701
6 7 77 319 881
6 9 102 222 836
6 11 701 765 937
8 9 288 368 190
8 14 299 422 268
8 15 761 991 567
9 13 725 495 680
9 14 700 725 808
10 14 654 458 69
10 15 793 996 296
14 15 850 692 259
