16 3
0 1 498 706 792
0 2 233 575 293
0 3 573 246 934
0 4 968 141 140
0 8 237 581 948
0 10 379 677 142
0 11 800 254 604
0 12 59 580 600
0 15 617 370 304
1 2 707 173 880
1 3 738 62 887
1 4 139 264 500
1 6 633 142 514
1 7 145 444 980
1 8 964 600 287
1 10 113 398 323
1 13 897 808 119
2 3 123 257 387
2 4 218 738 674
2 6 937 549 97
2 7 315 513 688
2 8 914 857 188
2 9 431 865 504
2 10 423 606 362
2 11 206 314 459
2 12 633 519 491
2 14 264 568 493
2 15 538 629 327
3 4 867 465 852
3 5 823 267 340
3 7 139 323 85
3 8 595 277 930
3 9 719 517 740
3 10 508 382 529
3 11 848 77 108
3 12 903 644 81
3 13 611 262 345
3 14 560 570 99
4 8 635 597 917
4 10 605 150 406
4 11 672 871 466
4 12 352 81 164
4 13 426 57 177
5 6 75 127 947
5 7 505 449 380
5 8 452 370 363
5 9 246 480 904
5 10 188 743 465
5 11 817 641 470
5 12 667 522 208
5 13 430 284 607
5 14 853 710 432
5 15 512 460 174
6 7 649 738 523
6 8 593 252 93
6 9 774 813 591
6 11 489 310 903
6 12 757 952 843
6 14 759 243 218
7 8 642 73 863
7 9 71 80 801
7 10 711 179 577
7 11 248 111 862
7 12 654 903 899
7 13 873 592 479
7 14 318 976 162
7 15 462 434 506
8 9 519 75 150
8 10 411 184 219
8 11 665 958 332
8 12 253 293 187
8 13 461 503 363
8 14 198 938 277
8 15 147 791 747
9 10 809 968 785
9 11 846 346 334
9 12 811 92 699
9 13 124 146 470
9 14 281 429 901
9 15 400 942 199
10 12 713 733 629
10 13 613 555 82
10 14 687 279 872
11 12 683 638 532
11 13 594 594 832
11 15 406 361 372
12 13 280 177 76
12 14 546 481 81
13 14 311 256 674
13 15 609 505 479
14 15 289 992 510
