16 3
0 8 893 937 760
0 9 808 713 931
1 6 253 416 557
1 7 567 352 396
1 14 379 495 368
1 15 397 956 533
2 5 736 65 909
2 14 639 636 50
3 5 291 727 726
3 6 979 617 701
3 13 684 852 695
3 14 339 589 284
3 15 146 312 501
4 7 830 968 788
4 8 92 496 344
4 9 535 915 65
5 10 642 650 424
5 12 366 60 87
6 7 839 285 289
6 8 371 416 889
6 10 171 120 260
6 12 305 269 106
6 14 168 996 239
7 11 433 707 800
7 13 283 959 288
8 9 242 975 746
8 11 461 282 533
8 12 330 989 800
9 14 916 263 923
11 12 313 640 852
11 14 736 475 194
11 15 156 703 249
12 13 551 614 117
12 14 979 406 236
13 15 79 141 350
