16 3
0 4 628 83 709
0 13 880 145 462
1 2 941 488 267
1 6 911 771 950
1 10 276 146 608
1 11 395 397 730
1 14 699 914 215
2 7 145 187 701
2 9 421 331 733
2 14 669 409 771
3 10 243 315 351
3 11 398 549 594
3 12 76 902 299
3 15 858 965 479
4 8 392 193 825
4 10 412 157 876
4 11 163 457 965
5 12 161 359 358
6 7 292 613 869
6 9 59 862 617
6 13 699 318 898
7 11 129 305 635
7 12 914 536 738
7 13 894 160 154
8 11 70 517 125
9 14 751 230 863
9 15 899 225 435
10 13 678 212 536
10 15 155 381 217
11 15 743 939 226
12 13 957 292 569
12 14 359 208 297
13 14 683 972 160
14 15 940 281 279
