16 3
0 2 627 725 791
0 3 409 761 327
0 4 827 727 665
0 5 990 575 843
0 6 831 366 837
0 7 557 160 428
0 9 240 175 668
0 10 693 846 493
0 11 541 937 608
0 12 96 934 327
0 13 888 111 258
0 14 197 886 412
0 15 724 518 516
1 2 883 74 170
1 3 146 946 550
1 4 928 849 370
1 5 352 947 875
1 6 159 892 652
1 7 807 677 869
1 8 504 310 526
1 9 303 390 243
1 10 587 848 797
1 12 641 408 821
1 13 629 725 837
1 14 534 912 399
1 15 899 788 534
2 3 195 53 955
2 4 902 65 157
2 5 522 578 56
2 6 923 418 870
2 7 235 545 730
2 8 873 123 95
2 9 253 321 654
2 10 737 274 807
2 11 142 844 92
2 12 571 442 59
2 15 783 983 352
3 4 962 135 175
3 5 374 993 84
3 6 856 763 972
3 7 398 820 753
3 8 250 326 867
3 9 921 513 431
3 11 121 664 909
3 12 81 698 192
3 13 214 532 135
3 14 914 196 977
3 15 189 279 144
4 9 738 798 553
4 10 741 990 91
4 12 330 266 166
4 14 291 269 893
4 15 251 129 783
5 8 217 484 509
5 9 465 869 853
5 10 64 236 455
5 11 574 383 70
5 12 921 307 565
5 13 104 241 564
6 8 538 601 720
6 9 468 323 902
6 10 412 240 60
6 11 621 751 851
6 13 671 739 341
6 15 661 890 813
7 8 411 701 935
7 9 273 627 156
7 10 375 556 255
7 11 211 197 389
7 12 806 647 145
7 13 955 493 540
7 14 254 565 397
8 9 244 131 247
8 10 440 568 288
8 12 202 294 824
8 13 452 986 256
8 15 464 990 330
9 10 538 711 527
9 11 295 398 449
9 12 265 529 915
9 14 379 426 337
10 11 157 367 295
10 12 786 619 357
10 13 517 712 194
10 14 768 463 771
10 15 565 825 385
12 13 610 924 600
12 14 897 181 222
12 15 63 544 451
14 15 158 734 772
