16 3
0 1 130 90 426
0 2 886 980 269
0 3 135 241 147
0 5 773 690 674
0 7 883 606 172
0 8 686 861 529
0 9 121 995 275
0 12 844 538 684
0 13 975 666 966
0 15 414 236 144
1 2 614 355 124
1 4 847 733 905
1 5 236 127 986
1 8 962 749 994
1 9 661 730 651
1 11 560 762 75
1 12 265 776 297
1 14 476 264 461
1 15 341 873 229
2 3 767 949 752
2 4 658 739 971
2 5 931 477 874
2 6 758 904 519
2 7 422 113 801
2 8 361 645 779
2 9 638 573 597
2 11 345 476 401
2 12 644 174 600
2 14 391 421 684
2 15 162 948 574
3 4 205 704 626
3 5 80 990 386
3 6 938 769 368
3 7 354 93 159
3 8 727 162 796
3 9 174 311 739
3 11 355 716 820
3 13 674 601 410
3 15 570 330 491
4 6 344 180 686
4 7 283 323 738
4 8 838 332 303
4 10 379 481 481
4 11 707 881 132
4 13 911 795 637
4 14 788 642 963
5 7 844 415 917
5 9 128 733 344
5 10 462 168 188
5 11 939 904 853
5 13 147 179 403
5 14 208 865 356
6 7 454 926 876
6 8 188 87 170
6 9 664 448 420
6 10 720 655 656
6 11 768 518 606
6 13 475 383 186
6 14 68 999 336
7 10 414 213 134
7 11 848 983 600
7 13 951 120 910
7 14 85 254 299
8 10 243 890 754
8 11 772 67 351
8 12 533 721 278
8 13 317 977 603
8 14 628 315 984
8 15 454 573 254
9 10 415 919 629
9 11 258 665 920
9 12 456 927 381
9 13 900 980 395
9 14 844 452 122
9 15 170 708 817
10 11 164 212 675
10 12 639 728 225
10 14 370 410 643
10 15 365 775 179
11 12 846 869 582
11 13 552 743 658
11 14 313 335 67
11 15 823 835 910
12 13 596 868 559
12 14 680 434 893
12 15 835 416 721
13 14 104 504 398
13 15 735 299 250
