16 3
0 6 665 410 229
0 9 758 397 52
0 11 598 903 415
0 12 108 434 403
0 14 129 684 243
1 11 600 561 320
1 13 140 326 184
1 15 863 974 514
2 6 761 241 183
2 10 863 353 469
2 12 553 251 188
2 15 725 168 518
3 7 429 702 233
3 10 381 811 439
3 15 507 749 686
4 6 627 501 770
4 7 222 80 769
4 12 619 940 941
4 14 232 705 608
5 9 757 630 398
5 11 733 403 173
5 12 363 310 907
6 7 537 203 914
6 8 934 355 208
6 13 849 934 926
6 14 478 753 617
7 11 567 156 137
7 12 547 316 123
7 15 853 505 736
8 9 825 691 99
8 11 535 95 480
9 13 256 275 921
10 15 319 441 843
