16 3
0 2 566 712 755
0 3 702 334 698
0 4 382 879 90
0 7 625 782 660
0 8 674 173 694
0 15 620 79 291
1 5 75 941 56
1 6 278 776 263
1 9 983 986 155
2 8 769 156 754
2 9 590 489 967
2 12 171 271 108
3 7 845 384 294
3 8 117 286 715
3 10 541 708 635
3 11 93 85 670
4 11 827 422 265
4 14 232 552 662
5 9 919 140 485
5 12 111 519 816
5 15 845 648 579
6 8 167 981 402
6 12 110 474 331
6 13 181 825 145
6 15 215 551 443
7 12 225 390 132
8 10 677 278 688
8 11 691 75 202
9 15 390 347 346
10 14 999 968 832
14 15 805 663 750
