16 3
0 1 859 128 189
0 2 792 162 946
0 3 257 496 503
0 4 289 960 773
0 5 228 801 619
0 6 324 667 804
0 7 810 727 919
0 8 798 188 256
0 9 559 354 105
0 10 685 920 232
0 11 635 797 627
0 12 252 561 333
0 13 908 144 791
0 14 274 560 441
0 15 92 804 731
1 3 304 555 249
1 4 86 109 712
1 5 509 423 432
1 6 863 380 963
1 7 317 157 632
1 8 595 281 518
1 9 648 254 806
1 14 267 100 880
1 15 966 292 884
2 3 780 702 604
2 4 526 332 110
2 6 55 512 703
2 7 97 351 295
2 11 673 202 513
2 12 223 681 556
2 13 935 623 691
2 14 247 177 302
3 5 572 565 549
3 6 325 655 100
3 7 727 403 472
3 9 484 55 58
3 10 226 368 689
3 11 246 350 787
3 12 108 674 298
3 14 116 663 683
3 15 645 494 221
4 5 159 56 312
4 6 909 288 410
4 7 378 763 277
4 8 932 822 420
4 10 246 987 270
4 11 603 500 138
4 13 466 177 498
4 14 757 850 896
4 15 224 971 318
5 8 915 473 899
5 9 941 380 373
5 11 603 454 269
5 12 273 357 606
5 13 588 663 235
5 15 938 58 54
6 7 130 970 257
6 8 592 568 512
6 9 352 799 731
6 12 351 974 601
6 13 436 175 881
6 14 50 174 430
7 8 178 966 885
7 9 956 841 345
7 10 203 582 822
7 12 951 987 869
7 13 371 348 863
7 14 950 131 668
7 15 752 369 653
8 10 886 458 819
8 11 768 827 840
8 12 373 874 959
8 13 509 51 895
8 14 392 979 820
8 15 737 328 301
9 11 417 405 956
9 12 419 801 906
9 13 943 800 375
9 14 710 444 139
9 15 564 937 841
10 11 588 747 72
10 13 219 431 876
10 15 384 294 489
11 13 366 773 988
11 15 363 69 972
12 13 538 146 469
12 14 303 379 613
12 15 890 59 873
13 15 286 620 468
14 15 999 289 295
