16 3
0 2 399 403 261
0 4 579 446 809
0 7 406 198 191
0 8 657 333 559
0 9 608 243 930
0 11 745 816 249
0 12 72 664 509
0 13 927 560 320
1 2 380 758 457
1 3 940 57 122
1 5 717 782 164
1 6 780 805 252
1 8 458 650 997
1 10 53 979 112
1 11 859 914 800
1 15 324 358 992
2 5 774 127 608
2 8 358 638 814
2 9 169 794 482
2 13 427 426 411
2 14 466 246 686
3 6 501 285 179
3 8 950 780 161
3 10 199 102 98
3 13 420 51 145
3 14 220 359 866
3 15 904 843 208
4 5 982 72 180
4 6 250 664 927
4 9 78 354 341
4 11 99 538 544
4 12 787 59 219
4 15 411 677 677
5 6 679 163 377
5 7 739 772 114
5 8 91 805 89
5 11 881 72 657
5 12 839 311 69
6 8 959 278 443
6 9 589 161 777
6 11 68 374 542
6 14 952 527 73
7 9 217 571 766
7 10 741 146 405
7 11 942 440 838
7 15 231 677 828
8 10 928 99 479
8 12 931 936 508
8 13 800 623 73
8 15 924 418 730
9 10 79 178 441
9 11 882 716 697
9 12 744 244 681
9 13 506 385 686
9 15 881 697 497
10 13 982 984 796
11 13 811 968 803
11 14 311 709 518
11 15 71 249 365
12 13 917 484 778
12 14 375 266 902
12 15 240 537 554
13 14 789 922 458
14 15 635 931 731
