16 3
0 4 592 445 846
0 15 66 108 662
1 7 921 512 103
1 10 165 534 198
1 13 412 761 141
2 3 252 180 452
2 11 412 161 943
3 9 643 113 841
3 13 361 515 142
3 15 589 666 789
4 6 548 579 284
4 8 142 798 241
4 12 217 476 925
4 14 659 888 74
4 15 877 788 389
5 7 537 885 927
5 9 897 404 771
5 13 426 932 390
5 14 962 872 715
5 15 271 623 590
6 7 134 801 438
6 12 87 873 639
6 13 532 754 723
6 14 157 835 632
7 13 231 912 898
7 14 265 910 696
10 14 439 98 262
11 12 412 633 258
12 14 134 713 954
13 14 912 788 282
