16 3
0 1 62 940 207
0 5 616 612 384
0 7 653 265 147
0 10 872 239 296
0 11 586 306 322
0 15 978 585 71
1 2 672 462 659
1 5 753 297 628
1 6 735 348 890
1 9 342 529 459
1 11 773 134 436
1 12 382 539 991
1 13 990 700 313
1 14 905 370 532
2 3 177 842 950
2 5 630 568 879
2 6 271 76 654
2 9 645 209 247
2 15 589 463 508
3 5 978 786 132
3 7 353 165 539
3 8 920 463 484
3 9 251 560 722
3 11 828 560 795
3 13 748 364 787
3 15 534 541 140
4 8 636 397 856
4 10 411 281 129
4 11 193 243 88
4 12 163 237 254
4 14 661 877 719
5 8 800 682 904
5 9 647 828 197
5 10 516 653 670
5 12 887 346 443
5 14 447 807 791
6 8 695 262 938
6 9 338 983 372
6 10 660 851 827
6 13 937 793 680
6 14 193 378 585
6 15 93 247 941
7 12 195 433 961
8 13 510 605 59
9 13 839 817 713
9 14 531 709 984
9 15 305 660 991
10 13 664 942 988
10 15 258 828 986
11 12 370 758 149
11 13 709 632 770
12 14 391 776 79
12 15 302 390 544
13 14 213 81 331
13 15 369 291 639
14 15 710 789 439
