16 3
0 1 114 729 761
0 4 138 269 778
0 8 974 828 734
0 9 352 748 376
0 11 834 487 82
1 4 431 597 760
1 5 701 680 467
1 8 360 883 84
1 10 70 154 575
1 14 346 474 130
2 3 372 90 349
2 5 356 951 445
2 6 461 149 91
2 7 760 694 439
2 11 858 980 975
2 13 467 129 899
3 4 90 789 992
3 6 955 557 828
3 15 876 324 252
4 7 120 654 299
4 8 342 793 937
4 9 50 888 701
4 11 466 903 811
4 13 877 121 702
4 14 194 889 519
5 9 280 802 577
5 10 480 449 930
5 13 703 820 490
5 14 323 125 506
5 15 322 816 709
6 9 944 63 160
6 10 599 910 570
6 12 718 702 993
6 15 577 278 829
7 8 96 745 539
7 10 405 232 870
7 12 556 886 904
7 15 420 952 298
8 10 622 558 112
8 11 828 583 273
8 14 859 784 314
8 15 52 280 773
9 10 686 309 731
9 11 327 800 79
9 12 97 580 752
10 11 463 633 929
10 12 141 290 282
10 13 649 534 893
10 14 270 840 603
10 15 109 747 389
11 14 642 181 812
11 15 237 877 297
12 13 640 272 643
12 15 378 787 753
13 14 297 415 657
13 15 544 575 855
