16 3
0 3 236 273 294
0 4 167 507 526
0 6 100 234 806
0 7 385 435 489
0 8 390 878 881
0 9 572 731 475
0 14 612 801 978
1 2 701 712 422
1 8 968 920 370
1 9 679 703 776
1 12 924 903 66
1 15 925 770 807
2 4 770 282 408
2 7 90 562 782
2 9 242 233 341
2 12 514 285 232
3 5 838 617 315
3 7 104 704 493
3 8 375 799 85
3 12 207 223 922
3 13 69 759 455
3 15 116 320 91
4 9 484 954 170
4 11 705 257 193
4 12 814 907 172
4 13 386 136 642
4 14 265 764 549
5 10 171 636 114
5 12 900 94 824
5 13 140 529 563
5 14 998 580 246
5 15 963 492 996
6 7 565 248 963
6 9 912 116 195
6 10 703 511 722
6 11 193 782 737
6 13 155 93 62
7 8 200 767 63
7 14 185 868 502
7 15 891 388 169
8 9 895 686 222
8 11 194 447 833
8 15 364 184 502
9 10 588 214 318
9 11 471 498 912
9 12 921 847 950
9 13 137 852 433
9 14 303 113 489
9 15 622 830 823
10 13 918 421 474
11 12 209 377 863
11 15 935 963 300
13 14 585 333 125
13 15 255 640 803
