16 3
0 1 551 58 90
0 2 904 478 477
0 3 521 889 820
0 4 686 731 665
0 5 560 347 619
0 6 408 723 437
0 8 963 101 805
0 9 778 505 956
0 10 865 563 990
0 11 911 202 970
0 13 715 256 699
0 15 942 970 100
1 2 923 366 568
1 3 507 962 315
1 4 184 707 898
1 5 336 747 788
1 6 130 615 929
1 8 752 546 922
1 9 916 73 933
1 10 376 461 147
1 11 682 468 305
1 12 805 180 305
1 13 322 668 965
1 14 84 327 391
1 15 194 280 563
2 3 758 588 432
2 4 533 172 322
2 5 302 560 127
2 6 568 626 642
2 7 851 520 54
2 8 846 332 445
2 9 770 795 828
2 10 77 735 89
2 11 318 557 564
2 12 873 207 255
2 14 316 352 244
2 15 429 962 302
3 4 922 696 615
3 5 371 295 171
3 6 834 881 522
3 7 745 990 450
3 8 72 760 558
3 11 564 482 504
3 12 155 95 160
3 13 585 625 937
3 15 908 402 335
4 5 425 77 787
4 6 899 414 989
4 8 352 785 561
4 11 607 338 178
4 14 228 701 904
4 15 286 407 889
5 6 230 664 609
5 7 720 142 78
5 9 998 343 220
5 10 173 530 353
5 13 875 721 733
5 14 612 970 464
5 15 598 477 868
6 7 869 567 702
6 8 63 580 562
6 10 473 544 651
6 12 888 397 973
6 13 419 392 443
6 14 284 793 909
6 15 454 466 129
7 9 647 689 694
7 10 344 607 329
7 12 282 207 640
7 14 688 579 380
7 15 756 733 880
8 9 894 457 205
8 10 580 435 255
8 11 754 779 497
8 12 954 762 131
8 13 218 142 723
8 14 259 85 559
8 15 266 321 272
9 11 320 703 450
9 12 334 988 882
9 14 927 552 475
9 15 578 287 933
10 12 343 53 360
10 13 495 280 178
10 14 586 369 484
10 15 699 322 693
11 12 698 654 403
11 13 325 395 934
11 14 724 207 791
11 15 364 339 970
12 13 632 309 637
12 14 985 339 939
12 15 395 88 316
13 14 737 713 225
13 15 301 472 195
14 15 779 716 193
