16 3
0 2 533 592 94
0 3 545 101 666
0 8 325 809 694
0 9 136 961 993
0 11 499 184 459
0 12 278 835 758
1 6 286 510 621
1 7 863 934 630
1 8 689 522 624
1 9 567 578 581
1 10 684 209 445
2 4 128 638 102
2 5 688 850 354
2 9 604 885 757
2 13 893 671 410
2 14 551 912 688
2 15 419 585 397
3 7 706 268 363
3 9 982 725 321
3 12 745 501 661
3 13 311 932 750
4 5 89 759 524
4 6 877 482 373
4 11 831 478 610
4 13 310 810 719
4 15 585 561 243
5 7 978 811 833
5 9 103 473 817
5 10 78 304 956
5 12 366 742 470
5 14 310 521 926
5 15 95 456 312
6 7 368 854 305
6 8 399 758 272
6 9 216 285 223
6 13 761 568 271
7 8 484 190 568
7 10 670 698 770
7 11 829 121 69
8 11 352 558 398
8 12 452 595 914
8 13 188 307 865
8 14 881 205 637
8 15 659 172 81
9 10 734 512 54
9 12 787 562 890
9 13 221 292 927
10 11 209 506 368
10 12 65 742 997
10 13 621 989 248
10 15 159 673 337
11 12 167 185 403
11 13 258 903 323
14 15 484 906 936
