16 3
0 1 727 552 267
0 3 155 898 974
0 4 931 767 152
0 7 820 209 72
0 11 478 933 842
0 12 899 414 193
0 14 357 231 201
1 5 869 679 314
1 7 285 630 74
1 9 844 106 147
1 10 369 973 529
1 11 526 355 400
2 3 787 764 895
2 7 59 911 221
2 8 163 427 589
2 11 994 549 883
2 13 733 993 489
2 14 956 696 382
2 15 429 894 67
3 6 475 329 423
3 9 819 201 413
3 10 487 182 532
3 12 410 170 652
3 13 534 966 69
3 14 920 616 528
4 7 533 493 107
4 8 52 329 92
4 14 488 878 629
4 15 195 164 413
5 6 296 213 711
5 8 285 410 855
5 9 889 918 294
5 10 197 480 887
5 12 323 657 352
5 14 616 917 518
6 7 761 627 592
6 8 819 229 814
6 10 433 754 215
6 12 400 644 178
6 14 92 995 358
6 15 597 370 439
7 9 51 964 926
7 10 106 985 632
7 14 257 851 609
8 10 65 409 895
9 11 386 918 797
9 12 667 853 498
9 13 408 65 142
9 14 244 612 280
10 13 510 765 205
10 15 485 857 828
11 12 181 956 179
11 14 791 805 800
11 15 283 510 828
13 15 904 146 709
14 15 508 876 294
