16 3
0 2 517 448 327
0 3 363 574 399
0 4 650 593 979
0 5 491 860 145
0 7 963 846 171
0 8 287 591 596
0 9 61 519 629
0 10 303 364 272
0 11 257 176 916
0 12 805 274 113
0 13 363 371 852
0 14 701 549 157
0 15 964 617 985
1 2 238 562 71
1 3 306 645 678
1 4 127 267 985
1 6 139 154 835
1 7 115 163 984
1 8 726 519 797
1 11 966 85 147
1 12 359 474 524
1 13 542 743 570
1 15 661 953 996
2 3 916 923 139
2 4 510 99 438
2 5 775 331 667
2 7 88 328 794
2 8 670 333 469
2 11 731 307 212
2 12 746 570 956
2 14 956 537 874
2 15 626 641 548
3 4 999 562 703
3 5 574 60 582
3 7 223 101 565
3 8 314 236 113
3 10 126 255 842
3 11 297 532 387
3 12 884 194 903
3 13 975 405 114
3 15 937 409 843
4 5 111 927 77
4 6 309 128 439
4 8 289 564 995
4 9 257 882 93
4 10 60 484 491
4 11 803 248 762
4 12 803 140 445
4 13 482 502 173
4 14 68 571 654
5 9 926 401 569
5 10 746 776 617
5 11 432 775 843
5 12 634 787 401
6 9 339 514 193
6 12 291 909 197
7 9 984 299 274
7 10 475 912 680
7 11 98 830 161
7 13 834 534 399
7 15 719 804 995
8 9 256 979 134
8 10 182 702 387
8 11 641 480 761
8 12 306 122 842
8 13 790 756 250
8 14 329 148 533
8 15 221 363 838
9 10 793 920 841
9 11 740 675 269
9 12 755 225 733
9 13 360 116 281
9 14 784 338 718
9 15 385 103 296
10 12 182 696 277
10 13 436 461 717
10 14 290 390 363
10 15 974 331 734
11 12 925 200 962
11 13 581 160 694
11 14 841 433 237
11 15 932 899 578
12 14 449 503 821
13 14 553 238 530
14 15 726 70 650
