16 3
0 3 967 768 652
0 7 552 970 899
0 8 315 422 835
0 12 590 423 968
0 13 359 786 731
0 15 763 834 561
1 2 770 809 952
1 3 603 947 327
1 5 406 625 874
1 8 381 852 616
1 12 330 694 936
1 13 371 607 318
2 4 659 386 111
2 9 295 768 882
2 10 56 464 411
2 11 301 687 234
2 12 401 678 326
2 13 620 69 539
2 14 421 283 947
3 5 358 540 602
3 6 68 73 749
3 9 220 189 960
3 12 694 693 920
3 13 735 673 507
4 6 168 229 907
4 8 219 849 387
4 9 688 690 398
4 10 247 434 557
4 11 762 148 757
4 12 386 632 449
4 14 784 223 491
4 15 861 193 252
5 15 448 209 87
6 9 179 114 302
6 10 817 208 877
6 11 495 337 629
6 13 618 961 105
7 10 193 811 657
7 12 226 627 113
7 13 205 966 402
8 9 233 686 913
8 10 202 608 856
8 11 700 112 830
8 13 237 746 169
9 10 764 93 311
9 11 768 926 554
9 13 72 807 426
9 14 749 916 244
10 12 989 59 57
11 12 651 672 857
12 14 758 624 542
14 15 416 819 608
