16 3
0 1 406 322 964
0 3 367 813 738
0 5 737 56 633
0 10 497 826 725
0 14 130 740 164
1 10 982 652 175
1 11 284 339 563
1 14 482 744 455
1 15 826 958 89
2 7 817 693 638
2 9 807 988 647
2 12 496 666 480
2 14 873 952 294
3 12 912 835 807
3 14 811 373 813
4 5 119 496 639
4 12 918 341 741
4 13 96 258 237
4 15 704 559 535
5 8 131 724 315
5 12 654 341 106
5 13 572 779 826
5 14 466 948 858
6 7 864 446 705
6 8 995 275 53
6 10 922 309 455
6 11 444 405 109
6 14 520 653 633
7 11 980 859 450
7 12 154 490 820
7 15 577 806 923
8 12 535 774 604
8 15 201 109 900
9 12 896 857 151
9 13 607 602 569
9 14 678 285 757
10 11 128 320 531
10 14 912 652 970
11 14 233 960 64
13 15 69 682 876
