16 3
0 1 734 997 599
0 3 619 869 962
0 4 155 405 713
0 6 73 732 424
0 8 853 854 719
0 9 207 334 415
0 10 696 880 347
0 12 668 596 415
0 13 414 78 874
0 15 652 200 399
1 2 931 397 795
1 3 517 991 880
1 4 939 487 890
1 6 215 292 275
1 7 546 239 771
1 8 826 751 255
1 9 654 250 881
1 10 267 269 489
1 13 157 584 188
1 14 818 75 323
1 15 992 328 873
2 3 878 264 638
2 4 569 296 956
2 6 445 312 771
2 7 826 886 584
2 8 985 666 708
2 9 410 771 66
2 10 654 884 425
2 11 199 966 206
2 13 763 73 993
2 14 631 69 607
3 5 914 531 321
3 6 332 111 728
3 8 244 192 884
3 10 296 979 85
3 12 822 609 856
3 13 401 959 990
3 15 368 785 618
4 5 999 968 477
4 6 386 903 861
4 7 674 961 629
4 8 914 271 837
4 9 741 760 157
4 10 434 986 211
4 11 108 572 349
4 13 799 788 885
4 14 365 342 152
4 15 204 955 620
5 6 133 91 362
5 7 564 362 362
5 8 778 389 727
5 9 881 113 700
5 11 190 192 785
5 12 979 260 764
5 15 163 522 964
6 8 218 496 463
6 9 682 740 969
6 10 259 900 808
6 11 463 742 879
6 13 764 342 503
6 15 709 283 261
7 8 564 894 361
7 9 190 431 653
7 10 348 236 81
7 11 612 840 728
7 12 235 429 283
7 13 619 832 661
7 15 626 297 925
8 9 387 973 996
8 10 895 479 222
8 11 709 811 374
8 12 194 847 910
8 13 529 599 150
8 14 168 274 552
8 15 180 734 817
9 10 933 615 512
9 11 80 952 973
9 12 897 949 452
9 13 903 877 792
9 14 260 990 919
10 11 571 664 888
10 14 997 120 304
11 13 454 952 475
11 14 800 648 252
12 13 784 226 241
12 15 647 177 521
13 14 315 287 159
13 15 893 608 333
14 15 848 87 814
