16 3
0 1 427 155 732
0 2 841 133 965
0 3 363 886 518
0 6 519 758 573
0 7 200 205 322
0 10 127 593 469
0 14 869 763 930
0 15 448 125 219
1 2 117 477 208
1 3 580 342 328
1 4 104 922 906
1 6 565 62 517
1 9 166 859 316
1 11 307 502 193
1 12 676 607 245
1 13 816 319 635
2 7 504 743 855
2 8 804 59 634
2 10 421 139 366
2 12 737 356 765
2 14 828 683 904
2 15 542 878 102
3 4 779 380 582
3 5 562 131 327
3 6 475 477 224
3 7 187 165 108
3 8 267 811 100
3 10 585 382 882
3 11 278 161 841
4 5 82 959 610
4 7 693 101 659
4 10 990 748 198
4 12 320 842 130
4 13 892 215 478
4 14 160 243 924
4 15 624 909 601
5 7 963 595 437
5 8 855 420 908
5 9 442 967 826
5 10 589 805 276
5 12 100 692 239
5 13 59 911 813
5 15 499 80 312
6 7 991 334 582
7 9 924 357 306
7 10 812 133 391
7 12 903 693 430
7 14 418 942 893
7 15 219 356 839
8 11 422 926 313
8 12 530 112 208
8 14 78 319 179
8 15 956 694 253
9 10 236 929 453
9 12 278 130 790
9 14 804 287 944
9 15 62 415 729
10 13 805 136 571
10 14 952 590 153
11 12 178 700 579
11 14 951 406 145
11 15 834 381 540
12 14 859 702 716
14 15 790 118 557
