16 4
0 2 690 194 260 287
0 3 247 472 964 248
0 7 481 958 321 335
0 8 181 783 266 445
0 9 166 518 53 872
0 10 712 574 326 711
0 13 754 457 776 898
0 14 925 731 125 664
1 3 408 82 878 449
1 5 824 213 909 872
1 6 810 249 764 395
1 8 274 704 485 609
1 9 943 351 390 175
1 11 336 237 137 999
1 14 924 730 620 269
2 4 237 496 885 378
2 5 647 204 120 591
2 6 256 367 843 182
2 9 557 380 475 157
2 11 838 987 636 701
2 13 485 246 619 433
2 14 572 601 71 248
2 15 289 274 248 371
3 4 494 323 861 649
3 5 232 892 907 300
3 6 677 748 869 945
3 11 321 916 74 894
3 12 574 601 590 777
3 13 95 312 354 732
4 7 925 918 537 699
4 8 262 341 572 462
4 11 174 914 631 409
4 13 356 132 271 232
4 15 427 279 356 791
5 6 924 950 70 475
5 13 982 571 487 488
5 15 79 956 987 783
6 8 481 399 778 500
6 10 203 879 540 262
6 12 751 833 902 130
7 8 349 911 536 319
7 10 393 170 989 367
7 11 519 100 172 321
7 12 978 788 305 462
7 13 349 777 864 317
7 15 750 917 285 140
8 10 58 710 694 403
8 12 256 208 459 290
9 10 616 114 316 634
9 11 54 762 792 732
9 13 475 438 458 493
9 14 374 94 621 319
9 15 562 650 746 770
10 11 974 762 167 825
11 14 715 666 223 410
11 15 475 570 703 630
12 14 710 566 226 175
13 14 168 205 213 508
