16 4
0 3 964 814 303 90
0 6 563 79 836 241
0 9 455 414 375 219
0 10 782 492 406 790
0 12 338 418 701 470
0 13 419 929 429 67
0 14 970 528 441 947
0 15 92 167 519 604
1 2 503 249 147 535
1 3 988 784 703 796
1 5 742 53 349 767
1 6 847 360 559 80
1 8 416 524 590 706
1 9 160 69 849 180
1 10 89 262 831 225
1 12 918 614 56 312
1 14 188 654 113 70
1 15 274 570 86 106
2 3 346 737 766 883
2 6 817 192 646 123
2 8 856 276 314 505
2 9 449 408 381 242
2 11 495 245 784 996
2 12 143 210 934 937
2 13 546 379 690 350
3 4 730 721 620 611
3 5 280 354 647 166
3 8 385 254 533 71
3 9 827 380 234 260
3 11 116 721 385 768
3 13 774 768 799 362
4 6 113 450 610 582
4 7 186 627 749 360
4 8 508 852 794 401
4 9 293 114 877 53
4 12 208 919 842 144
4 13 367 180 171 821
4 15 479 996 991 277
5 6 956 922 442 80
5 7 531 85 694 527
5 9 106 108 370 808
5 11 248 865 462 729
5 15 507 274 639 415
6 7 96 160 906 334
6 9 50 214 200 222
6 11 845 105 917 833
6 12 437 845 196 202
6 14 52 646 542 708
6 15 688 747 140 52
7 8 577 678 933 990
7 10 154 223 460 58
7 11 299 888 780 179
7 13 206 631 80 536
7 14 941 211 424 493
8 9 653 189 935 429
8 12 666 221 730 460
8 14 341 605 182 243
8 15 76 768 132 509
9 10 94 464 516 681
9 11 916 491 153 883
9 12 771 926 988 829
9 14 784 590 222 230
9 15 78 610 725 85
10 11 896 779 643 586
10 13 762 240 244 811
11 12 759 925 924 873
11 14 792 650 345 720
12 13 298 294 808 961
12 14 262 916 942 410
14 15 877 385 873 498
