16 4
0 6 560 850 984 515
1 5 749 368 377 319
1 7 609 792 742 875
1 10 782 785 792 828
1 11 781 468 144 755
1 12 991 769 879 460
1 13 151 911 153 265
2 5 491 278 365 202
3 4 276 553 56 331
3 6 273 575 312 602
3 11 653 486 364 818
3 13 472 480 584 354
4 5 711 369 826 765
4 7 515 618 844 753
4 9 723 466 273 607
5 6 586 982 678 849
5 7 483 756 953 794
5 9 302 815 961 923
5 12 636 114 311 260
5 14 193 375 469 191
6 13 580 70 909 916
7 8 416 712 117 776
7 9 118 444 218 721
7 11 731 420 320 466
8 12 932 698 891 780
8 15 607 239 521 481
9 11 788 531 841 406
10 14 702 466 603 65
10 15 660 763 832 816
12 15 977 979 610 569
13 14 451 105 589 709
