16 4
0 1 630 685 712 365
0 3 585 504 852 954
0 4 834 645 335 258
0 11 315 625 306 782
0 12 920 270 789 396
0 13 53 199 126 790
0 14 182 678 519 681
1 3 752 347 333 772
1 5 530 980 136 839
1 6 821 248 283 119
1 7 835 845 944 149
1 8 154 853 304 690
1 9 744 574 449 891
1 10 838 963 329 992
1 11 384 457 877 428
1 14 211 604 882 732
1 15 519 936 527 466
2 4 873 59 996 805
2 7 473 741 224 623
2 10 79 225 200 374
2 12 400 381 613 572
2 13 989 315 671 383
2 14 925 681 172 776
2 15 820 337 798 141
3 5 699 804 71 317
3 8 939 196 899 695
3 10 212 850 730 779
3 11 933 570 770 952
3 14 286 310 549 700
4 6 973 653 178 439
4 8 291 234 157 58
4 10 729 609 660 830
4 14 817 913 237 948
4 15 369 504 893 559
5 6 278 151 642 959
5 7 307 713 580 858
5 11 93 576 247 250
5 13 588 177 827 648
6 7 695 292 619 612
6 9 736 878 715 223
6 12 615 736 214 338
7 9 867 839 835 685
7 15 628 287 671 462
8 9 747 244 356 438
8 10 90 546 367 379
8 12 646 897 131 819
8 14 621 512 258 173
9 11 626 726 469 135
9 13 178 595 450 964
9 14 181 319 814 966
10 11 468 560 375 673
10 12 570 730 624 882
10 13 143 798 86 339
10 14 405 351 129 126
10 15 402 548 944 905
11 12 670 412 71 556
11 15 54 361 192 668
12 13 198 731 195 220
13 14 658 74 832 147
13 15 938 664 247 815
