16 4
0 3 562 169 507 816
0 4 478 830 283 676
0 8 179 510 90 302
0 9 924 545 275 340
0 10 898 173 624 616
0 13 524 746 290 456
0 14 449 267 592 740
1 7 297 694 908 514
1 10 84 482 200 515
1 12 697 852 993 82
1 13 442 903 307 829
1 14 221 669 739 922
2 4 160 853 858 432
2 6 249 910 95 329
2 7 952 340 635 164
2 13 293 769 465 654
3 5 224 865 437 961
3 10 741 165 478 355
3 11 677 997 378 749
3 13 388 335 703 894
4 5 868 121 111 639
4 6 573 58 867 762
4 8 411 372 542 705
4 9 844 493 933 292
4 10 716 183 342 768
4 11 998 853 111 884
4 15 961 403 953 244
5 8 453 941 408 759
5 9 606 949 803 753
5 11 930 423 680 803
6 10 692 928 591 495
6 13 710 345 990 693
6 14 329 259 850 928
7 8 731 323 162 240
7 12 55 635 334 93
7 13 902 132 912 972
7 14 110 181 598 763
7 15 382 467 786 650
8 10 794 161 832 859
8 11 814 311 736 192
8 12 384 311 764 292
8 14 403 671 973 491
8 15 547 952 453 267
9 10 639 325 955 428
9 11 431 727 876 293
9 13 339 871 301 942
9 14 795 115 770 334
10 12 237 190 316 91
10 14 366 703 525 801
11 12 867 182 68 722
11 13 766 906 424 208
11 15 632 311 972 106
12 13 778 73 957 850
12 15 673 609 88 499
13 14 540 141 918 232
13 15 449 108 681 615
14 15 131 245 450 309
