16 4
0 1 981 81 615 508
0 2 93 111 881 497
0 3 842 720 831 467
0 4 116 476 667 209
0 5 373 545 168 471
0 6 751 540 85 860
0 7 473 268 835 973
0 8 174 720 298 613
0 9 414 740 772 145
0 10 976 300 322 87
0 11 51 580 184 686
0 12 538 867 814 616
0 14 580 92 957 453
0 15 204 296 166 821
1 2 457 397 871 258
1 3 727 627 531 751
1 4 156 704 224 496
1 6 205 319 824 374
1 7 451 949 160 602
1 8 861 832 339 107
1 9 334 224 478 971
1 10 514 271 438 138
1 11 205 68 543 287
1 12 181 704 814 439
1 13 811 570 930 721
1 14 503 369 56 159
1 15 701 289 753 134
2 3 136 734 516 559
2 4 113 894 211 973
2 6 755 978 524 404
2 7 159 561 469 893
2 8 308 739 115 852
2 9 515 631 763 820
2 10 164 341 237 88
2 12 530 232 654 443
2 13 297 761 820 622
2 14 135 348 289 755
2 15 558 651 198 739
3 4 940 326 659 857
3 6 200 479 461 191
3 7 797 831 260 862
3 8 82 690 601 984
3 9 734 711 997 823
3 10 379 590 332 921
3 11 501 920 630 411
3 12 871 915 756 597
3 13 157 184 939 685
3 14 82 372 479 425
3 15 603 696 120 51
4 6 797 773 919 220
4 7 765 941 932 418
4 8 578 240 155 723
4 9 460 157 452 550
4 10 643 420 108 252
4 11 411 143 672 419
4 12 950 149 875 524
4 15 345 900 151 98
5 6 525 819 399 984
5 8 248 740 643 628
5 9 113 163 521 265
5 10 886 102 154 249
5 12 106 319 551 711
5 13 366 115 779 504
5 14 577 935 613 224
5 15 572 250 797 432
6 7 277 536 118 886
6 9 987 867 932 120
6 10 764 953 355 877
6 12 198 749 179 322
6 13 322 532 375 763
6 14 422 561 759 944
6 15 947 449 412 635
7 8 882 441 118 215
7 10 643 442 76 585
7 12 757 249 399 771
7 13 608 360 276 624
7 14 876 712 120 658
7 15 731 405 113 912
8 10 750 106 568 883
8 11 297 906 254 801
8 12 421 923 985 425
8 14 922 679 800 949
9 10 774 559 425 215
9 11 942 726 789 597
9 12 866 272 423 78
9 15 979 56 489 55
10 11 883 529 233 191
10 13 621 883 165 525
10 14 195 163 123 783
10 15 611 503 277 311
11 12 285 850 519 825
11 13 215 838 930 142
11 14 142 637 183 561
11 15 271 384 713 477
12 13 236 201 812 383
12 14 820 126 768 516
12 15 766 195 603 226
13 14 480 275 121 482
13 15 952 94 308 892
14 15 850 75 857 841
