16 4
0 2 374 783 976 319
0 3 189 434 482 70
0 8 112 819 90 388
0 10 328 203 122 491
1 2 743 771 641 418
1 4 325 956 228 480
1 10 888 961 298 598
2 3 759 843 162 452
2 14 994 292 650 453
3 6 126 597 444 600
3 7 534 354 688 545
3 12 240 453 722 716
3 13 866 292 118 497
3 14 127 149 549 594
4 5 288 660 891 798
4 9 892 946 718 399
4 11 275 73 707 814
5 6 284 708 819 502
5 11 513 428 892 245
5 13 692 644 904 946
6 9 497 638 793 605
6 11 780 397 634 114
9 10 254 269 506 957
10 11 920 96 368 909
10 15 61 638 563 413
11 13 716 72 858 604
11 15 832 525 880 878
12 14 426 357 893 220
12 15 101 143 251 837
14 15 786 653 277 838
