16 4
0 1 957 296 218 620
0 5 714 870 672 268
0 15 772 262 128 126
1 3 268 803 126 627
1 14 514 305 409 983
1 15 222 681 518 126
2 4 430 362 451 141
2 6 529 55 366 253
2 7 192 930 317 939
2 14 720 560 61 884
2 15 587 733 76 154
3 8 332 169 407 158
3 15 288 650 223 51
4 9 712 561 340 315
4 11 867 743 132 142
5 6 907 504 181 718
5 8 887 484 945 151
5 10 193 241 333 776
5 11 830 803 622 414
7 9 353 703 414 263
8 9 976 595 751 905
9 11 951 422 242 675
9 12 544 428 707 195
10 15 543 592 661 608
11 15 235 365 191 583
12 13 250 162 250 166
