16 4
0 3 590 730 794 877
0 6 51 115 771 959
0 7 534 993 392 371
0 9 998 220 756 159
0 10 921 766 611 727
0 11 651 340 269 588
0 12 711 612 354 796
0 13 366 506 314 635
0 15 870 281 802 331
1 6 932 892 614 413
1 7 582 570 79 127
1 9 163 858 396 735
1 12 402 157 783 840
1 13 558 650 480 441
2 3 600 980 711 901
2 4 779 349 224 371
2 5 171 341 469 192
2 7 424 385 996 410
2 8 520 624 988 253
2 13 266 766 397 543
2 14 65 119 194 646
2 15 979 838 949 875
3 4 461 566 913 731
3 6 437 191 222 997
3 10 936 967 410 98
3 11 142 271 711 799
3 12 87 527 885 262
3 14 997 792 424 772
3 15 139 741 733 674
4 8 384 486 891 812
4 9 718 697 859 387
4 10 455 988 97 675
4 11 635 174 259 58
4 12 615 619 91 902
4 14 670 107 154 988
4 15 508 537 143 184
5 9 593 721 880 865
5 10 348 155 540 747
5 11 974 946 814 672
5 12 715 878 768 513
5 14 639 799 778 287
5 15 428 247 907 206
6 9 112 514 482 153
6 11 355 377 824 326
6 12 939 801 995 620
6 13 430 635 256 733
6 15 365 990 101 544
7 9 876 628 892 324
7 10 810 225 459 420
7 12 438 86 789 823
7 13 339 126 624 952
8 10 117 763 575 185
8 14 388 772 258 608
9 12 197 212 783 507
9 14 436 649 77 996
10 12 238 298 414 296
10 13 609 991 971 851
10 15 824 242 430 663
11 15 502 528 410 250
12 15 675 320 359 116
13 15 425 496 757 655
14 15 944 352 507 778
