16 4
0 1 773 898 453 613
0 2 311 816 857 285
0 5 121 294 702 656
0 8 553 957 98 803
0 9 463 877 887 57
0 10 467 931 311 823
0 11 706 132 211 123
0 12 940 131 688 763
0 13 610 616 66 645
0 15 593 349 684 412
1 2 727 768 242 741
1 3 513 453 497 515
1 5 638 321 258 325
1 7 988 326 643 787
1 8 767 723 885 670
1 9 907 765 283 640
1 12 223 953 709 400
1 13 103 165 665 344
1 14 442 101 730 867
1 15 617 159 989 678
2 3 579 835 288 820
2 4 542 873 772 518
2 6 122 115 908 795
2 7 71 777 579 960
2 8 805 379 793 182
2 9 118 86 215 988
2 10 208 907 627 732
2 11 123 314 919 226
2 12 430 486 619 883
2 14 283 456 447 994
2 15 522 275 880 557
3 4 435 915 297 268
3 5 484 460 805 121
3 6 252 364 968 949
3 7 211 226 701 626
3 9 668 981 471 823
3 11 762 819 718 878
3 13 908 302 901 823
3 14 311 451 747 803
4 6 351 782 584 648
4 7 647 739 742 452
4 8 879 541 150 573
4 9 885 914 163 391
4 10 419 936 170 885
4 11 355 265 295 915
4 12 636 437 614 78
4 14 970 819 957 239
4 15 921 672 359 280
5 6 558 763 952 690
5 9 816 381 455 735
5 10 484 368 283 655
5 12 769 475 612 657
5 13 810 93 603 661
5 14 912 803 684 828
6 7 277 719 922 908
6 9 888 212 701 717
6 10 884 897 934 130
6 11 582 58 435 612
6 13 744 913 743 248
6 14 944 889 990 895
6 15 734 905 784 780
7 9 571 806 884 547
7 10 288 98 519 135
7 13 632 207 416 907
7 14 270 870 488 184
7 15 674 464 735 299
8 9 194 945 431 356
8 10 735 748 864 421
8 12 606 396 663 176
8 13 794 236 465 406
8 14 985 62 164 471
8 15 968 495 227 247
9 10 960 755 820 646
9 12 59 116 178 77
9 14 901 265 766 121
10 11 162 744 374 778
10 12 606 652 959 66
10 13 98 615 198 995
10 14 112 199 618 173
10 15 955 754 926 685
11 12 587 813 156 714
11 14 172 143 226 277
11 15 331 373 206 567
12 15 764 509 109 940
13 14 503 815 609 322
13 15 421 144 805 514
14 15 795 897 616 632
