16 4
0 5 329 67 792 776
0 6 170 578 950 84
0 8 838 637 311 484
0 11 63 58 725 417
0 12 624 404 273 927
0 13 153 167 960 785
0 14 970 508 749 112
0 15 197 109 699 776
1 4 153 672 855 115
1 6 383 840 991 708
1 8 495 420 675 446
1 9 901 396 991 989
1 10 640 383 759 339
1 11 172 109 328 711
1 12 957 348 69 161
1 13 748 743 607 817
2 6 357 961 926 51
2 8 890 628 436 56
2 9 456 819 385 90
2 10 722 544 205 327
2 11 352 670 158 51
2 12 322 364 252 768
2 13 280 140 999 547
2 14 57 151 869 459
3 8 886 960 900 372
3 12 141 257 758 450
3 14 453 118 357 323
3 15 706 124 623 100
4 5 539 812 713 867
4 7 668 794 419 732
4 9 392 122 698 852
4 10 261 647 593 415
4 11 268 567 389 990
4 12 423 305 128 363
4 13 792 537 711 527
4 14 768 434 461 51
4 15 791 638 440 60
5 6 299 876 647 537
5 7 538 863 213 437
5 8 744 379 500 402
5 9 619 869 106 981
5 11 970 800 938 778
5 12 955 127 419 915
5 13 297 981 918 179
5 15 650 733 271 931
6 7 465 329 632 935
6 8 569 176 744 937
6 9 869 809 494 558
6 10 340 504 208 896
6 11 980 996 156 289
6 12 682 822 951 191
6 13 519 66 291 230
6 14 561 146 267 192
6 15 348 262 351 978
7 8 555 882 279 260
7 9 383 123 669 877
7 10 574 270 783 534
7 13 880 390 282 971
7 14 922 429 729 507
7 15 835 437 230 689
8 10 768 193 131 275
8 11 478 127 142 792
8 12 102 761 810 726
8 13 669 136 873 973
8 14 763 160 652 648
9 10 324 973 601 120
9 12 481 842 470 555
9 14 116 630 797 209
9 15 762 664 66 75
10 11 203 685 831 415
10 12 831 780 649 352
10 13 635 751 888 76
10 14 843 216 706 515
10 15 258 961 127 875
11 12 977 844 751 179
11 13 871 335 183 848
11 14 633 353 227 103
11 15 950 747 316 942
12 13 194 775 342 366
12 14 67 205 837 438
13 14 661 379 561 726
13 15 312 432 724 116
