17 2
0 1 991 111
0 4 773 526
0 6 454 310
0 8 195 657
0 9 231 718
0 14 432 760
1 3 179 250
1 8 988 272
1 11 805 427
1 13 115 466
1 15 95 214
1 16 771 853
2 4 405 386
2 9 430 868
2 10 388 777
2 16 136 717
3 5 158 858
3 7 685 639
3 9 647 701
3 13 213 984
3 14 146 572
3 15 500 194
4 6 689 290
4 7 380 522
4 9 638 331
4 10 295 86
4 13 532 406
4 14 81 842
4 15 597 108
4 16 860 345
5 8 264 478
5 10 791 958
5 12 118 700
5 14 702 740
6 7 937 727
6 10 289 726
6 16 345 654
7 8 278 201
7 10 161 678
7 16 342 983
8 9 737 993
8 13 673 298
8 14 972 508
9 11 788 848
9 15 380 570
10 11 327 888
10 12 489 686
10 13 139 497
10 14 438 986
10 16 139 663
11 12 437 100
11 13 68 836
11 15 655 187
11 16 653 964
12 14 384 171
12 16 764 610
13 14 317 86
13 15 972 602
13 16 177 809
