17 2
0 1 727 962
0 2 958 64
0 3 909 244
0 5 704 78
0 6 968 50
0 7 849 869
0 8 61 251
0 9 226 235
0 10 363 586
0 12 578 787
0 13 153 200
0 14 908 947
0 15 272 930
0 16 923 555
1 2 766 941
1 5 746 896
1 6 157 300
1 7 418 931
1 9 761 787
1 10 734 509
1 11 737 622
1 12 770 151
1 13 913 787
1 14 532 226
1 15 249 684
2 3 154 540
2 4 887 709
2 6 457 349
2 8 507 666
2 9 630 625
2 10 579 247
2 11 186 839
2 12 950 761
2 13 775 375
2 14 966 382
2 15 135 900
2 16 744 150
3 5 132 615
3 6 649 55
3 7 76 769
3 9 815 59
3 10 755 147
3 11 355 191
3 12 870 474
3 13 714 362
3 14 367 310
4 5 283 663
4 6 733 798
4 7 431 211
4 8 981 549
4 10 500 92
4 11 510 383
4 13 270 524
4 14 457 102
4 15 797 457
4 16 235 719
5 7 429 434
5 8 401 181
5 9 389 220
5 11 134 454
5 13 745 418
6 7 68 795
6 9 674 590
6 11 172 669
6 12 747 969
6 13 950 217
6 16 126 633
7 8 886 638
7 9 144 384
7 11 292 754
7 13 328 779
7 14 630 578
7 15 929 322
7 16 751 605
8 9 644 931
8 10 187 957
8 11 255 825
8 13 567 579
8 14 938 998
8 16 556 458
9 12 609 478
9 14 891 860
9 15 598 640
9 16 661 270
10 11 485 224
10 14 660 484
10 15 705 891
11 13 872 922
11 14 920 80
11 15 592 76
11 16 487 890
12 13 815 527
12 14 495 348
12 16 691 339
13 14 52 269
13 15 899 408
14 15 801 345
14 16 755 549
15 16 238 419
