17 2
0 1 348 89
0 2 801 635
0 3 895 894
0 4 233 987
0 5 900 384
0 6 57 365
0 7 712 408
0 8 477 409
0 9 125 290
0 10 73 346
0 11 152 376
0 14 302 136
0 16 951 114
1 2 265 122
1 3 492 854
1 4 508 912
1 7 464 163
1 9 504 340
1 10 432 144
1 12 892 123
1 13 456 827
1 14 500 74
1 15 969 85
1 16 554 608
2 3 967 435
2 4 96 633
2 5 505 315
2 7 348 56
2 8 841 787
2 9 779 565
2 10 249 194
2 11 189 760
2 12 243 221
2 13 310 78
2 14 785 210
2 15 225 834
3 4 856 161
3 6 633 74
3 7 808 968
3 8 137 803
3 10 634 732
3 11 414 804
3 12 605 105
3 14 399 629
3 15 283 974
3 16 166 774
4 5 190 834
4 6 382 668
4 7 601 466
4 8 110 385
4 9 610 363
4 11 606 779
4 12 758 797
4 13 610 817
4 14 718 706
4 15 182 489
4 16 646 962
5 6 617 964
5 7 929 131
5 8 841 343
5 9 423 123
5 10 239 413
5 11 189 228
5 13 899 908
5 14 553 532
5 15 389 802
5 16 572 284
6 7 119 164
6 8 505 385
6 9 667 598
6 10 93 418
6 12 853 338
6 13 685 786
6 14 527 555
7 8 932 330
7 9 908 237
7 10 855 212
7 11 149 930
7 12 117 664
7 14 606 429
7 15 673 284
8 10 221 942
8 11 789 493
8 12 760 793
8 13 400 749
8 14 290 715
8 15 636 736
8 16 743 879
9 10 828 100
9 11 109 400
9 13 413 176
9 14 301 647
9 16 769 55
10 13 328 566
10 14 909 307
10 16 367 984
11 13 569 547
11 15 611 516
11 16 917 961
12 13 579 964
12 15 148 654
12 16 561 381
13 14 665 393
13 15 971 102
14 15 475 63
14 16 79 569
15 16 191 695
