17 3
0 2 737 520 386
0 4 563 719 487
0 7 311 535 482
0 9 758 709 331
0 14 773 101 629
0 16 331 908 857
1 2 637 85 210
1 4 202 505 809
1 6 133 589 157
1 7 954 186 743
1 8 998 164 609
1 9 553 224 760
1 10 134 492 528
1 11 333 949 404
1 12 513 85 686
1 16 331 147 205
2 3 897 671 856
2 4 154 675 476
2 6 273 586 720
2 7 491 732 356
2 8 91 678 542
2 9 472 96 416
2 10 743 81 528
2 11 304 205 912
2 12 557 782 765
3 5 592 608 262
3 6 57 983 695
3 7 432 179 163
3 8 947 798 439
3 10 172 661 739
3 11 634 63 934
3 16 432 778 90
4 7 787 764 462
4 8 693 863 378
4 13 174 724 442
4 14 332 94 703
5 6 592 736 594
5 7 977 237 910
5 11 366 722 54
5 12 452 572 698
5 13 522 295 117
5 14 611 89 450
6 11 915 476 731
6 12 273 436 397
6 14 530 409 761
6 16 93 567 496
7 11 725 609 967
7 12 413 973 886
8 9 888 168 372
8 10 304 597 482
8 12 207 291 51
8 13 297 298 190
8 14 974 737 720
9 11 744 966 380
9 14 590 892 610
9 16 78 385 910
10 11 83 523 320
10 12 231 264 974
10 14 863 918 666
10 15 822 631 153
10 16 173 178 314
11 12 111 783 859
11 13 777 190 745
11 14 54 587 83
11 15 781 763 993
12 14 766 561 167
12 15 627 639 826
13 14 257 336 274
13 15 992 276 128
13 16 835 635 444
14 16 571 87 428
