17 3
0 1 775 903 946
0 5 424 655 595
0 8 618 597 235
0 10 382 262 456
0 13 309 566 364
0 14 703 251 173
0 16 933 741 646
1 4 646 668 297
1 6 294 307 871
1 7 723 462 767
1 8 75 130 254
1 9 386 580 747
1 12 776 701 638
1 14 854 178 145
1 15 266 398 570
2 4 947 226 682
2 6 512 580 412
2 8 943 423 740
2 10 849 188 100
2 12 613 894 961
2 13 493 513 71
2 15 440 880 792
2 16 264 640 140
3 6 795 758 708
3 7 174 451 968
3 11 723 248 812
3 13 527 298 789
4 8 668 669 560
4 10 329 613 839
4 11 790 363 377
5 6 187 354 807
5 8 894 656 662
5 9 60 307 80
5 10 505 368 429
5 12 312 155 160
5 13 632 340 839
5 14 830 63 997
5 16 500 272 819
6 7 583 656 663
6 10 484 790 395
6 12 331 426 893
6 13 574 508 62
6 14 100 894 461
6 15 868 140 597
6 16 378 594 902
7 9 830 420 405
7 10 183 80 344
7 11 207 348 931
7 13 129 898 319
7 14 250 155 447
7 15 729 907 916
7 16 74 309 830
8 10 192 783 920
8 13 952 580 932
8 14 601 985 135
8 15 911 966 79
8 16 316 108 195
9 13 339 618 217
9 14 614 373 188
9 15 108 833 509
9 16 850 187 192
10 11 243 892 229
11 13 324 995 479
12 14 153 528 662
13 15 471 891 127
14 15 538 658 353
14 16 744 901 329
15 16 286 580 465
