17 3
0 1 433 628 885
0 3 493 775 402
0 4 324 930 774
0 5 674 335 660
0 6 815 556 212
0 7 284 394 907
0 8 645 515 495
0 9 910 710 132
0 10 496 783 697
0 12 319 827 63
0 13 67 719 708
0 14 610 630 124
0 15 518 83 732
0 16 146 356 265
1 4 753 470 105
1 6 487 655 991
1 7 526 426 784
1 8 609 325 143
1 9 363 727 814
1 10 100 215 181
1 11 696 724 796
1 12 962 104 88
1 14 368 688 693
1 15 477 675 113
1 16 818 446 324
2 3 623 734 849
2 5 157 999 521
2 6 985 978 506
2 7 203 726 594
2 8 925 413 163
2 10 449 685 957
2 11 454 280 516
2 14 711 634 880
2 15 242 454 50
2 16 161 990 558
3 4 362 184 633
3 5 643 185 480
3 6 975 333 322
3 7 845 203 407
3 8 418 608 732
3 9 813 577 977
3 10 121 517 191
3 11 806 600 361
3 12 781 217 478
3 13 184 893 133
3 14 334 119 282
3 15 487 498 330
3 16 968 373 690
4 5 741 696 373
4 6 639 623 478
4 7 668 869 165
4 8 644 556 543
4 10 51 673 188
4 11 258 407 566
4 13 160 136 470
4 16 357 66 313
5 6 465 754 816
5 7 173 308 538
5 8 640 55 929
5 10 665 496 290
5 12 816 355 534
5 13 470 83 163
5 14 90 826 628
5 16 715 457 985
6 10 317 988 926
6 12 74 197 987
6 13 313 510 135
6 14 563 119 355
6 15 732 680 271
6 16 862 900 277
7 9 357 364 874
7 12 425 620 315
7 13 728 852 998
7 14 733 455 766
7 15 800 956 552
7 16 611 503 313
8 9 107 970 456
8 11 846 682 934
8 12 352 253 780
8 13 657 723 727
9 10 857 214 329
9 12 632 612 327
9 13 639 339 709
9 14 547 488 371
9 15 980 66 868
9 16 750 627 67
10 11 650 255 89
10 12 284 364 598
10 13 433 86 719
10 14 107 598 518
10 15 738 185 845
10 16 680 645 824
11 12 673 941 328
11 13 991 82 606
11 14 854 479 858
12 13 986 586 148
12 14 762 490 275
12 15 681 985 70
12 16 71 113 199
13 14 429 760 626
13 15 668 253 496
13 16 708 608 156
14 15 728 121 207
14 16 440 581 545
15 16 783 576 741
