17 3
0 1 860 656 995
0 2 386 576 96
0 3 966 486 723
0 5 371 278 653
0 6 990 837 471
0 7 595 187 417
0 8 609 983 460
0 10 357 677 858
0 11 994 624 511
0 14 576 452 689
0 15 403 376 58
0 16 666 697 609
1 2 612 247 928
1 3 289 715 962
1 4 360 667 914
1 6 906 153 462
1 7 612 531 918
1 8 149 838 765
1 9 133 638 607
1 10 707 85 615
1 11 213 769 598
1 12 933 657 230
1 13 621 141 668
1 14 580 763 93
1 15 655 332 150
1 16 377 695 506
2 3 925 583 800
2 4 608 934 772
2 7 155 413 365
2 8 235 237 583
2 9 542 910 996
2 10 566 594 810
2 11 58 401 195
2 12 69 760 531
2 13 69 822 801
2 14 51 989 494
2 15 999 662 926
2 16 853 718 556
3 4 135 615 584
3 5 418 887 140
3 6 859 224 883
3 8 194 274 701
3 9 581 944 162
3 10 720 368 988
3 11 636 516 856
3 12 309 595 80
3 14 94 980 720
3 15 712 240 173
3 16 447 609 411
4 5 496 400 240
4 6 239 819 697
4 8 269 226 120
4 9 414 824 324
4 10 582 366 958
4 11 936 632 998
4 12 218 56 780
4 13 438 499 353
4 15 497 210 713
4 16 788 877 192
5 6 561 81 237
5 7 522 739 581
5 8 659 577 621
5 10 712 481 869
5 11 365 515 283
5 12 556 578 583
5 13 621 88 412
5 14 835 145 511
5 15 222 374 990
6 7 80 937 203
6 8 758 140 713
6 9 688 686 577
6 11 219 133 524
6 12 573 435 690
6 13 650 509 372
6 14 815 134 211
6 15 873 196 969
6 16 487 833 651
7 8 584 384 877
7 10 733 861 282
7 11 996 221 472
7 12 106 710 662
7 13 283 729 300
7 14 356 261 351
7 15 294 896 349
8 9 491 924 163
8 10 859 573 982
8 11 988 151 137
8 12 151 71 146
8 13 62 84 853
8 14 223 179 437
8 15 749 886 649
9 10 327 173 109
9 11 105 415 249
9 12 137 970 472
9 13 574 435 594
9 14 471 420 324
9 15 542 435 990
9 16 333 359 239
10 11 126 99 389
10 12 758 667 192
10 13 778 363 884
10 15 93 789 835
10 16 674 735 370
11 12 748 189 875
11 14 539 503 383
11 16 341 263 912
12 13 132 104 857
12 15 806 491 310
12 16 370 412 270
13 14 675 930 526
13 15 114 605 709
13 16 722 794 693
14 15 159 859 636
14 16 477 174 757
15 16 773 339 171
