17 3
0 1 860 822 456
0 2 582 119 456
0 3 485 850 216
0 4 588 586 940
0 5 118 52 826
0 6 956 889 886
0 7 274 670 354
0 8 566 507 944
0 9 213 591 476
0 10 886 684 639
0 11 66 623 862
0 12 764 369 627
0 14 376 426 806
0 15 833 885 793
0 16 144 884 94
1 2 342 974 479
1 3 729 627 54
1 4 843 393 963
1 5 839 993 538
1 6 532 536 470
1 8 210 365 556
1 10 880 248 154
1 11 712 820 319
1 13 439 722 74
1 14 553 930 66
2 3 156 310 883
2 4 240 74 531
2 6 801 354 304
2 8 714 901 936
2 10 761 717 659
2 13 426 535 122
2 15 144 522 603
2 16 121 974 342
3 4 422 882 586
3 5 216 62 707
3 6 817 135 117
3 7 427 888 379
3 8 915 605 469
3 10 494 92 781
3 11 910 979 618
3 12 759 843 424
3 13 459 190 519
3 14 174 580 377
4 5 450 237 439
4 6 462 697 224
4 7 869 299 944
4 8 487 840 415
4 9 983 664 709
4 10 759 558 125
4 11 962 269 71
4 12 368 435 804
4 14 164 685 906
4 15 79 757 669
4 16 346 590 831
5 6 872 952 923
5 7 993 58 859
5 10 375 344 562
5 11 676 311 570
5 12 70 664 252
5 13 771 175 256
5 15 939 657 356
5 16 97 789 846
6 7 278 731 927
6 9 568 148 956
6 10 584 790 860
6 12 576 194 622
6 13 796 235 686
6 15 64 474 590
6 16 497 876 276
7 9 221 420 866
7 11 770 854 58
7 12 254 409 66
7 14 221 314 709
7 15 242 811 188
7 16 255 308 517
8 9 594 981 963
8 10 273 160 378
8 11 307 732 245
8 12 914 234 293
8 13 446 497 224
8 14 469 257 916
8 15 657 351 520
9 10 600 605 650
9 12 601 660 453
9 13 853 315 139
9 16 51 547 969
10 12 704 477 648
10 13 587 448 154
10 14 351 471 646
10 15 560 795 925
10 16 996 865 183
11 12 53 109 597
11 15 857 774 651
12 13 481 320 234
12 15 727 939 192
12 16 554 172 803
13 15 774 106 95
13 16 872 686 552
14 15 57 505 338
14 16 71 944 165
15 16 958 864 721
