17 3
0 1 851 442 218
0 2 334 575 106
0 4 444 811 324
0 5 317 225 678
0 6 802 688 740
0 7 277 363 327
0 8 261 138 611
0 9 481 232 521
0 11 697 883 853
0 12 244 941 110
0 13 843 101 687
0 14 420 132 954
1 3 369 86 188
1 4 980 856 559
1 5 63 931 636
1 6 731 376 536
1 7 564 295 379
1 9 77 561 905
1 10 939 478 72
1 12 286 581 890
1 13 723 197 950
1 14 195 927 689
1 16 81 187 920
2 3 205 187 396
2 4 968 404 851
2 5 153 219 558
2 6 221 878 215
2 7 885 423 661
2 10 697 203 958
2 11 305 138 131
2 12 676 766 963
2 14 975 660 66
3 4 360 923 492
3 5 889 809 211
3 6 66 347 138
3 7 83 839 221
3 8 102 834 734
3 9 760 395 62
3 10 595 881 982
3 11 766 208 759
3 12 177 717 567
3 15 268 935 746
3 16 726 795 467
4 5 871 934 948
4 6 692 672 841
4 7 82 278 206
4 8 718 755 174
4 9 735 709 202
4 10 699 436 463
4 11 895 259 915
4 12 846 137 508
4 13 884 642 254
4 14 597 790 744
4 15 138 808 304
4 16 844 715 299
5 6 516 523 759
5 7 932 505 317
5 8 951 537 647
5 9 599 764 520
5 10 397 182 88
5 11 430 433 606
5 12 156 883 749
5 13 511 457 906
5 14 114 791 187
5 15 603 252 806
5 16 267 664 842
6 7 848 416 825
6 8 685 583 447
6 9 509 203 191
6 10 227 642 663
6 11 258 107 987
6 13 457 777 962
6 14 669 987 216
6 15 430 391 586
6 16 556 812 764
7 9 780 267 709
7 11 212 749 63
7 13 95 275 953
7 14 933 478 468
7 15 437 324 324
7 16 291 570 123
8 9 575 523 358
8 10 60 772 154
8 11 582 52 328
8 12 489 210 288
8 13 128 792 715
8 14 642 205 876
8 15 386 258 517
8 16 194 987 923
9 10 246 380 513
9 12 144 395 342
9 13 270 687 396
9 14 486 323 313
9 15 888 429 316
9 16 506 526 768
10 11 342 749 538
10 12 884 163 565
10 14 347 336 109
10 16 551 700 994
11 13 599 781 86
11 14 629 881 898
11 15 297 314 670
11 16 104 883 378
12 15 770 817 997
12 16 870 550 187
13 14 727 657 170
13 15 584 484 816
13 16 188 766 110
14 15 512 636 563
14 16 524 405 411
15 16 144 610 711
