17 3
0 2 788 618 301
0 3 680 693 246
0 5 236 234 71
0 6 262 572 292
0 10 545 275 366
0 12 787 448 515
0 13 53 194 492
0 16 127 344 428
1 2 409 999 268
1 4 705 893 261
1 10 685 372 900
1 11 845 832 988
1 14 815 193 731
2 4 659 197 285
2 7 625 876 950
2 8 402 100 196
2 10 330 724 319
2 11 394 626 313
2 12 289 435 466
2 13 332 681 256
2 14 345 175 547
2 16 219 964 703
3 6 518 216 615
3 8 487 507 60
3 12 353 76 178
3 15 548 585 604
3 16 821 65 685
4 7 971 376 943
4 8 379 204 423
4 9 407 627 976
4 10 859 460 110
4 11 553 660 735
4 12 551 607 719
4 13 368 648 385
4 14 104 900 684
4 15 125 229 828
4 16 562 237 438
5 7 149 472 515
5 8 822 638 64
5 12 811 990 213
5 14 982 555 495
5 16 194 622 148
6 8 906 857 614
6 9 310 617 541
6 11 901 129 718
6 12 121 109 977
6 14 416 472 442
6 15 456 449 337
7 8 195 378 997
7 13 939 425 646
7 15 614 848 591
8 9 881 747 191
8 10 459 620 629
8 11 775 855 839
8 12 380 393 161
8 13 925 612 858
8 14 707 352 687
8 15 379 106 757
8 16 561 570 926
9 10 489 243 568
9 12 411 226 473
9 15 367 464 643
10 14 717 623 758
10 16 937 583 215
11 13 133 616 902
11 15 93 498 573
12 13 543 53 392
12 15 798 469 119
12 16 162 741 704
13 16 217 159 716
15 16 308 882 305
