17 3
0 7 490 861 937
0 8 510 221 425
0 13 920 417 263
0 16 947 285 370
1 15 494 658 821
1 16 664 389 345
2 10 68 92 756
2 11 540 170 499
3 7 392 679 880
3 10 725 454 217
3 12 942 64 975
3 16 393 462 598
4 9 703 674 687
4 10 74 237 957
4 16 86 258 179
5 7 874 375 573
5 11 546 952 503
6 12 616 323 550
6 14 250 277 647
7 8 543 541 383
7 12 196 638 818
7 13 521 790 296
7 14 80 639 451
7 15 479 542 173
7 16 959 387 73
8 9 929 632 282
8 10 635 264 994
8 12 424 392 127
9 16 400 683 492
10 12 812 935 923
10 13 602 978 828
10 15 441 887 173
11 12 921 931 545
11 13 537 215 605
11 16 460 695 522
12 15 803 519 685
14 15 247 741 845
