17 3
0 2 105 892 347
0 3 658 594 692
0 4 704 59 274
0 5 558 73 467
0 8 227 171 452
0 9 574 827 401
0 14 991 499 140
0 16 310 276 817
1 2 449 883 930
1 3 167 573 146
1 4 989 634 556
1 6 633 544 411
1 8 169 586 982
1 9 194 380 370
1 10 543 292 488
1 11 610 523 663
1 12 877 808 687
1 13 820 662 521
1 14 318 203 916
1 16 953 597 452
2 4 206 674 424
2 5 986 248 899
2 6 135 131 590
2 8 248 79 123
2 13 963 305 303
2 14 107 744 558
2 16 962 481 361
3 4 800 850 251
3 5 474 235 783
3 6 804 779 737
3 9 539 782 964
3 11 931 322 948
3 12 270 538 557
3 14 370 50 841
4 5 651 856 425
4 8 428 646 597
4 12 327 467 476
4 13 840 514 396
4 14 301 948 112
4 16 360 311 120
5 7 271 971 275
5 8 103 105 289
5 9 532 129 732
5 10 640 879 836
5 12 153 241 99
5 14 359 292 463
5 15 174 639 880
5 16 681 73 828
6 9 570 57 590
6 12 220 729 959
6 13 492 446 95
6 14 677 733 180
6 16 188 404 600
7 10 878 590 311
7 11 697 210 586
7 12 303 450 547
7 13 407 669 606
7 14 338 375 946
8 12 974 520 179
8 14 814 868 85
9 14 738 718 338
9 15 500 959 162
9 16 160 449 596
10 11 372 578 772
10 12 880 163 887
10 14 395 857 701
10 16 818 87 326
11 12 681 69 106
11 16 267 586 761
12 14 117 276 305
12 15 560 736 420
12 16 746 114 185
13 15 166 498 541
13 16 456 407 638
15 16 935 579 474
