17 3
0 1 180 589 179
0 3 452 930 135
0 4 964 956 909
0 6 839 137 664
0 10 456 978 326
0 12 673 369 904
0 13 400 275 190
0 14 875 673 806
0 16 947 364 549
1 2 351 679 561
1 3 278 65 632
1 4 610 613 951
1 5 572 542 221
1 8 968 84 389
1 9 916 769 284
1 10 481 905 607
1 11 490 163 53
1 12 51 927 936
1 13 225 641 308
1 14 203 326 680
1 15 690 747 625
2 3 427 507 572
2 4 282 952 822
2 5 442 424 106
2 6 287 310 442
2 7 592 84 990
2 8 532 289 504
2 11 358 523 777
2 12 527 300 665
2 13 790 522 84
2 14 493 827 260
2 15 306 351 184
2 16 830 251 816
3 6 425 853 783
3 7 841 946 71
3 9 537 252 369
3 10 438 723 972
3 11 438 708 806
3 12 296 320 464
3 13 909 116 126
3 14 530 423 796
3 15 943 908 355
4 5 477 653 773
4 7 595 83 469
4 8 317 994 545
4 9 464 988 730
4 10 711 791 977
4 11 443 997 480
4 12 109 622 334
4 14 857 279 419
4 15 641 827 374
4 16 575 967 271
5 6 183 202 142
5 7 867 377 323
5 9 425 797 73
5 10 379 289 822
5 12 356 979 439
5 13 335 880 225
5 14 140 932 578
5 15 808 86 592
5 16 294 140 712
6 7 162 902 757
6 8 89 610 823
6 9 158 127 74
6 10 989 537 897
6 11 663 655 969
6 12 225 612 178
6 13 556 591 336
6 15 949 272 99
7 8 518 70 731
7 11 757 53 342
7 12 692 412 701
7 13 532 575 783
7 16 370 884 260
8 9 96 101 598
8 10 746 122 657
8 11 402 268 415
8 12 103 160 741
8 13 687 186 462
8 14 173 291 195
8 15 459 620 905
8 16 184 589 568
9 11 710 842 507
9 12 402 239 859
9 13 662 459 940
9 14 938 914 410
9 15 433 720 212
9 16 840 401 661
10 11 861 538 503
10 14 568 419 362
10 16 472 93 142
11 12 744 860 527
11 13 284 874 751
11 14 901 812 509
11 16 751 651 439
12 14 709 824 351
12 15 972 929 83
13 14 533 241 455
13 16 782 50 835
14 15 348 837 417
14 16 459 689 839
15 16 891 548 940
