17 3
0 2 165 692 157
0 3 267 983 321
0 4 60 626 140
0 5 106 214 824
0 6 77 420 737
0 8 140 530 672
0 9 811 894 359
0 11 820 866 734
0 12 75 925 136
0 13 417 805 679
0 14 478 672 550
0 15 413 238 325
0 16 783 201 525
1 2 492 419 637
1 3 546 73 873
1 4 452 335 72
1 5 256 124 283
1 6 924 664 616
1 7 915 162 184
1 8 878 746 914
1 11 139 155 567
1 12 533 409 631
1 13 247 862 292
1 14 596 342 675
1 15 664 948 966
1 16 971 868 178
2 4 395 361 897
2 8 572 855 676
2 10 799 667 343
2 11 341 837 593
2 12 769 479 922
2 13 872 587 280
2 14 840 891 182
2 16 906 796 895
3 4 570 409 102
3 5 774 334 205
3 6 765 147 602
3 7 58 956 776
3 8 537 623 836
3 9 654 322 723
3 10 488 992 846
3 11 412 697 766
3 12 94 101 256
3 15 234 731 148
3 16 571 384 916
4 5 701 77 484
4 6 905 660 167
4 7 774 491 590
4 8 886 375 342
4 9 101 845 57
4 10 904 62 801
4 11 161 470 437
4 12 80 83 75
4 13 487 606 929
4 14 503 788 288
4 15 324 896 783
4 16 315 936 538
5 7 912 695 223
5 8 362 713 209
5 9 844 388 716
5 10 376 376 659
5 12 178 70 647
5 13 711 270 481
5 14 340 579 897
5 15 967 561 388
5 16 815 726 130
6 7 888 871 200
6 8 934 507 324
6 9 176 266 580
6 10 479 221 391
6 11 218 221 933
6 14 377 565 995
6 15 306 577 585
6 16 592 870 750
7 9 286 798 775
7 10 920 800 961
7 11 312 145 593
7 12 992 92 752
7 14 460 942 109
7 15 939 770 326
7 16 394 384 605
8 9 522 852 177
8 11 541 184 294
8 12 759 499 385
8 13 803 179 760
8 14 539 213 440
8 15 85 704 408
9 11 443 975 791
9 13 978 213 931
9 14 584 463 184
9 16 895 898 647
10 11 128 238 735
10 12 101 461 500
10 13 787 252 985
10 15 340 408 152
10 16 596 865 603
11 12 601 611 595
11 13 827 985 848
11 15 536 937 106
11 16 596 611 348
12 13 190 557 68
12 15 154 174 351
12 16 183 204 827
13 14 288 754 119
13 15 108 586 347
13 16 113 143 710
14 16 501 200 736
15 16 714 999 979
