17 3
0 1 611 854 688
0 3 125 527 577
0 6 676 122 987
0 7 905 236 159
0 8 667 447 251
0 10 517 876 359
0 11 82 991 399
0 12 734 720 372
0 13 757 434 860
0 14 694 189 863
0 15 912 335 732
1 3 852 564 278
1 9 357 566 66
1 10 412 607 254
1 11 286 940 122
1 13 984 523 905
1 14 748 849 415
1 16 184 698 105
2 3 264 384 111
2 4 330 314 646
2 6 342 598 776
2 8 865 207 146
2 9 291 125 898
2 10 543 115 905
2 11 273 341 809
2 13 759 812 417
3 5 114 57 356
3 7 396 836 665
3 9 346 135 344
3 11 450 430 966
3 13 236 933 448
3 14 300 573 212
3 15 770 300 584
3 16 271 169 865
4 5 583 334 125
4 6 671 278 706
4 7 122 392 117
4 8 62 533 960
4 9 249 541 595
4 10 617 286 409
4 13 437 498 82
4 14 981 278 604
4 15 871 886 110
4 16 694 138 963
5 9 727 390 984
5 10 583 144 70
5 11 358 397 714
5 13 416 740 83
5 14 979 431 198
5 15 137 924 563
5 16 85 667 777
6 7 933 738 848
6 10 140 840 476
6 12 726 963 679
6 14 982 60 938
6 15 627 579 630
6 16 231 656 909
7 8 140 450 481
7 9 140 326 847
7 12 358 414 994
7 13 910 56 455
7 14 823 887 726
7 16 478 93 628
8 10 123 106 257
8 13 96 633 385
8 14 160 912 954
9 11 279 675 992
9 12 410 793 157
9 13 660 231 451
9 15 446 991 633
10 11 410 940 580
10 12 547 346 96
11 13 861 615 281
11 14 963 521 140
11 16 416 88 378
13 14 125 72 542
13 15 257 312 642
14 15 100 870 919
