17 3
0 2 329 303 940
0 3 747 739 838
0 4 626 712 613
0 5 343 458 275
0 8 640 581 520
0 10 534 477 401
0 12 211 434 989
0 14 111 395 396
1 5 460 291 473
1 6 668 432 894
1 7 422 939 905
1 9 551 724 569
1 10 70 87 341
1 14 889 212 184
2 3 411 484 535
2 4 102 936 168
2 5 118 457 457
2 7 439 451 769
2 9 80 787 587
2 14 696 454 260
2 15 358 825 884
3 4 960 565 344
3 7 322 400 433
3 8 243 269 509
3 16 855 824 557
4 5 98 679 401
4 6 499 109 630
4 12 557 626 284
4 15 963 974 401
4 16 390 653 653
5 6 150 898 63
5 7 198 541 300
5 8 115 584 836
5 11 211 71 293
5 14 778 767 760
5 16 253 901 535
6 7 822 620 555
6 8 69 359 472
6 10 151 254 59
6 11 612 572 936
6 12 525 745 205
6 14 979 170 858
6 16 784 196 565
7 8 501 424 545
7 11 270 209 932
7 12 107 939 96
7 13 192 635 691
7 14 438 897 114
7 15 668 538 878
8 10 906 599 743
8 15 387 889 215
9 10 167 76 319
9 11 709 335 558
9 12 99 204 825
9 13 272 165 255
9 14 823 438 581
9 15 655 241 622
9 16 831 900 190
10 11 769 528 538
10 12 111 237 171
11 13 154 694 451
11 16 390 662 58
12 14 535 355 301
12 16 657 65 403
13 16 380 67 953
14 15 919 212 956
15 16 561 728 597
