17 3
0 2 667 931 117
0 4 751 725 214
0 6 416 159 734
0 13 196 513 890
0 16 84 562 700
1 12 461 72 397
1 13 655 649 483
1 14 688 281 551
2 5 347 809 543
2 8 707 461 893
2 9 559 315 969
2 13 952 905 570
2 14 693 994 193
2 16 976 655 84
3 5 313 598 704
3 9 873 845 844
3 11 714 760 161
3 13 368 719 617
3 16 883 802 367
4 5 486 785 766
4 7 253 895 622
4 12 983 298 600
4 13 527 520 642
4 15 784 724 359
4 16 831 170 745
6 7 940 611 955
6 9 781 952 203
6 15 722 412 79
7 10 740 222 778
7 12 717 86 249
7 13 334 415 240
7 15 962 890 171
8 9 507 627 874
8 15 221 824 444
8 16 527 931 290
9 13 461 357 257
9 15 280 659 62
9 16 510 730 845
11 12 795 75 968
11 16 383 944 360
13 14 227 107 764
