17 3
0 1 598 860 868
0 2 650 645 106
0 3 210 660 307
0 4 365 882 887
0 5 948 625 333
0 6 391 984 253
0 7 534 514 471
0 8 381 904 78
0 9 211 60 575
0 10 749 993 447
0 11 204 367 120
0 12 339 165 347
0 16 284 839 975
1 2 371 879 671
1 3 532 833 597
1 7 151 101 769
1 8 500 803 807
1 12 737 960 873
1 13 632 257 400
1 15 616 95 987
1 16 151 609 126
2 4 669 796 594
2 6 735 451 298
2 7 243 128 835
2 8 708 357 816
2 9 246 68 694
2 10 229 440 828
2 12 387 103 881
2 13 958 862 725
2 14 105 219 690
2 15 986 114 207
2 16 943 700 559
3 4 614 985 896
3 6 80 953 805
3 8 241 666 784
3 9 142 658 690
3 10 942 546 886
3 11 630 185 461
3 12 388 703 158
3 13 396 683 223
3 14 274 222 190
4 5 657 408 930
4 6 983 627 364
4 7 247 867 408
4 8 685 440 307
4 9 250 417 882
4 10 380 245 696
4 11 590 371 426
4 12 915 312 632
4 13 67 398 898
4 14 613 808 922
4 15 163 860 741
4 16 257 304 132
5 6 911 787 478
5 7 308 413 222
5 8 853 517 174
5 9 784 116 69
5 10 456 792 750
5 11 444 455 135
5 12 55 332 641
5 14 397 82 499
5 15 787 275 631
5 16 571 140 817
6 9 323 544 936
6 10 664 865 659
6 12 966 815 734
6 13 198 442 640
6 14 866 877 321
6 15 198 755 925
6 16 702 86 417
7 8 301 786 701
7 9 139 865 513
7 11 957 804 942
7 12 511 205 547
7 13 834 712 439
7 15 637 98 699
7 16 226 122 198
8 10 52 959 129
8 11 61 604 216
8 12 697 546 406
8 13 778 780 367
8 14 742 915 426
8 15 266 890 400
8 16 862 685 588
9 11 360 216 675
9 12 700 665 372
9 13 943 674 896
9 16 99 984 738
10 13 350 821 633
10 14 742 946 790
10 15 323 153 246
11 12 810 574 422
11 14 288 246 99
11 16 716 628 583
12 13 581 359 645
12 14 961 969 253
12 15 486 722 708
12 16 93 498 93
13 15 363 257 669
14 16 642 53 124
15 16 595 707 846
