17 3
0 2 859 134 177
0 3 513 272 300
0 4 311 85 587
0 8 227 399 199
0 9 577 882 315
0 10 910 391 943
0 11 289 144 587
0 12 525 358 517
0 13 730 173 924
0 14 232 429 512
0 16 529 899 716
1 2 80 914 533
1 4 614 364 666
1 6 171 658 922
1 7 718 75 736
1 10 263 466 296
1 11 91 546 197
1 12 339 896 536
1 13 197 428 878
1 15 886 507 933
1 16 697 101 326
2 3 520 931 279
2 4 260 657 780
2 5 384 997 295
2 6 196 84 296
2 7 999 884 504
2 8 238 554 178
2 9 727 465 304
2 11 996 450 871
2 12 538 688 589
2 13 387 164 112
2 14 741 404 244
2 15 508 119 230
2 16 613 624 553
3 5 307 260 481
3 7 871 478 325
3 8 465 935 76
3 9 614 469 514
3 11 257 357 97
3 12 934 118 130
3 14 995 348 618
3 15 159 799 113
3 16 292 366 293
4 5 892 668 577
4 6 820 560 144
4 7 708 859 852
4 8 367 785 922
4 9 603 712 857
4 10 650 725 756
4 11 252 543 499
4 13 681 648 848
4 15 110 534 480
4 16 113 982 718
5 6 708 746 388
5 13 272 914 641
5 16 217 958 533
6 7 126 289 708
6 9 493 120 115
6 10 259 981 443
6 11 561 140 790
6 12 902 374 145
6 14 926 895 533
6 16 878 728 732
7 11 796 235 139
7 15 323 590 879
7 16 721 324 95
8 9 420 851 513
8 10 774 400 258
8 11 618 799 529
8 12 414 563 250
8 13 999 171 890
8 14 109 532 122
8 15 454 269 400
8 16 156 443 417
9 10 749 759 743
9 11 165 409 341
9 12 70 557 362
9 13 458 807 847
9 15 589 682 549
9 16 451 322 543
10 13 112 924 95
10 14 968 986 775
10 16 812 474 544
11 15 109 725 833
12 13 489 241 458
12 15 570 90 142
12 16 228 404 396
13 14 661 708 707
13 15 205 352 185
13 16 721 970 513
14 15 799 684 451
14 16 207 378 325
15 16 956 860 906
