17 3
0 14 125 380 603
0 16 320 411 300
1 2 332 919 587
1 6 901 888 748
1 8 60 403 848
1 9 698 571 484
1 11 802 424 423
2 12 201 959 201
3 12 554 865 487
3 13 938 514 77
3 16 92 167 699
4 7 194 377 770
4 8 295 867 202
4 15 67 587 944
5 7 730 75 450
5 11 982 860 304
5 15 605 472 891
6 8 523 624 985
6 12 476 853 583
6 15 974 187 653
7 9 728 772 938
7 14 960 690 948
7 15 155 971 608
8 10 915 391 224
8 11 616 75 820
8 13 818 439 213
8 15 565 183 937
9 11 455 432 796
10 13 291 524 454
11 15 111 721 266
12 15 994 173 409
12 16 638 466 637
13 14 497 369 438
13 16 676 219 176
14 16 554 157 838
