17 3
0 1 140 560 380
0 2 518 734 169
0 3 242 902 995
0 5 242 595 236
0 6 943 876 797
0 7 527 110 340
0 8 917 442 538
0 10 681 138 380
0 11 669 221 419
0 14 838 843 752
1 2 269 117 545
1 3 370 154 961
1 5 850 881 953
1 6 491 420 285
1 7 148 680 708
1 8 588 904 412
1 10 134 662 186
1 12 764 950 355
1 14 695 888 389
1 15 708 281 847
1 16 782 410 489
2 3 796 161 638
2 4 573 395 362
2 5 918 877 437
2 6 597 99 436
2 9 476 578 97
2 10 583 841 421
2 13 605 624 355
2 14 244 88 366
2 16 722 975 380
3 5 109 444 380
3 8 286 624 532
3 9 740 373 681
3 11 880 822 470
3 12 116 736 697
3 14 271 361 439
3 15 648 453 725
3 16 115 369 130
4 5 532 76 658
4 6 525 398 731
4 8 942 86 461
4 10 249 875 85
4 11 440 583 662
4 12 825 90 520
4 14 472 313 341
4 15 563 460 757
5 6 712 563 286
5 7 882 602 79
5 9 548 918 310
5 10 533 935 651
5 11 655 988 393
5 12 240 198 899
5 13 411 87 221
5 14 478 681 263
5 16 298 333 856
6 7 192 512 823
6 10 971 445 834
6 11 800 120 971
6 12 969 533 598
6 13 829 948 479
6 15 81 551 929
6 16 290 428 400
7 8 712 151 680
7 9 323 340 605
7 10 313 153 210
7 12 810 391 588
7 13 767 231 109
7 14 66 128 972
7 15 247 894 480
7 16 237 386 974
8 9 215 511 976
8 11 923 394 337
8 12 675 73 316
8 13 702 324 921
8 15 337 914 716
8 16 742 700 460
9 11 363 140 813
9 13 623 668 812
9 14 271 527 460
9 15 110 790 343
10 11 493 822 842
10 14 769 442 187
10 15 870 611 726
11 12 753 80 394
11 13 116 239 387
11 14 197 407 126
11 15 920 67 521
12 14 667 402 763
13 15 236 994 646
13 16 196 958 135
