17 3
0 2 568 764 658
0 9 876 169 534
0 16 806 865 159
1 2 568 372 255
1 4 429 526 475
1 6 342 646 937
1 11 822 360 272
1 13 482 642 434
2 5 303 255 569
2 12 333 752 541
3 9 259 508 117
4 5 572 536 484
4 6 319 415 231
4 11 359 504 763
4 12 107 295 260
5 10 871 244 806
5 14 348 723 383
6 7 56 919 198
7 9 244 787 358
7 14 943 640 337
8 9 479 261 120
8 11 959 988 173
8 15 104 316 127
10 12 752 516 233
10 13 565 257 786
11 12 199 272 470
11 13 110 949 150
11 14 841 501 86
12 14 633 258 799
12 15 914 405 983
12 16 68 149 923
13 15 95 165 193
