17 3
0 2 636 880 700
0 3 692 229 234
0 5 784 285 633
0 6 178 73 81
0 7 353 328 695
0 9 450 715 706
0 10 182 955 585
0 11 847 51 724
0 14 441 571 644
0 15 751 582 449
0 16 913 880 770
1 2 87 646 348
1 3 939 516 197
1 4 189 724 244
1 6 673 876 316
1 8 795 238 664
1 9 119 484 771
1 10 52 742 613
1 13 663 72 874
1 14 511 260 344
1 16 406 613 103
2 3 399 968 915
2 4 447 348 221
2 5 422 971 311
2 6 996 690 343
2 7 500 506 243
2 8 911 315 456
2 9 725 63 239
2 10 814 170 189
2 12 852 777 372
2 13 991 984 186
2 14 809 946 965
2 15 349 161 579
2 16 488 298 145
3 6 835 706 728
3 8 380 310 509
3 11 929 238 887
3 13 312 972 997
3 14 328 471 215
3 15 267 462 837
3 16 295 969 993
4 5 571 988 159
4 6 979 198 822
4 8 430 937 664
4 9 863 108 695
4 10 536 137 932
4 11 365 401 668
4 12 696 678 653
4 13 864 433 668
4 14 261 51 266
4 15 745 992 798
4 16 914 103 923
5 6 68 252 333
5 8 950 658 905
5 13 834 767 938
5 14 66 475 613
5 15 68 277 517
5 16 348 910 524
6 7 988 179 938
6 8 757 263 317
6 9 534 115 701
6 10 370 526 593
6 11 746 296 496
6 12 349 781 503
6 13 117 573 940
6 14 109 898 931
6 15 925 408 261
6 16 495 321 221
7 8 633 638 698
7 9 143 625 592
7 12 985 657 530
7 13 275 337 232
7 14 449 639 411
7 15 858 886 683
7 16 857 515 568
8 9 217 151 842
8 10 382 289 413
8 12 438 669 676
8 13 265 87 391
8 16 631 658 190
9 10 643 357 643
9 11 476 427 289
9 12 350 794 93
9 13 230 834 166
9 15 539 703 396
10 12 793 662 582
10 13 986 293 486
10 14 246 316 545
11 12 646 893 792
11 14 749 357 87
11 15 552 623 538
11 16 84 405 689
12 13 626 724 623
12 15 238 652 476
12 16 88 292 932
13 14 97 681 485
13 15 601 655 265
13 16 297 593 525
14 16 252 531 418
15 16 61 725 451
