17 3
0 3 768 199 326
0 6 292 861 321
0 8 123 272 181
0 9 278 946 517
0 11 509 532 921
0 12 601 838 116
0 15 349 618 669
0 16 816 60 737
1 2 574 96 410
1 4 84 951 480
1 6 972 378 631
1 11 792 873 216
1 12 277 804 875
1 14 245 857 143
1 16 951 583 108
2 3 746 266 581
2 5 687 608 175
2 6 241 932 198
2 7 968 557 585
2 9 933 257 161
2 10 99 779 510
2 12 861 205 572
2 15 376 585 556
2 16 630 782 850
3 4 567 872 914
3 5 433 639 261
3 6 554 425 622
3 7 723 697 97
3 8 802 249 374
3 11 162 297 872
3 12 932 793 248
3 13 864 421 866
4 6 727 964 606
4 7 778 610 670
4 9 85 286 966
4 10 495 503 207
4 11 528 572 136
4 14 994 565 399
4 16 765 207 254
5 6 903 847 346
5 7 451 174 991
5 8 102 380 756
5 9 589 113 58
5 10 869 419 346
5 14 551 937 102
6 8 473 446 61
6 10 481 855 944
6 15 222 439 280
7 9 424 681 328
7 10 605 516 833
7 13 719 438 72
7 14 285 273 301
7 15 677 720 169
8 9 826 596 382
8 10 223 530 512
8 16 415 121 739
9 11 722 561 725
9 12 262 960 396
9 13 157 509 857
9 14 627 739 295
9 15 979 320 578
9 16 712 782 884
10 13 352 283 208
10 14 123 77 241
10 16 319 943 531
11 13 988 801 303
11 14 293 619 845
11 15 930 742 718
11 16 608 715 374
12 14 501 491 835
12 16 829 560 958
13 15 684 581 315
14 15 630 881 432
15 16 748 349 369
