17 3
0 1 386 840 799
0 2 910 210 337
0 7 864 748 740
0 9 642 175 987
0 11 74 519 971
0 12 656 266 539
0 14 201 299 129
0 15 832 755 424
1 4 461 227 466
1 6 118 977 853
1 9 606 993 799
1 10 464 831 774
1 11 427 199 944
1 12 597 674 571
1 13 850 941 956
1 16 115 152 529
2 3 623 839 84
2 4 123 953 142
2 5 885 157 743
2 7 645 903 462
2 8 843 137 882
2 10 577 97 886
2 12 941 815 257
3 4 346 60 341
3 7 244 630 870
3 8 537 350 849
3 9 643 887 966
3 11 958 141 166
3 13 872 59 82
3 16 682 524 687
4 7 308 104 90
4 10 823 666 236
4 11 990 806 985
4 12 467 367 265
4 15 373 495 637
4 16 821 482 541
5 6 393 251 433
5 7 565 808 954
5 9 415 937 315
5 12 309 77 746
5 14 454 576 407
6 7 701 464 775
6 9 782 691 333
6 10 71 761 757
6 14 387 888 845
6 15 85 334 649
6 16 423 429 933
7 9 147 244 405
7 14 551 426 579
7 15 988 705 445
8 9 859 52 778
8 10 93 922 338
8 14 858 368 533
8 15 54 874 238
8 16 802 95 577
9 11 942 392 422
9 12 397 914 370
9 13 586 922 255
9 14 222 801 796
9 15 146 342 488
9 16 219 681 589
10 11 905 321 325
10 12 839 183 635
10 13 818 196 693
11 12 640 723 481
11 13 709 516 891
11 14 232 345 962
11 16 61 731 643
12 14 338 215 471
13 15 74 956 735
13 16 718 993 407
14 16 235 97 468
