17 3
0 3 623 488 431
0 4 158 207 955
0 9 202 544 521
0 10 390 486 197
0 11 621 161 918
0 15 99 446 625
1 8 150 923 819
1 9 56 918 932
1 10 110 713 422
1 11 802 58 837
1 12 449 107 368
1 13 963 711 387
1 15 187 789 992
1 16 375 528 366
2 3 103 180 199
2 4 919 471 383
2 6 925 762 442
2 8 715 423 230
2 11 958 661 755
2 12 740 951 889
2 13 541 225 677
2 16 57 597 504
3 5 956 607 296
3 6 50 156 999
3 8 392 189 268
3 12 850 542 685
3 13 524 174 639
3 14 105 224 625
3 15 625 331 437
3 16 536 234 956
4 6 808 543 410
4 11 713 236 603
4 13 890 521 869
4 15 327 783 820
5 8 114 447 623
5 10 617 65 317
5 12 134 151 736
5 13 508 379 568
5 14 465 800 455
6 7 168 256 764
6 8 178 94 400
6 9 918 946 546
6 10 332 620 866
6 13 751 972 700
6 14 192 300 975
7 9 546 125 731
8 10 804 370 636
8 16 192 981 234
9 11 844 865 212
9 14 812 655 346
9 15 462 235 583
9 16 607 258 244
10 11 169 913 524
10 14 754 228 50
10 15 883 202 136
11 12 69 884 973
11 13 959 268 535
11 14 632 59 214
11 15 610 343 170
11 16 516 971 183
12 13 989 178 497
12 16 204 102 966
13 14 331 364 479
13 15 776 447 970
14 15 301 599 456
15 16 432 400 53
