17 3
0 5 855 82 939
0 7 857 710 712
0 11 631 770 356
0 13 722 143 509
1 7 234 80 208
1 11 526 282 980
1 15 985 167 894
2 9 955 845 491
2 10 304 429 137
2 12 730 423 519
3 14 884 577 858
3 15 520 739 311
3 16 686 603 149
4 5 158 639 514
4 10 166 132 335
4 11 83 944 521
4 16 559 605 61
5 7 647 283 611
5 9 978 190 750
6 10 516 647 527
6 14 624 893 566
7 15 451 995 668
8 13 975 392 844
8 15 847 338 939
9 10 171 592 949
9 12 586 526 814
9 14 842 378 415
9 16 277 294 954
10 11 686 172 505
10 14 778 959 678
12 16 201 938 495
13 15 276 197 588
13 16 574 726 75
15 16 637 590 764
