17 3
0 4 468 907 233
0 6 227 588 493
0 8 647 705 223
0 11 310 971 660
0 12 136 734 388
0 16 105 976 632
1 4 951 201 942
1 10 831 227 469
2 7 290 328 341
2 8 426 636 206
2 12 911 206 972
3 7 136 845 147
3 10 955 749 541
3 12 112 452 425
3 14 675 753 203
3 15 750 135 293
3 16 194 405 391
4 5 547 522 394
4 7 735 773 103
4 9 877 838 210
4 10 78 817 997
4 12 615 474 482
5 6 398 715 823
5 7 626 321 378
5 13 586 698 380
5 16 384 825 621
6 16 522 222 680
7 9 851 616 685
7 12 97 770 329
8 9 505 340 857
8 16 567 766 521
10 12 384 593 270
10 13 108 646 127
10 16 906 883 831
12 16 917 117 586
13 16 73 214 511
