17 3
0 2 500 89 833
0 4 358 953 315
0 6 603 919 465
0 7 739 970 553
0 8 706 563 341
0 9 285 815 526
0 10 65 523 353
0 12 409 805 453
0 13 910 342 156
0 15 808 72 423
1 3 191 424 474
1 5 776 316 776
1 8 405 709 968
1 9 799 640 349
1 11 713 818 950
1 12 982 210 688
1 14 501 575 847
2 5 51 925 169
2 11 732 337 523
2 12 417 325 99
2 16 585 782 504
3 4 869 785 479
3 5 808 876 995
3 7 811 772 306
3 8 821 545 437
3 13 269 232 675
3 14 565 835 733
3 15 178 922 980
4 5 493 182 877
4 10 157 147 860
4 11 864 63 531
4 12 895 382 293
4 13 441 267 609
4 15 747 823 117
5 8 728 754 522
5 10 375 390 448
5 12 95 158 121
5 13 373 170 564
5 14 227 206 216
5 16 425 186 828
6 7 508 203 828
6 11 169 605 561
6 14 746 194 655
6 15 151 990 581
6 16 331 110 321
7 8 948 231 667
7 9 240 890 67
7 12 861 498 721
7 13 301 112 714
7 14 368 248 452
7 15 615 479 826
7 16 343 946 472
8 11 961 504 332
8 14 740 519 135
8 15 155 752 111
8 16 308 551 729
9 15 196 897 433
10 15 864 806 910
10 16 56 477 648
11 12 609 775 772
11 15 780 595 671
13 15 534 452 185
14 15 755 181 682
