17 3
0 2 904 439 467
0 5 578 733 494
0 10 698 469 580
0 11 346 738 637
0 12 278 793 247
0 15 668 143 112
0 16 133 426 569
1 3 284 990 503
1 6 518 971 674
1 7 341 706 874
1 11 154 607 689
1 12 537 584 822
1 16 93 452 241
2 6 136 375 84
2 10 265 595 71
2 14 687 799 644
2 15 562 88 541
2 16 785 478 285
3 4 165 743 190
3 7 672 833 551
3 8 509 288 392
3 9 777 782 947
3 13 951 701 636
3 14 584 700 607
3 16 811 437 205
4 5 133 926 889
4 6 894 462 761
4 12 598 121 704
4 16 931 541 694
5 6 499 834 230
5 13 51 421 313
5 14 945 538 415
5 15 89 435 140
6 8 419 939 133
6 9 259 844 207
6 12 160 353 681
6 13 433 505 174
6 14 922 545 752
6 15 978 786 196
7 11 590 414 881
7 12 321 397 774
7 13 953 237 596
7 14 308 971 444
7 15 863 457 147
7 16 467 282 61
8 10 491 363 75
8 13 755 764 150
8 14 856 105 318
8 15 884 426 483
8 16 953 143 960
9 10 607 984 662
9 14 303 906 105
9 16 214 115 680
10 16 770 724 921
11 12 835 928 99
11 13 512 596 502
11 15 762 593 565
11 16 122 204 765
12 16 920 663 474
13 15 733 746 125
13 16 410 679 836
14 15 974 823 946
14 16 203 847 200
