17 3
0 2 835 713 903
0 3 931 705 418
0 4 824 312 142
0 5 744 324 554
0 7 995 881 802
0 8 653 81 879
0 10 484 338 920
0 11 752 456 877
0 12 968 308 566
0 13 875 540 528
0 15 715 567 540
0 16 197 525 149
1 2 543 414 945
1 3 371 99 263
1 4 153 704 244
1 5 983 276 407
1 6 725 763 66
1 7 586 851 493
1 8 487 217 912
1 9 589 315 205
1 10 805 974 394
1 11 193 894 320
1 13 404 800 226
1 14 484 771 393
1 15 559 520 646
2 3 508 182 854
2 4 54 159 821
2 5 112 475 95
2 7 737 776 268
2 8 812 675 733
2 10 621 732 582
2 11 362 276 859
2 12 739 742 869
2 14 408 329 713
3 4 735 757 243
3 5 944 657 715
3 6 748 681 761
3 7 219 875 793
3 8 73 826 668
3 9 645 114 351
3 10 430 728 463
3 11 300 556 174
3 12 422 210 292
3 14 197 919 930
3 15 472 413 881
3 16 100 729 508
4 8 281 950 190
4 9 924 331 421
4 10 784 55 951
4 11 908 93 826
4 12 288 293 953
4 13 682 351 358
4 14 456 262 238
4 15 749 737 565
5 7 215 933 666
5 8 901 784 194
5 9 106 585 152
5 10 920 764 523
5 11 626 968 852
5 12 308 928 150
5 13 585 945 901
5 14 295 54 98
6 7 326 776 152
6 9 111 542 209
6 10 212 362 170
6 13 881 817 348
6 14 500 786 895
6 15 497 809 550
6 16 480 169 109
7 9 381 59 325
7 10 808 869 870
7 11 894 161 154
7 13 728 888 403
7 14 626 175 153
7 15 922 400 502
7 16 192 316 995
8 11 164 601 88
8 13 411 362 303
8 14 429 162 474
8 15 439 505 609
9 10 637 883 145
9 12 842 203 551
9 13 129 927 815
9 14 399 795 632
9 15 982 813 359
9 16 814 892 606
10 11 545 698 896
10 12 295 308 514
10 14 919 229 156
10 16 719 723 701
11 12 212 86 941
11 13 488 547 973
11 14 102 687 967
11 15 215 947 372
11 16 813 430 621
12 13 598 805 972
12 14 842 378 234
12 15 577 548 56
12 16 242 66 749
13 14 751 876 560
13 15 438 869 530
13 16 611 545 224
14 16 873 377 934
