17 3
0 1 98 634 898
0 2 360 587 191
0 3 792 192 671
0 4 207 749 840
0 7 861 578 754
0 8 399 840 472
0 9 925 245 498
0 11 552 849 469
0 12 648 939 166
0 15 663 291 454
0 16 478 866 521
1 2 499 846 537
1 3 746 335 398
1 4 577 659 479
1 6 863 958 257
1 7 942 308 890
1 8 191 659 374
1 10 723 172 998
1 11 173 329 674
1 12 80 612 436
1 13 979 176 901
1 15 955 803 975
1 16 933 79 237
2 3 680 782 533
2 5 611 387 544
2 6 967 329 982
2 8 860 138 55
2 10 88 945 298
2 11 421 64 893
2 12 293 601 469
2 13 489 526 365
2 14 949 347 124
2 16 317 843 576
3 5 859 402 836
3 6 907 814 117
3 7 408 566 288
3 8 640 663 818
3 9 195 372 927
3 10 461 874 899
3 12 127 755 860
3 13 941 671 782
3 14 934 602 634
3 15 861 810 265
4 5 986 371 290
4 6 507 312 744
4 7 426 922 436
4 9 167 257 194
4 10 137 788 309
4 12 568 920 865
4 13 771 713 169
4 14 819 425 711
4 15 657 750 205
4 16 804 497 348
5 6 831 572 143
5 8 742 284 919
5 9 687 909 611
5 10 703 279 844
5 11 822 282 530
5 13 51 300 154
5 14 501 338 180
6 8 974 303 968
6 9 756 836 125
6 10 207 642 676
6 13 356 957 657
6 14 900 202 814
6 15 156 448 644
6 16 240 507 901
7 9 532 525 230
7 10 157 670 271
7 11 673 649 276
7 14 629 559 204
7 15 999 999 953
7 16 636 689 64
8 10 728 447 576
8 11 492 770 259
8 12 538 261 65
8 13 755 860 445
8 14 864 764 594
8 15 170 452 683
8 16 71 325 625
9 10 687 597 132
9 11 553 186 885
9 13 528 372 698
9 14 708 935 403
9 15 850 344 950
9 16 528 357 923
10 11 377 660 383
10 12 658 596 427
10 13 759 99 781
10 14 853 61 498
10 15 558 871 289
10 16 129 823 781
11 12 906 393 606
11 14 149 713 686
11 15 438 176 362
11 16 875 658 50
12 14 93 239 397
12 15 310 842 532
13 14 481 717 939
13 15 196 740 370
13 16 873 432 710
14 15 188 489 263
14 16 734 168 460
15 16 622 209 158
