17 3
0 2 350 307 846
0 3 99 394 729
0 5 872 579 977
0 7 132 996 482
0 10 784 558 977
0 12 422 707 928
0 14 467 777 144
0 16 282 304 450
1 3 906 436 353
1 4 304 866 86
1 7 572 855 660
1 8 469 732 469
1 9 696 946 193
1 10 352 525 450
1 12 277 157 986
1 13 595 388 246
1 14 770 898 594
2 3 391 470 335
2 4 564 159 560
2 10 886 432 721
2 12 496 909 534
2 15 891 518 492
2 16 522 270 668
3 4 668 254 318
3 7 982 967 698
3 8 956 679 700
3 9 644 939 729
3 16 244 109 706
4 5 519 779 664
4 7 235 635 654
4 8 928 304 602
4 10 173 490 667
4 13 982 763 347
5 7 750 196 634
5 8 565 980 386
5 9 729 943 844
5 11 137 498 618
5 12 667 680 98
5 13 856 637 129
5 16 871 897 130
6 7 286 503 268
6 9 936 157 86
6 15 373 397 773
6 16 843 792 380
7 8 209 308 939
7 10 390 720 317
7 11 189 89 54
7 12 740 866 963
7 13 834 565 696
7 14 922 599 512
7 15 325 562 164
7 16 541 949 367
8 11 807 215 970
8 12 202 77 618
8 13 806 539 356
8 14 556 828 510
8 15 506 331 509
9 12 951 315 746
9 13 119 182 366
9 14 687 773 834
10 11 721 623 791
10 14 169 841 756
10 16 565 180 260
11 14 899 526 651
11 15 740 930 150
11 16 602 768 876
12 13 746 51 851
12 14 904 118 426
13 14 450 662 294
13 15 197 873 281
15 16 931 426 127
