17 3
0 2 635 938 881
0 5 754 458 596
0 6 245 871 633
0 9 708 714 956
1 2 427 113 84
1 14 262 727 601
1 15 628 749 803
2 3 74 662 56
2 5 936 906 251
2 10 467 193 80
2 13 263 721 307
2 15 225 872 309
3 6 103 445 566
3 14 613 592 760
3 15 646 182 95
4 6 513 264 810
4 8 155 529 463
4 9 793 946 76
5 7 104 721 186
5 8 123 127 101
6 11 697 347 837
6 14 996 680 874
7 8 632 322 111
7 13 91 92 394
7 16 892 754 814
8 13 633 258 447
8 16 436 933 588
9 11 222 725 803
9 14 399 360 432
9 15 435 467 837
11 15 551 703 361
12 13 443 193 856
12 16 900 385 326
13 14 820 900 696
13 15 700 355 507
14 15 554 728 294
14 16 655 359 135
15 16 503 937 120
