17 3
0 1 107 216 707
0 2 367 139 108
0 4 734 691 977
0 7 884 722 660
0 9 346 696 504
0 11 944 699 783
0 12 156 132 220
0 13 507 888 982
0 14 570 968 601
0 16 96 955 133
1 3 554 795 130
1 4 507 990 584
1 5 640 855 740
1 6 316 291 943
1 7 650 799 401
1 8 386 609 705
1 10 424 786 218
1 12 628 229 848
1 13 610 642 929
1 14 915 755 315
1 15 897 354 535
1 16 641 413 489
2 4 454 256 510
2 5 869 987 783
2 6 925 92 154
2 7 606 91 85
2 9 906 847 719
2 10 154 104 788
2 11 963 554 402
2 12 263 83 165
2 14 609 154 853
2 15 240 924 871
2 16 988 813 459
3 4 179 192 160
3 5 905 616 343
3 6 440 778 440
3 7 501 653 116
3 8 980 318 201
3 9 859 954 470
3 10 694 720 430
3 11 305 838 369
3 12 824 462 638
3 16 601 278 350
4 5 776 963 559
4 6 904 111 213
4 7 444 92 946
4 8 496 135 176
4 9 243 488 900
4 10 838 243 898
4 12 647 586 67
4 14 383 936 944
4 15 945 598 858
4 16 182 533 75
5 6 857 963 776
5 7 233 749 964
5 8 491 392 941
5 9 64 545 184
5 11 618 364 636
5 12 116 678 200
5 13 383 321 569
5 14 947 769 366
5 15 76 326 279
5 16 766 912 78
6 8 338 396 646
6 9 255 529 815
6 11 71 201 959
6 13 634 714 343
6 14 193 495 458
6 15 818 841 105
6 16 477 530 375
7 9 257 564 366
7 10 467 608 217
7 11 918 870 134
7 12 899 880 501
7 13 573 692 309
7 15 420 80 916
7 16 944 563 653
8 9 270 875 785
8 11 792 805 678
8 13 903 328 251
8 14 539 147 344
8 15 521 968 541
8 16 66 842 627
9 10 549 806 234
9 11 154 779 514
9 13 730 221 395
9 14 270 698 170
9 15 165 749 77
9 16 114 731 874
10 11 77 363 378
10 12 517 734 480
10 13 137 904 590
10 15 253 490 263
10 16 768 933 383
11 12 870 159 374
11 14 702 283 507
11 15 477 564 396
11 16 609 445 730
12 16 188 463 716
13 14 540 903 710
14 15 463 976 184
14 16 608 484 103
15 16 391 634 306
