17 3
0 2 317 506 579
0 12 214 403 517
1 2 173 631 182
1 3 357 764 571
1 8 664 363 207
1 13 846 250 90
1 16 953 632 373
2 7 459 170 431
2 14 831 916 452
3 9 173 513 384
3 16 754 445 429
4 5 765 862 294
4 6 954 625 537
4 13 834 899 512
4 14 682 287 829
4 16 571 963 952
5 8 866 118 63
5 15 487 589 76
6 9 209 750 390
6 10 877 889 194
6 11 698 792 466
6 13 844 143 543
6 15 465 145 658
7 11 203 696 451
7 13 680 216 623
7 16 834 975 371
8 13 997 948 850
8 16 873 831 80
9 10 632 269 485
9 11 770 842 300
9 15 188 460 850
10 12 554 545 350
11 14 827 949 900
11 15 405 927 547
12 16 800 541 200
13 14 530 861 98
14 15 818 655 569
14 16 54 549 97
