17 3
0 1 433 746 65
0 2 283 950 121
0 3 202 669 144
0 4 575 234 425
0 5 584 177 429
0 6 430 799 749
0 7 534 824 978
0 8 992 253 675
0 9 186 740 368
0 10 718 866 331
0 12 256 883 617
0 13 401 404 963
0 14 592 508 80
0 16 867 93 958
1 2 959 602 684
1 4 136 586 898
1 5 930 513 866
1 7 121 112 119
1 8 260 723 739
1 10 431 474 767
1 12 590 577 727
1 13 504 955 101
1 14 463 605 771
1 16 823 517 834
2 5 762 870 835
2 6 743 68 197
2 7 716 326 826
2 8 134 858 146
2 9 810 605 603
2 11 847 56 55
2 12 412 702 471
2 15 86 897 290
2 16 724 86 477
3 4 803 599 88
3 5 472 958 408
3 6 127 94 639
3 7 780 364 290
3 8 174 398 904
3 9 582 402 403
3 10 275 373 262
3 11 889 907 152
3 12 239 448 227
3 13 329 676 301
3 14 231 705 950
3 16 825 391 485
4 5 551 661 469
4 7 488 555 403
4 8 525 550 87
4 9 170 594 801
4 11 683 610 608
4 13 127 225 281
4 14 360 907 340
4 15 139 749 209
4 16 427 965 180
5 6 497 440 636
5 7 632 101 138
5 8 805 621 832
5 9 478 444 198
5 11 106 539 715
5 12 312 126 834
5 13 237 850 405
5 14 552 211 91
5 15 282 522 179
5 16 624 228 503
6 8 437 830 835
6 10 469 903 755
6 12 182 137 326
6 13 434 480 531
6 14 97 980 575
6 16 373 791 455
7 8 154 783 667
7 9 129 178 692
7 11 251 346 763
7 12 859 302 887
7 15 679 391 664
7 16 320 855 615
8 9 568 164 797
8 10 192 107 355
8 12 425 390 646
8 13 177 330 786
8 14 481 372 655
8 16 350 160 579
9 10 188 689 260
9 11 352 497 823
9 12 166 294 378
9 13 145 702 473
9 15 315 964 209
9 16 217 338 399
10 12 495 350 346
10 14 511 399 696
10 15 424 969 132
11 12 193 966 996
11 13 514 716 977
11 14 148 454 747
11 15 732 176 135
12 13 740 963 247
12 14 573 90 730
12 15 913 987 782
12 16 843 225 613
13 14 726 755 409
13 16 835 156 351
14 15 467 477 223
15 16 204 831 576
