17 3
0 5 920 61 450
0 8 587 566 626
1 2 622 142 407
1 11 286 324 323
2 12 293 547 311
3 4 353 612 203
3 9 74 669 498
3 10 608 211 173
3 16 771 532 748
4 7 824 460 770
4 8 163 690 975
4 12 316 64 976
4 13 763 680 205
5 8 669 117 758
5 10 162 999 305
5 14 251 377 508
5 16 563 118 437
6 11 587 813 899
6 12 749 653 51
6 16 462 102 871
7 12 873 234 950
7 14 969 279 842
9 11 264 756 705
9 12 706 219 105
9 13 387 309 297
9 14 713 886 820
10 15 500 113 859
10 16 418 708 675
11 15 136 413 951
12 16 53 427 181
14 16 909 469 980
