17 3
0 4 766 626 792
0 6 572 562 458
0 7 438 736 904
0 8 322 228 771
0 12 648 404 686
1 5 203 252 905
1 7 581 73 773
1 15 291 179 845
2 4 213 348 765
2 6 210 710 104
2 7 914 667 73
2 10 514 94 862
2 11 683 387 380
2 12 668 732 628
3 6 321 848 300
3 8 237 790 272
3 11 367 570 299
3 13 619 819 131
3 14 911 432 928
3 15 671 738 904
4 7 416 644 486
4 9 707 474 282
4 10 679 631 831
4 13 572 525 324
4 15 999 920 961
5 7 580 117 565
5 12 897 201 928
5 14 949 600 857
6 7 718 600 490
6 8 230 632 497
6 10 866 111 924
6 11 223 944 541
6 13 794 825 898
6 16 316 928 76
7 12 881 769 592
8 11 411 286 843
8 13 289 924 650
8 15 769 57 427
9 11 224 343 602
9 14 736 283 860
10 14 949 339 613
10 15 962 233 621
10 16 367 929 689
11 12 767 528 442
11 13 884 79 874
11 14 561 661 495
11 15 835 898 391
11 16 685 121 808
12 13 586 769 753
12 14 376 282 763
12 15 421 373 136
12 16 969 451 698
