17 4
0 4 439 627 385 180
0 5 871 947 490 252
0 6 895 425 885 169
0 8 891 435 545 110
0 9 437 841 61 664
0 10 227 342 145 762
0 12 783 103 647 358
0 13 721 304 146 642
0 14 192 844 119 625
0 16 136 464 523 566
1 2 678 358 708 260
1 3 921 397 851 261
1 4 664 296 638 764
1 5 530 911 810 87
1 6 608 568 862 980
1 9 449 921 794 853
1 10 66 577 569 135
1 13 188 330 243 427
2 4 190 955 851 567
2 5 548 261 924 72
2 8 495 433 674 546
2 9 643 205 280 74
2 12 551 946 159 401
2 13 454 302 293 421
2 14 889 640 729 227
2 15 177 715 244 144
2 16 359 350 697 142
3 5 399 350 856 782
3 6 748 181 887 735
3 8 500 119 109 903
3 9 408 881 453 963
3 10 658 793 546 607
3 11 144 902 694 772
3 13 621 963 464 790
3 14 880 72 604 397
3 15 427 882 626 650
4 5 349 393 432 624
4 6 921 362 616 891
4 8 591 63 817 726
4 10 298 726 852 982
4 12 952 326 487 941
5 7 707 79 368 504
5 10 870 69 732 996
5 11 128 431 291 807
5 15 299 415 144 804
6 7 390 365 468 50
6 8 695 628 60 550
6 11 753 857 429 612
6 12 449 922 651 711
6 14 296 831 795 469
7 9 547 462 228 287
7 10 917 117 852 111
7 15 277 938 780 787
8 9 521 526 113 220
8 10 988 316 779 875
9 11 149 527 955 926
9 12 915 57 433 737
9 14 264 389 173 796
9 15 513 654 263 359
9 16 547 543 333 962
10 12 738 439 897 584
10 13 131 913 315 736
11 15 299 167 391 679
12 14 161 353 924 133
12 15 380 323 363 147
12 16 606 70 411 360
14 16 305 189 479 374
