17 4
0 10 794 843 952 951
0 13 954 263 289 788
1 2 377 727 936 175
1 3 167 797 702 310
1 10 758 386 639 572
1 15 577 414 795 244
1 16 220 501 660 266
2 4 522 122 390 578
2 6 832 606 984 524
2 8 114 988 113 384
2 10 973 792 766 730
2 13 347 543 172 344
2 15 231 536 581 717
2 16 288 243 423 336
3 5 995 101 586 106
3 10 516 566 920 742
3 16 954 451 180 255
4 7 724 726 957 878
4 10 310 435 902 490
4 11 283 767 729 665
4 14 640 659 518 141
4 15 451 593 535 600
5 8 500 828 862 623
5 13 973 657 640 370
5 14 767 870 153 298
6 8 654 99 697 134
6 13 826 859 880 541
7 11 871 880 926 536
8 10 204 433 458 930
8 16 60 290 726 177
9 11 536 610 106 181
9 14 518 400 119 559
9 15 530 189 186 677
10 13 950 527 145 645
11 13 723 798 798 842
12 15 790 200 155 949
13 16 76 228 510 354
14 15 411 954 407 488
