17 4
0 1 449 706 738 765
0 2 240 611 580 868
0 3 576 219 757 621
0 5 138 346 852 971
0 7 615 241 843 443
0 8 240 688 225 161
0 10 661 221 468 461
0 12 789 155 539 537
0 14 738 346 297 726
0 15 470 823 344 440
0 16 463 131 840 790
1 3 684 456 78 441
1 6 787 469 69 158
1 7 988 934 561 64
1 8 995 507 244 363
1 10 905 342 99 351
1 11 304 409 761 358
1 12 331 851 259 982
2 6 452 613 900 676
2 7 878 809 391 580
2 12 448 919 685 508
2 15 869 452 681 862
2 16 314 772 251 607
3 8 289 767 224 875
3 10 181 496 747 411
3 13 319 633 500 796
3 14 634 554 898 725
3 16 346 460 509 528
4 5 100 471 138 971
4 6 349 367 168 735
4 7 111 220 962 690
4 9 625 98 542 618
4 11 313 687 352 259
4 12 630 69 131 381
4 14 250 929 265 889
4 16 271 690 146 371
5 8 68 468 159 227
5 9 920 180 451 689
5 10 492 492 740 103
5 11 61 929 678 778
5 14 487 281 377 665
5 15 785 862 588 507
5 16 483 534 907 639
6 9 575 961 450 730
6 11 372 888 286 824
7 9 461 675 307 802
7 11 79 220 416 600
7 12 722 186 423 416
7 13 637 448 692 792
7 14 818 560 434 172
8 10 785 589 994 571
8 13 578 608 484 61
8 14 864 709 388 561
8 16 160 131 234 866
9 12 324 809 127 824
9 13 297 570 838 121
9 14 411 140 303 72
10 12 447 470 514 349
11 14 969 302 478 973
11 16 262 253 658 99
12 14 366 588 280 879
12 16 129 805 188 856
13 14 546 375 833 876
13 16 931 406 621 333
14 16 688 545 658 670
15 16 195 229 694 747
