17 4
0 1 658 464 329 268
0 2 417 532 333 554
0 4 252 608 993 946
0 6 731 660 373 477
0 7 391 295 164 62
0 8 371 707 620 939
0 9 533 688 148 992
0 11 61 846 528 799
0 12 791 694 828 741
0 13 103 689 666 918
0 14 873 372 438 205
0 15 278 994 194 631
1 2 626 469 940 633
1 3 606 432 909 993
1 4 63 463 137 794
1 5 113 926 590 397
1 6 287 537 600 386
1 7 599 442 892 54
1 9 826 216 335 703
1 11 270 856 852 810
1 12 455 315 210 639
1 13 651 325 771 204
1 15 600 527 140 848
1 16 369 300 203 381
2 3 512 483 953 757
2 4 780 229 850 568
2 5 614 330 637 609
2 6 861 703 933 396
2 7 241 859 128 809
2 8 929 163 914 217
2 9 883 401 911 745
2 10 960 574 51 962
2 11 608 248 118 875
2 12 568 327 182 958
2 13 84 413 959 123
2 14 121 789 892 313
2 15 464 321 983 477
2 16 290 966 630 646
3 4 337 398 230 555
3 6 881 97 488 327
3 7 735 158 748 88
3 9 480 182 176 645
3 10 809 178 158 984
3 11 599 822 581 134
3 12 927 738 222 881
3 13 583 654 336 465
3 14 54 843 887 610
3 16 594 957 390 261
4 5 526 851 733 400
4 6 179 866 110 848
4 7 877 706 340 685
4 8 377 651 182 944
4 9 702 278 187 305
4 11 611 58 227 525
4 12 634 321 904 623
4 14 634 257 790 858
4 15 238 876 409 379
4 16 259 357 539 950
5 6 832 695 608 229
5 8 146 51 811 255
5 9 445 125 231 943
5 11 346 583 719 909
5 12 58 648 425 469
5 14 310 504 752 683
5 15 728 976 584 950
5 16 163 190 898 372
6 7 257 389 787 740
6 8 174 764 894 205
6 9 682 823 559 576
6 10 975 173 55 316
6 11 278 289 288 763
6 12 111 922 195 336
6 13 751 149 464 66
6 14 224 149 746 988
6 15 656 757 996 631
6 16 452 443 202 323
7 10 986 609 210 214
7 11 292 637 589 600
7 13 566 486 857 871
8 9 797 986 545 764
8 10 294 745 427 395
8 11 754 679 935 600
8 12 649 157 544 198
8 13 166 314 546 443
8 14 76 720 966 855
8 15 266 575 434 354
9 10 389 175 478 923
9 11 423 209 528 129
9 12 522 927 951 62
9 13 666 674 832 495
9 14 780 518 434 783
9 15 390 851 826 506
10 11 133 104 281 667
10 12 196 399 555 635
10 13 215 392 992 620
10 14 91 100 977 853
10 16 901 983 821 577
11 13 545 657 835 993
11 14 211 982 405 897
11 15 572 97 986 433
11 16 653 940 252 729
12 13 329 911 592 672
12 15 990 172 229 328
12 16 869 205 638 475
13 14 819 339 121 160
13 16 294 849 583 789
14 15 251 241 277 736
15 16 155 975 428 957
