17 4
0 4 566 552 307 528
0 10 968 596 640 776
0 12 536 354 992 314
0 15 533 300 850 499
0 16 245 93 916 592
1 2 188 606 900 848
1 10 275 294 741 770
1 16 578 645 92 756
2 3 556 254 638 682
2 4 510 159 73 438
2 5 642 593 82 475
2 7 900 458 516 157
2 12 306 791 270 491
2 15 577 648 682 253
3 13 222 401 67 154
3 15 535 830 611 534
4 6 510 548 114 348
4 9 853 224 125 690
4 10 398 148 954 657
4 12 448 170 909 562
5 6 491 639 345 536
5 7 943 552 885 195
5 8 999 757 481 715
5 10 729 140 119 760
5 12 78 119 884 505
6 12 775 587 878 367
7 11 109 903 674 374
7 12 931 640 985 294
7 16 592 363 540 608
8 12 935 286 853 310
8 15 207 541 621 979
9 16 511 90 403 537
10 12 492 614 446 417
10 13 373 687 330 350
10 14 296 341 721 775
10 15 120 75 540 857
11 14 104 676 413 578
11 16 881 327 194 551
12 15 807 955 993 858
12 16 409 275 708 244
