17 4
0 1 702 90 630 248
0 2 196 308 813 96
0 4 508 517 473 857
0 5 483 211 221 903
0 6 435 50 409 875
0 14 910 854 745 723
0 15 479 319 886 963
0 16 662 788 772 594
1 2 915 983 967 381
1 3 361 265 344 186
1 11 445 426 979 656
1 12 106 926 315 682
1 13 433 478 478 422
1 14 126 539 652 629
1 16 107 373 445 981
2 4 215 468 334 635
2 6 862 547 449 967
2 7 162 178 482 350
2 9 476 798 519 359
2 10 86 533 824 334
2 11 959 701 314 491
2 13 672 450 150 848
3 4 261 355 156 305
3 5 969 603 405 562
3 6 457 430 391 292
3 8 955 286 486 179
3 10 58 519 307 700
3 12 79 632 398 67
3 13 295 655 860 164
3 14 676 639 438 164
3 16 924 799 743 215
4 9 592 909 221 919
4 11 556 281 654 919
4 12 608 775 254 53
4 15 358 414 786 538
5 6 478 918 481 70
5 12 422 884 581 341
5 15 286 334 553 546
6 8 455 77 428 883
6 9 963 504 764 805
6 14 202 553 839 751
6 15 954 491 221 260
6 16 178 249 457 80
7 8 622 155 501 238
7 9 486 882 431 193
7 11 325 996 879 316
7 15 795 127 970 814
8 9 807 533 281 616
8 10 563 702 103 101
8 13 929 795 718 926
8 14 233 529 72 106
9 10 642 94 565 211
9 13 972 714 292 130
9 14 793 151 820 250
10 16 484 887 148 123
11 12 511 675 423 472
11 13 339 522 330 833
11 14 869 783 876 92
11 16 126 557 411 901
12 13 53 684 993 87
12 14 314 210 546 945
12 15 724 966 453 461
12 16 360 198 215 798
13 15 701 952 686 245
15 16 78 465 828 293
