17 4
0 1 846 766 740 312
0 2 431 870 474 264
0 3 564 321 682 612
0 4 786 527 344 710
0 5 428 762 780 835
0 6 544 847 990 186
0 7 134 655 275 325
0 8 966 798 124 586
0 10 822 235 253 640
0 11 436 996 70 674
0 14 139 496 785 62
0 16 537 353 75 450
1 3 858 273 687 137
1 4 362 125 951 732
1 5 613 406 694 376
1 8 743 953 763 403
1 9 133 924 870 640
1 10 528 512 599 108
1 11 745 987 944 136
1 12 694 987 960 133
1 14 399 976 398 266
1 15 984 582 752 922
1 16 651 430 335 517
2 3 323 808 880 909
2 4 927 694 686 624
2 5 858 656 880 303
2 6 993 107 104 977
2 8 665 805 859 299
2 9 992 685 918 928
2 10 558 954 235 437
2 11 488 390 299 944
2 14 998 232 211 637
2 15 724 219 73 836
2 16 411 222 506 258
3 5 581 218 625 761
3 6 716 167 824 191
3 8 772 960 788 146
3 13 876 590 695 880
3 14 496 368 139 333
3 15 341 621 672 148
3 16 530 296 149 465
4 5 50 451 89 340
4 6 68 381 371 434
4 9 448 401 830 56
4 11 879 950 442 486
4 12 147 238 765 214
4 14 494 942 210 275
4 15 95 890 947 863
4 16 659 547 505 301
5 6 688 859 639 980
5 7 835 439 315 882
5 8 417 498 59 714
5 11 130 775 554 811
5 12 856 545 857 555
5 13 898 363 313 725
5 15 130 278 268 407
5 16 945 675 592 680
6 7 257 661 667 208
6 8 861 443 371 754
6 9 382 844 498 454
6 10 338 710 981 207
6 11 766 434 775 419
6 12 436 206 627 947
6 13 590 413 337 966
6 16 80 560 124 910
7 9 621 624 288 542
7 10 370 307 55 163
7 11 700 294 54 897
7 14 549 69 224 271
7 15 51 641 605 684
7 16 372 160 233 599
8 10 600 434 833 245
8 13 727 792 304 233
8 15 894 395 997 372
8 16 122 597 127 626
9 10 751 128 659 222
9 11 602 536 901 816
9 12 558 766 285 408
9 14 64 175 124 860
9 15 491 312 419 93
10 11 933 700 928 563
10 13 594 463 941 396
10 14 371 700 516 807
10 15 121 936 530 64
10 16 218 868 943 199
11 12 353 668 127 376
11 13 52 973 795 778
11 14 578 994 892 946
11 15 656 505 935 716
11 16 432 775 637 402
12 13 670 569 197 193
12 14 991 902 405 784
12 15 557 506 125 617
12 16 981 732 440 877
13 15 570 854 233 956
14 15 340 110 178 779
14 16 160 729 870 456
15 16 518 946 518 955
