17 4
0 4 77 627 219 331
0 5 485 207 700 947
0 7 871 688 732 73
1 2 142 590 363 400
1 5 545 78 194 277
1 8 814 653 981 653
1 11 337 220 252 515
1 13 713 100 117 319
1 16 862 193 365 784
2 6 976 148 768 321
2 12 701 640 849 374
3 5 619 940 580 639
4 5 847 685 403 303
4 6 354 166 489 136
4 8 565 878 577 799
4 11 495 570 100 514
4 13 110 256 190 135
4 14 460 488 874 58
7 8 976 666 435 566
7 9 176 83 817 908
7 12 360 975 743 682
7 14 429 899 429 366
9 12 390 139 188 765
9 14 651 699 438 450
10 13 620 454 592 627
10 14 171 250 290 524
12 15 933 338 701 902
13 15 961 916 892 314
13 16 65 381 770 174
