17 4
0 11 598 411 411 194
0 12 258 631 167 344
1 5 685 977 501 190
1 15 949 760 507 865
2 7 624 420 676 735
2 12 630 433 575 959
2 14 260 52 609 924
2 16 904 52 641 720
3 4 802 615 663 541
3 6 974 593 297 950
3 8 430 359 711 977
3 15 975 188 106 727
4 9 422 156 482 592
4 13 949 124 577 369
5 9 104 572 852 355
5 11 900 506 677 170
6 13 452 91 426 254
7 11 730 82 943 457
7 12 712 775 619 185
7 15 107 140 549 323
8 13 689 581 417 670
8 16 106 319 98 354
9 10 83 680 377 423
9 14 834 401 430 275
10 11 653 514 549 87
10 12 756 150 207 490
10 13 174 584 916 847
11 12 666 666 153 92
11 14 666 876 727 365
11 15 751 382 412 457
12 16 163 915 786 861
15 16 551 237 683 418
