18 2
0 1 545 290
0 3 869 223
0 4 446 249
0 5 702 107
0 8 782 335
0 9 262 194
0 12 687 403
0 13 408 526
0 14 940 232
0 15 372 110
0 16 805 476
1 2 290 941
1 5 834 882
1 6 313 462
1 7 939 75
1 8 834 815
1 9 898 106
1 11 572 51
1 12 680 294
1 13 127 561
1 14 710 373
1 15 197 631
1 16 568 767
1 17 654 297
2 3 539 747
2 4 82 700
2 5 84 626
2 7 65 341
2 10 430 668
2 11 573 685
2 12 52 826
2 13 750 516
2 14 266 327
2 16 161 471
2 17 235 764
3 4 445 147
3 6 745 135
3 7 920 779
3 8 754 921
3 9 746 370
3 11 753 65
3 12 894 687
3 13 601 925
3 14 539 632
3 16 51 203
3 17 550 101
4 5 88 889
4 6 331 824
4 7 143 867
4 8 532 325
4 9 636 125
4 10 318 487
4 11 638 216
4 12 353 520
4 13 919 604
4 14 858 614
4 15 485 538
4 16 192 615
4 17 670 877
5 6 523 764
5 7 139 525
5 9 134 830
5 12 950 511
5 14 451 422
5 15 693 942
5 16 508 571
6 10 973 880
6 14 521 736
6 15 338 320
6 16 797 131
6 17 87 978
7 9 282 240
7 11 655 441
7 13 466 970
7 17 526 185
8 9 885 323
8 10 93 229
8 12 910 207
8 14 851 674
8 15 60 946
8 17 341 792
9 10 435 808
9 11 347 239
9 13 396 688
9 14 799 224
9 16 727 216
9 17 282 633
10 12 795 551
10 13 102 548
10 14 705 785
10 15 355 323
10 16 717 189
10 17 660 810
11 12 217 952
11 14 243 473
11 17 378 266
12 13 471 561
12 14 120 828
12 15 584 777
12 16 126 195
12 17 843 636
14 17 927 840
15 17 995 784
16 17 194 907
