18 2
0 1 712 728
0 2 748 361
0 4 75 888
0 6 450 791
0 8 520 625
0 9 681 378
0 11 169 307
0 12 757 83
0 14 289 304
0 15 197 365
0 16 828 854
1 2 247 739
1 3 775 278
1 4 708 54
1 5 395 760
1 8 583 845
1 10 765 253
1 12 824 656
1 14 603 80
1 15 776 360
1 16 908 703
1 17 539 590
2 3 935 575
2 4 888 561
2 5 506 787
2 6 82 550
2 7 847 646
2 8 66 771
2 10 77 794
2 11 367 361
2 12 460 612
2 13 205 338
2 14 976 561
2 16 502 281
2 17 926 335
3 4 710 918
3 5 503 644
3 6 295 937
3 7 236 768
3 8 258 509
3 9 119 765
3 10 753 822
3 11 89 678
3 12 710 869
3 13 227 514
3 14 305 298
3 15 681 957
3 16 993 91
3 17 694 919
4 7 477 240
4 9 61 224
4 10 573 466
4 11 386 428
4 12 789 896
4 13 781 376
4 15 101 764
4 17 651 592
5 7 290 339
5 8 257 575
5 9 480 291
5 11 899 234
5 12 223 700
5 15 141 951
5 16 555 547
5 17 669 112
6 7 729 360
6 8 204 215
6 9 791 439
6 10 175 642
6 11 334 155
6 14 299 345
6 15 705 719
6 17 591 907
7 9 940 736
7 10 353 181
7 11 882 86
7 12 812 897
7 13 51 798
7 15 138 517
7 16 793 729
7 17 626 897
8 10 820 945
8 11 906 192
8 12 516 858
8 13 51 95
8 14 715 717
8 15 759 551
8 16 780 328
8 17 574 437
9 10 621 58
9 11 616 613
9 12 800 845
9 13 566 771
9 14 462 605
9 15 766 69
9 17 625 861
10 11 102 916
10 13 648 501
10 14 584 831
10 16 747 112
10 17 540 398
11 12 269 370
11 13 152 273
11 14 513 183
11 15 222 756
11 16 521 624
11 17 359 135
12 13 692 405
12 14 960 692
12 15 475 316
13 14 275 756
13 16 511 328
13 17 978 841
14 15 243 942
14 16 409 209
15 16 169 317
15 17 352 783
16 17 898 548
