18 2
0 1 435 470
0 2 402 583
0 3 114 562
0 7 937 912
0 9 737 870
0 10 821 957
0 12 793 215
0 13 418 768
0 15 786 145
0 17 779 702
1 3 507 936
1 4 247 373
1 7 401 357
1 8 408 91
1 9 512 413
1 10 950 931
1 11 206 356
1 14 153 336
1 15 135 928
1 16 786 817
1 17 738 652
2 3 519 932
2 6 215 634
2 7 914 646
2 8 218 378
2 9 350 225
2 10 555 595
2 11 336 74
2 12 643 251
2 13 519 553
2 14 686 216
2 16 477 826
2 17 878 118
3 4 810 517
3 5 180 163
3 6 105 870
3 7 755 225
3 8 945 250
3 9 964 833
3 10 594 485
3 11 177 112
3 12 110 621
3 13 573 803
3 14 834 523
3 15 301 65
3 16 665 546
4 5 260 856
4 7 768 797
4 8 190 853
4 9 953 142
4 10 794 418
4 11 307 682
4 12 449 348
4 14 581 180
4 15 320 657
4 16 215 405
4 17 979 249
5 6 561 312
5 7 487 935
5 8 334 709
5 9 54 735
5 10 474 208
5 11 973 751
5 13 175 461
5 15 56 854
5 16 969 167
6 7 648 672
6 8 825 789
6 9 732 843
6 10 57 530
6 11 556 904
6 12 817 77
6 13 236 362
6 14 604 738
6 16 533 982
6 17 692 112
7 8 584 789
7 9 901 262
7 10 950 811
7 14 422 303
7 15 336 102
7 16 437 103
8 10 934 646
8 11 978 895
8 12 889 927
8 13 271 543
8 14 979 722
8 15 586 450
8 16 69 375
9 10 446 58
9 11 701 109
9 12 850 150
9 14 65 871
9 15 133 366
9 16 530 622
9 17 583 992
10 11 871 115
10 12 535 232
10 13 345 108
10 14 459 770
10 15 445 743
10 16 402 408
11 12 87 718
11 13 399 252
11 14 931 320
11 15 940 98
11 16 774 304
11 17 226 948
12 13 969 328
12 14 993 305
12 15 414 812
12 16 265 124
12 17 446 596
13 15 482 249
13 16 119 387
13 17 339 130
15 16 154 228
15 17 546 128
16 17 403 382
