18 2
0 2 233 560
0 5 747 542
0 6 540 978
0 7 327 992
0 10 169 589
0 13 178 402
0 14 69 237
1 3 465 438
1 11 211 101
1 13 309 112
1 16 384 657
2 3 700 475
2 4 914 746
2 10 169 105
2 11 517 584
2 13 930 525
4 7 575 719
4 14 601 912
4 16 703 716
4 17 945 337
5 6 981 261
5 9 542 939
5 10 212 238
5 13 959 577
6 9 792 569
6 11 822 735
7 13 384 69
7 14 587 502
7 15 794 892
8 11 595 446
8 15 124 186
9 15 303 286
9 17 389 569
10 12 536 127
10 13 714 284
10 17 494 438
11 13 789 165
12 13 362 471
12 14 793 761
12 17 473 736
13 14 371 563
13 15 585 788
14 16 836 202
14 17 510 844
