18 2
0 2 950 918
0 4 120 639
0 5 532 412
0 6 555 308
0 8 886 55
0 10 256 99
0 12 798 847
0 13 682 342
0 14 456 340
0 17 312 690
1 5 898 597
1 8 240 241
1 9 655 92
1 10 309 208
1 11 924 399
1 14 126 618
1 17 848 379
2 5 370 903
2 7 646 434
2 8 165 838
2 11 854 544
2 12 294 719
2 14 376 641
2 15 819 838
3 5 810 669
3 7 572 749
3 10 73 934
3 11 998 940
3 14 662 781
3 16 190 443
3 17 838 238
4 5 75 143
4 6 392 338
4 7 799 748
4 8 821 903
4 10 833 702
4 13 681 494
4 14 713 244
4 15 264 731
4 17 405 238
5 7 412 298
5 9 294 994
5 13 459 70
5 15 850 225
5 16 289 469
6 8 600 98
6 11 252 959
6 12 421 591
6 13 112 769
6 14 318 255
7 10 922 835
7 11 649 512
7 12 325 643
7 13 403 388
7 16 128 956
8 11 320 349
8 12 543 629
8 13 680 711
8 15 381 786
8 17 998 711
9 11 192 585
9 14 74 179
9 16 690 136
9 17 711 347
10 11 213 836
10 12 241 882
10 13 706 143
10 15 57 597
10 16 61 107
10 17 923 53
11 14 164 905
12 13 667 65
13 15 649 188
15 16 89 710
16 17 936 272
