18 2
0 1 155 463
0 6 835 166
0 7 77 212
0 11 693 520
0 13 798 408
0 15 570 602
1 2 374 977
1 4 453 823
1 5 614 633
1 7 329 463
1 9 366 936
1 10 172 655
1 12 941 994
1 15 776 91
2 5 525 832
2 7 65 372
2 9 791 286
2 11 387 634
3 7 280 556
3 8 966 748
3 9 848 755
3 10 620 684
3 11 248 744
3 13 248 171
3 14 877 430
3 15 973 205
3 16 312 310
4 7 961 956
4 8 86 733
4 11 884 59
4 15 390 665
4 17 120 823
5 6 593 895
5 7 946 68
5 8 836 167
5 11 551 602
5 12 376 254
5 16 661 672
5 17 149 287
6 7 359 90
6 9 75 903
6 11 937 156
6 13 442 325
6 16 453 610
6 17 628 299
7 9 900 676
7 15 693 601
7 16 532 525
7 17 372 419
8 9 699 818
8 11 97 137
8 12 686 193
8 16 285 822
9 12 101 340
10 11 773 600
10 14 99 818
10 16 551 516
11 16 931 889
12 13 962 502
12 15 387 937
13 14 733 407
13 17 289 344
14 15 622 284
14 17 777 77
15 17 105 996
16 17 655 881
