18 2
0 3 138 669
0 5 987 760
0 6 785 275
0 7 773 156
0 8 688 229
0 9 595 989
0 10 831 275
0 11 850 286
0 12 686 466
0 13 680 583
0 14 957 134
0 15 986 487
0 16 324 960
0 17 435 296
1 2 634 565
1 3 604 512
1 4 963 199
1 5 798 841
1 6 358 508
1 7 650 95
1 8 648 217
1 10 897 764
1 11 554 426
1 12 270 910
1 13 437 224
1 14 264 170
1 17 926 618
2 3 556 645
2 4 111 248
2 5 571 278
2 7 350 910
2 8 478 253
2 9 212 987
2 10 948 873
2 11 481 344
2 13 529 164
2 14 215 517
2 15 708 892
2 16 894 303
3 4 419 64
3 5 451 816
3 7 81 360
3 8 720 967
3 10 677 618
3 15 218 769
3 16 698 677
3 17 586 839
4 6 380 935
4 7 691 453
4 8 646 438
4 9 906 575
4 11 863 759
4 12 638 80
4 13 123 604
4 16 898 571
4 17 563 226
5 7 746 350
5 10 995 304
5 11 554 713
5 12 985 939
5 13 227 308
5 16 351 141
5 17 992 649
6 8 352 725
6 10 991 557
6 12 371 999
6 14 829 962
6 15 607 532
6 16 607 54
6 17 187 714
7 9 803 656
7 10 394 760
7 11 956 719
7 14 95 654
7 15 61 321
7 16 799 497
8 9 526 491
8 10 547 516
8 11 852 578
8 12 198 319
8 13 507 203
8 14 352 329
8 16 971 528
8 17 777 576
9 11 256 409
9 12 52 685
9 15 868 883
9 16 727 622
10 11 170 459
10 12 205 890
10 14 700 482
10 15 423 988
10 16 942 907
11 12 953 186
11 13 74 869
11 14 390 95
11 16 449 502
12 13 421 329
12 14 986 513
12 15 75 611
12 17 510 293
13 14 147 517
13 15 488 552
13 17 516 686
14 15 690 562
14 17 537 661
15 16 995 156
15 17 316 336
16 17 94 884
