18 2
0 4 801 814
0 14 470 161
0 17 647 335
1 7 275 131
2 5 493 696
2 7 195 889
2 9 635 417
2 11 782 761
2 14 768 397
3 5 126 795
3 7 266 400
3 9 868 992
3 12 101 504
3 17 471 893
4 5 556 482
4 12 547 717
4 13 119 559
4 16 520 348
4 17 571 531
5 6 521 293
5 7 965 146
5 8 427 535
5 10 240 91
5 13 487 704
6 7 526 979
6 8 339 894
6 17 83 708
7 12 681 386
7 13 467 59
7 14 815 185
8 13 524 629
9 11 606 606
9 14 313 244
10 17 65 352
11 14 256 272
12 15 196 74
13 15 892 705
13 16 871 658
14 17 961 318
15 16 590 619
15 17 347 494
16 17 684 794
