18 2
0 2 963 951
0 6 945 418
0 7 998 962
0 10 709 448
0 12 68 740
0 14 627 860
0 15 930 210
0 16 915 609
1 3 765 604
1 7 162 502
1 8 279 763
1 9 95 786
1 10 533 713
1 11 134 537
1 13 993 311
1 14 123 567
1 16 609 195
2 4 825 991
2 6 838 327
2 7 912 183
2 9 131 896
2 11 822 816
2 13 729 815
2 14 263 100
2 15 339 507
3 4 642 551
3 6 716 265
3 9 350 215
3 11 768 503
3 12 684 530
3 13 404 428
3 15 395 140
4 5 896 134
4 7 368 816
4 8 816 834
4 9 537 769
4 11 223 689
4 12 497 531
4 15 613 873
4 17 241 193
5 7 348 562
5 8 728 666
5 9 965 92
5 13 122 988
5 15 657 146
5 16 437 380
5 17 628 743
6 8 182 963
6 11 319 320
6 14 776 912
6 17 107 840
7 8 373 699
7 9 742 805
7 13 861 73
7 15 484 617
7 16 525 258
8 9 167 74
8 10 772 866
8 11 965 990
8 12 145 292
8 15 348 523
9 10 97 644
9 11 736 605
9 12 923 468
9 14 374 685
9 15 435 586
10 11 319 121
10 13 678 968
10 16 442 271
11 12 553 471
11 13 54 128
11 14 674 169
11 16 239 230
12 14 873 770
12 16 381 89
13 15 129 517
13 16 186 831
14 15 424 767
14 17 536 588
15 16 404 751
15 17 629 611
