18 2
0 3 471 391
0 4 577 677
0 7 91 558
0 8 250 143
0 9 215 993
0 10 579 256
0 11 780 979
0 12 520 961
0 13 783 676
0 17 681 822
1 2 445 525
1 4 319 81
1 5 519 737
1 6 760 216
1 7 252 790
1 8 259 78
1 9 308 588
1 10 298 969
1 12 157 204
1 14 588 283
1 15 792 142
1 16 789 639
1 17 70 853
2 3 884 189
2 4 667 524
2 6 852 771
2 11 574 282
2 12 111 138
2 13 890 82
2 15 876 473
2 17 201 771
3 10 75 787
3 11 440 566
3 12 270 858
3 15 995 611
3 16 961 794
3 17 118 176
4 8 169 886
4 9 573 421
4 11 227 144
4 13 265 589
4 15 655 731
4 16 719 224
4 17 709 713
5 7 795 663
5 12 643 397
5 15 942 513
5 16 498 514
6 9 478 747
6 12 682 559
6 13 337 521
6 14 307 587
6 17 517 252
7 8 198 554
7 10 350 969
7 12 73 114
7 13 444 642
7 14 870 281
7 15 947 512
7 16 621 420
7 17 876 275
8 11 374 266
8 12 663 70
8 13 647 745
8 15 520 240
8 17 851 176
9 15 906 718
9 16 664 795
9 17 464 166
10 11 316 132
10 13 641 591
10 15 400 915
10 16 343 91
10 17 104 372
11 17 799 280
12 14 409 476
12 16 887 140
13 14 411 827
13 15 400 389
13 16 692 480
14 15 283 421
