18 3
0 1 124 512 287
0 5 415 711 894
0 9 769 397 495
0 10 222 862 886
0 13 993 299 575
0 15 907 482 354
1 2 402 893 701
1 4 946 70 347
1 5 150 704 410
1 7 191 538 522
1 11 282 546 466
1 15 855 852 606
1 17 526 440 102
2 3 286 388 634
2 6 310 613 348
2 7 572 54 878
2 8 729 51 450
2 15 803 861 532
2 16 537 894 604
2 17 902 646 910
3 7 299 841 953
3 8 886 609 433
3 17 754 591 960
4 5 358 713 770
4 7 629 320 659
4 8 268 484 723
4 12 826 157 149
4 13 810 61 788
4 14 283 201 659
4 15 972 296 209
5 6 309 821 620
5 8 877 605 357
5 9 290 352 665
5 13 622 883 375
5 17 268 112 930
6 7 325 676 432
6 9 394 745 153
6 12 950 833 815
6 14 979 497 894
7 8 199 715 436
7 11 934 238 195
7 12 955 86 239
7 16 310 797 152
7 17 435 86 564
8 9 58 793 54
8 10 536 246 766
8 13 649 852 827
8 16 579 704 156
9 10 486 401 154
9 12 514 464 802
9 15 715 871 506
9 16 394 538 833
10 11 221 923 810
10 13 279 538 559
10 17 153 872 998
11 14 863 801 892
11 17 361 170 197
12 15 343 151 735
12 17 964 134 303
13 16 683 707 268
13 17 419 551 717
14 15 862 864 376
14 17 668 493 852
15 16 135 403 858
