18 3
0 1 778 418 520
0 6 726 109 607
0 8 564 714 427
0 10 226 558 978
0 11 304 753 79
0 12 890 301 791
0 13 667 558 910
0 15 920 838 362
0 16 113 969 861
0 17 649 471 982
1 4 554 966 632
1 5 617 811 463
1 6 496 533 488
1 8 905 303 246
1 12 761 882 223
1 13 567 161 426
1 14 498 320 625
1 15 460 540 526
1 17 51 622 829
2 6 962 528 662
2 8 898 977 187
2 10 247 741 822
2 11 861 132 948
2 12 153 546 393
2 13 227 364 224
2 15 412 366 326
2 17 63 866 519
3 4 909 759 454
3 5 407 670 437
3 6 919 245 617
3 7 442 537 158
3 8 279 415 151
3 10 417 84 116
3 12 366 582 594
3 13 400 490 464
3 17 867 408 252
4 9 262 110 655
4 10 444 640 764
4 11 305 922 340
4 12 514 869 200
4 13 510 998 872
4 15 56 626 799
5 8 929 679 630
5 12 324 650 958
5 13 855 987 349
5 14 963 422 753
5 15 677 150 558
6 7 133 180 681
6 10 686 601 916
6 11 795 421 113
6 14 290 604 886
6 15 92 463 435
6 16 243 374 336
7 9 549 938 138
7 11 688 159 383
7 12 797 444 712
7 15 925 710 784
8 9 538 798 273
8 10 356 864 948
8 11 181 339 701
8 12 371 245 537
8 15 177 331 132
8 16 933 417 495
9 10 177 865 422
9 11 520 645 875
9 14 487 996 830
9 16 560 839 734
10 11 867 347 643
10 15 413 648 55
10 16 951 449 873
12 13 614 742 135
12 15 687 673 999
12 16 496 450 369
12 17 166 423 158
13 15 862 536 785
14 15 775 743 894
16 17 543 495 972
