18 3
0 2 472 834 301
0 3 382 535 881
0 4 55 661 619
0 6 838 499 161
0 7 427 386 895
0 8 986 604 949
0 10 520 102 569
0 11 978 947 467
0 12 415 790 369
0 13 504 390 146
0 14 384 956 463
0 15 930 698 126
0 16 801 934 185
0 17 731 408 403
1 2 614 58 929
1 3 703 153 905
1 4 481 743 96
1 5 626 346 610
1 6 688 400 201
1 7 600 910 198
1 8 441 376 856
1 9 917 688 878
1 10 284 679 983
1 12 772 401 971
1 13 162 74 862
1 14 950 285 600
1 15 934 843 506
2 3 574 888 928
2 4 557 270 522
2 5 53 63 657
2 6 964 629 133
2 8 104 447 318
2 9 724 240 90
2 10 983 135 462
2 11 494 986 465
2 12 574 924 141
2 13 147 884 899
2 14 184 69 724
2 16 51 575 146
2 17 104 228 247
3 4 813 978 563
3 6 339 802 640
3 7 479 543 250
3 8 376 245 141
3 9 477 925 497
3 10 188 974 262
3 11 113 915 770
3 12 275 973 110
3 13 149 569 752
3 14 685 58 832
3 15 927 925 993
3 17 479 492 106
4 5 593 80 176
4 6 810 435 216
4 7 942 314 684
4 9 788 251 770
4 10 946 912 366
4 11 867 862 604
4 12 638 135 882
4 15 965 662 230
4 16 609 827 908
5 6 281 888 650
5 7 690 432 500
5 8 467 813 687
5 10 258 348 513
5 11 443 352 466
5 12 97 551 81
5 13 397 204 109
5 14 307 890 756
5 17 637 673 261
6 7 253 409 149
6 8 267 413 299
6 9 910 708 552
6 10 658 640 988
6 11 99 143 922
6 13 653 411 819
6 15 410 87 663
6 16 468 486 112
6 17 937 628 934
7 8 976 327 52
7 10 467 366 855
7 11 520 810 370
7 13 765 81 187
7 14 836 712 693
7 15 339 172 164
7 16 316 890 901
8 9 184 189 138
8 10 554 560 172
8 11 589 814 90
8 15 119 802 781
8 16 789 104 190
8 17 136 86 914
9 10 206 278 209
9 11 325 947 698
9 12 706 590 635
9 13 500 873 775
9 14 238 580 170
9 15 190 389 244
9 16 726 315 771
10 11 968 59 161
10 12 445 839 788
10 13 626 521 355
10 15 612 554 261
10 16 446 943 296
10 17 417 793 579
11 12 665 331 615
11 15 413 68 400
11 17 112 465 95
12 13 924 332 849
12 14 69 583 905
12 15 233 499 100
12 16 785 730 283
12 17 169 354 462
13 14 822 474 719
13 15 53 919 540
13 16 110 916 872
14 16 870 301 754
15 17 493 95 106
16 17 781 847 806
