18 3
0 1 432 944 599
0 3 520 423 470
0 4 517 569 588
0 6 331 994 936
0 7 697 130 916
0 9 819 499 846
0 10 450 591 515
0 11 700 671 148
0 12 320 932 494
0 13 391 960 868
0 14 233 223 981
0 15 290 63 745
0 16 614 524 736
1 2 907 830 482
1 4 255 681 833
1 6 256 470 888
1 7 114 567 734
1 8 431 970 387
1 9 481 205 164
1 11 642 842 354
1 12 390 961 687
1 15 679 469 667
1 16 680 785 736
1 17 544 413 486
2 3 77 101 270
2 6 448 791 927
2 8 454 781 836
2 9 843 743 241
2 10 501 887 289
2 11 544 446 135
2 12 222 510 547
2 13 761 866 116
2 14 251 518 210
2 16 693 412 975
2 17 226 754 516
3 4 451 150 651
3 5 87 576 559
3 9 301 954 966
3 12 330 602 189
3 13 187 79 866
3 14 775 747 406
3 15 427 717 796
4 5 479 679 141
4 6 303 56 120
4 10 508 398 906
4 11 914 703 154
4 14 569 982 497
4 15 398 254 986
4 17 493 883 954
5 9 535 306 691
5 11 290 475 169
5 14 886 577 145
5 15 878 972 157
5 16 141 937 352
6 7 771 601 205
6 10 460 846 913
7 10 656 479 357
7 11 103 738 799
7 12 966 297 762
7 17 246 508 415
8 11 667 554 689
8 16 406 207 654
9 10 626 205 823
9 11 977 58 258
9 12 324 644 548
9 13 479 438 605
9 15 506 910 163
9 16 854 376 241
10 11 683 566 376
10 13 92 268 281
10 14 845 839 925
10 16 949 830 443
11 14 261 930 774
11 17 983 490 326
12 15 847 329 946
12 17 312 800 917
13 14 453 204 344
13 17 386 248 900
14 17 437 962 329
15 17 364 313 762
16 17 666 256 379
