18 3
0 4 431 885 143
0 5 703 891 728
0 7 600 419 736
0 11 526 115 625
0 12 788 965 401
1 3 339 651 58
1 5 428 949 795
1 6 580 540 241
1 7 157 923 352
1 11 795 558 127
1 12 192 668 479
1 17 919 959 477
2 4 675 350 732
2 5 261 271 123
2 14 477 570 144
2 15 628 407 851
3 4 520 54 418
3 5 599 947 436
3 7 665 670 521
3 8 461 985 175
3 10 72 268 657
3 11 88 731 58
3 12 766 567 627
3 14 985 423 317
3 15 833 630 864
3 17 532 331 730
4 8 394 265 672
4 9 588 926 244
4 10 910 82 454
4 13 512 68 345
4 15 82 208 374
5 6 160 332 804
5 8 396 379 50
5 10 875 735 472
5 11 419 889 614
6 7 435 535 682
6 9 645 591 322
6 13 715 805 716
7 9 746 842 199
7 10 241 613 512
7 11 762 422 435
7 14 500 420 770
8 9 197 287 811
8 13 434 921 408
8 14 439 615 884
9 10 153 555 367
9 11 283 665 172
9 14 562 726 692
9 15 937 972 636
9 16 654 952 163
9 17 143 496 607
10 11 948 133 717
10 12 862 819 74
10 15 816 420 595
10 16 357 535 837
11 12 812 492 194
11 13 491 104 282
11 15 430 128 363
11 16 560 331 561
12 16 294 779 367
13 14 514 884 789
13 15 210 131 987
13 16 212 56 724
13 17 796 740 764
14 16 104 825 455
14 17 183 595 824
