18 3
0 7 796 765 483
0 11 905 780 473
0 13 391 499 923
0 15 117 647 362
0 16 544 53 850
0 17 759 987 387
1 4 469 487 172
1 7 517 257 50
1 8 752 783 153
1 10 179 868 843
1 11 808 801 841
1 12 183 912 655
1 14 800 175 687
1 15 113 980 822
1 16 170 254 496
1 17 901 791 931
2 6 99 791 542
2 7 667 458 918
2 13 929 252 489
2 14 460 78 520
2 15 281 823 812
3 5 848 577 141
3 7 872 480 497
3 8 879 738 549
3 10 920 985 170
3 11 497 920 306
3 12 314 88 546
3 17 893 896 717
4 6 245 181 571
4 8 758 752 335
4 9 497 123 148
4 10 648 504 513
4 11 355 245 611
4 12 690 135 889
4 13 418 310 70
4 15 157 485 686
5 7 348 967 477
5 10 90 298 59
5 11 979 651 847
5 12 668 524 514
5 13 213 187 481
5 14 679 66 932
5 16 747 209 680
5 17 307 62 423
6 7 893 171 360
6 9 967 619 408
6 10 186 612 493
6 11 642 635 896
6 12 548 408 964
6 14 462 821 813
6 16 393 430 886
6 17 300 456 767
7 10 615 905 601
7 11 75 342 932
7 13 399 185 383
7 16 442 969 210
7 17 759 751 486
8 11 619 217 432
8 14 250 372 874
9 10 690 762 88
9 13 709 80 817
9 14 839 543 764
9 17 491 727 911
10 12 761 122 265
10 14 871 733 210
10 16 738 566 100
11 12 754 177 943
11 13 335 640 375
11 14 613 762 207
11 15 466 140 537
11 17 539 609 766
12 17 506 56 940
13 14 294 669 959
13 15 781 795 503
13 16 63 149 700
14 16 916 243 214
14 17 843 808 736
15 17 939 884 916
16 17 836 256 552
