18 3
0 1 695 271 378
0 2 454 274 880
0 3 975 734 654
0 4 107 925 744
0 7 373 388 886
0 8 998 799 914
0 14 145 850 918
0 17 950 918 94
1 2 72 812 779
1 4 211 749 363
1 5 287 908 872
1 7 299 242 487
1 9 940 689 590
1 17 149 212 986
2 5 656 66 51
2 6 988 736 311
2 7 515 360 151
2 9 905 959 491
2 12 266 599 622
2 14 240 834 603
2 15 998 353 810
2 17 158 858 109
3 7 418 236 411
3 9 62 838 813
3 10 190 56 736
3 11 901 948 474
3 13 378 994 57
4 5 207 425 451
4 7 751 178 507
4 8 273 780 652
4 10 175 865 959
4 11 970 390 818
4 16 753 959 170
4 17 959 839 921
5 6 703 569 956
5 7 456 227 74
5 8 187 259 666
5 9 919 350 727
5 11 168 587 921
5 16 519 273 133
5 17 73 993 283
6 7 912 628 393
6 9 187 363 605
6 13 491 771 223
6 16 742 318 970
7 8 650 645 847
7 13 548 869 470
7 16 828 450 181
7 17 71 324 481
8 9 391 88 804
8 10 764 944 178
8 13 203 280 581
8 14 691 248 530
9 10 495 687 308
9 13 180 304 932
9 15 996 589 232
10 15 167 573 855
11 14 569 220 915
11 15 937 321 537
11 16 414 724 357
11 17 422 80 330
12 16 644 985 239
13 14 857 611 683
13 16 91 584 558
14 15 520 566 150
14 17 796 590 357
15 17 763 157 617
