18 3
0 14 339 290 171
1 7 467 262 223
1 9 268 407 667
1 17 188 827 294
2 7 481 694 978
2 8 485 748 987
2 16 831 995 540
3 10 295 110 724
3 12 100 851 927
3 16 78 69 602
4 6 100 780 724
4 16 719 885 597
5 8 236 331 694
5 10 140 526 65
5 11 232 861 232
5 13 150 706 362
5 14 844 888 295
5 16 132 259 183
6 7 380 297 316
6 11 459 83 788
6 13 271 730 491
7 8 246 764 924
7 12 962 311 533
8 10 828 107 670
8 13 112 807 712
8 16 788 386 452
8 17 629 458 974
9 11 400 413 79
9 15 299 314 290
10 16 524 814 421
10 17 495 838 979
12 14 259 435 637
13 14 203 556 742
13 17 736 643 434
14 17 487 702 590
