18 3
0 2 228 928 305
0 3 784 161 143
0 4 828 124 856
0 5 365 236 571
0 7 292 819 217
0 8 922 754 790
0 9 117 903 131
0 10 698 935 246
0 11 171 261 51
0 12 509 355 176
0 13 220 401 314
0 14 151 873 358
0 15 702 437 222
0 17 420 585 830
1 2 182 943 995
1 6 213 132 615
1 7 282 950 826
1 8 450 462 832
1 9 630 215 633
1 10 704 98 146
1 11 999 368 141
1 13 884 393 974
1 14 82 847 64
1 15 444 519 783
1 17 288 124 427
2 5 817 827 589
2 6 472 64 438
2 7 191 519 88
2 8 741 447 352
2 9 809 680 884
2 10 970 435 934
2 11 923 958 53
2 12 988 112 369
2 13 913 806 465
2 14 238 331 476
2 15 236 65 926
2 16 174 409 277
2 17 793 734 309
3 4 244 998 494
3 5 945 682 846
3 8 800 205 669
3 10 737 258 383
3 12 749 273 363
3 13 835 83 435
3 14 554 904 559
4 6 81 285 850
4 7 684 767 831
4 8 943 934 875
4 10 140 742 208
4 11 976 897 337
4 12 849 837 841
4 13 830 730 142
4 14 116 113 193
4 15 827 870 354
4 16 363 200 102
4 17 993 392 862
5 6 869 67 791
5 7 442 570 922
5 10 309 177 62
5 11 404 886 374
5 12 439 915 188
5 13 812 660 447
5 14 201 718 450
5 16 974 142 775
6 8 269 812 370
6 9 729 791 367
6 10 904 109 677
6 12 833 230 955
6 13 213 884 446
6 14 182 238 900
6 15 923 898 855
6 16 624 703 451
6 17 808 843 734
7 8 950 884 523
7 9 197 125 911
7 10 562 223 612
7 11 323 587 803
7 12 128 359 380
7 13 586 847 417
7 15 708 303 583
7 16 882 591 173
7 17 381 533 306
8 9 142 526 880
8 10 763 682 913
8 11 705 71 60
8 13 183 186 283
8 15 283 106 862
8 16 343 55 998
8 17 239 124 974
9 12 406 178 55
9 13 250 174 664
9 15 999 739 477
9 16 316 287 812
9 17 563 185 483
10 11 119 986 485
10 12 534 67 365
10 14 448 170 322
10 15 574 405 583
10 16 835 791 710
10 17 985 657 710
11 13 704 639 571
11 14 646 899 869
11 15 309 80 157
11 16 400 832 943
11 17 432 969 909
12 13 115 153 787
12 14 520 383 247
12 15 450 435 84
12 16 91 764 85
12 17 978 754 595
13 14 244 749 766
13 15 699 461 457
13 17 92 944 412
14 15 840 745 457
14 16 958 882 864
14 17 768 677 143
15 16 482 823 145
16 17 501 607 392
