18 3
0 1 480 215 315
0 3 295 776 979
0 8 986 270 213
0 9 632 383 84
0 10 389 413 873
0 11 58 277 969
0 12 932 84 775
0 14 904 788 767
0 15 485 945 449
0 17 474 299 844
1 2 225 280 329
1 4 971 801 571
1 5 917 738 943
1 6 792 148 858
1 7 629 914 238
1 9 524 657 616
1 10 483 669 528
1 11 960 706 383
1 13 313 680 376
1 14 912 337 637
1 15 663 760 505
1 16 343 935 300
1 17 445 899 615
2 3 348 863 236
2 5 106 610 337
2 6 120 445 233
2 7 835 351 287
2 8 464 748 87
2 9 926 382 955
2 10 844 171 971
2 11 629 910 402
2 15 368 231 655
2 17 64 500 343
3 4 865 959 868
3 6 682 434 281
3 7 235 241 640
3 8 954 144 836
3 9 711 296 155
3 10 564 572 532
3 11 683 422 935
3 13 766 317 624
3 14 722 525 977
3 15 146 534 76
3 16 90 767 84
3 17 957 467 990
4 5 582 265 573
4 7 964 640 600
4 8 341 730 723
4 9 938 793 735
4 10 942 158 327
4 12 205 158 427
4 13 768 570 147
4 14 332 466 547
4 16 282 153 344
5 6 396 983 462
5 7 267 994 910
5 8 238 639 300
5 9 187 258 68
5 10 168 303 761
5 11 119 84 776
5 12 713 447 885
5 13 699 486 599
5 14 783 689 784
5 15 817 522 80
5 16 538 472 164
5 17 891 681 684
6 7 477 720 680
6 8 152 585 416
6 9 919 256 735
6 11 82 51 794
6 12 541 224 977
6 13 463 529 356
6 15 94 457 426
6 16 111 987 813
6 17 981 147 747
7 8 578 906 386
7 9 962 786 599
7 11 936 519 871
7 14 436 981 555
7 15 200 839 367
7 16 96 976 483
8 9 265 78 749
8 10 758 881 511
8 11 775 739 731
8 12 600 787 862
8 14 874 687 834
8 15 712 66 655
8 16 433 308 533
8 17 362 760 209
9 10 389 226 236
9 11 846 733 145
9 12 423 964 752
9 13 95 530 50
9 14 601 574 341
9 15 782 609 167
9 16 530 620 331
9 17 316 263 139
10 11 798 878 115
10 12 557 249 763
10 13 339 596 302
10 15 705 360 398
10 16 134 916 269
10 17 750 768 698
11 13 244 421 565
11 14 361 278 659
11 15 861 809 437
11 16 826 233 854
11 17 500 676 740
12 14 709 836 722
12 16 122 594 995
13 14 377 773 363
13 17 735 598 921
14 15 687 121 78
14 17 531 452 303
15 16 489 196 271
15 17 727 394 566
16 17 379 717 812
