18 3
0 1 427 905 970
0 3 628 132 419
0 4 309 567 262
0 5 944 205 407
0 7 679 423 282
0 8 228 983 880
0 9 991 219 389
0 11 120 645 354
0 12 564 196 239
0 13 93 335 650
0 14 540 839 289
0 15 211 866 715
0 17 330 867 246
1 3 352 376 639
1 4 853 518 712
1 9 918 874 937
1 10 965 793 952
1 11 966 101 442
1 12 378 611 873
1 15 74 799 182
1 16 754 437 432
1 17 902 582 66
2 4 262 564 658
2 5 786 472 427
2 6 430 396 921
2 12 954 258 621
2 15 391 541 376
2 16 570 981 985
2 17 344 712 195
3 4 692 868 546
3 5 755 600 163
3 6 588 666 888
3 7 127 424 170
3 8 944 174 810
3 9 575 215 385
3 12 414 269 154
3 13 522 805 687
3 15 167 472 336
3 16 922 437 141
4 5 521 583 311
4 6 588 921 447
4 8 410 679 660
4 9 285 728 930
4 11 621 650 515
4 12 998 934 620
4 13 365 450 282
4 14 789 685 226
4 16 926 685 877
5 6 288 292 773
5 7 725 902 415
5 8 106 762 233
5 10 636 358 593
5 11 163 113 609
5 12 656 347 351
5 13 170 89 524
5 14 168 885 808
5 15 897 564 150
5 16 287 413 367
5 17 430 239 349
6 7 444 403 879
6 11 337 950 455
6 12 231 583 289
6 13 623 238 407
6 15 368 837 485
6 16 517 682 603
7 8 864 270 308
7 10 92 170 731
7 11 829 141 58
7 12 782 662 256
7 13 616 873 851
7 15 749 356 179
8 10 799 574 305
8 11 414 406 913
8 14 814 589 432
8 15 822 838 903
8 16 826 106 334
8 17 97 575 365
9 11 811 50 475
9 12 894 311 362
9 13 325 664 900
9 14 55 266 770
9 17 677 474 463
10 11 401 121 873
10 12 354 895 909
10 13 354 959 241
10 14 193 763 257
10 15 496 385 207
10 17 356 639 572
11 12 324 81 55
11 13 969 132 433
11 14 445 261 900
11 17 101 384 61
12 13 172 401 575
13 15 598 185 623
13 16 556 811 674
13 17 312 96 789
14 15 940 786 354
14 17 404 705 449
15 17 473 826 337
