18 3
0 1 314 876 413
0 2 535 596 574
0 4 319 387 73
0 6 950 534 823
0 8 296 158 434
0 12 546 483 427
0 17 941 140 843
1 3 364 864 451
1 5 787 836 407
1 7 533 310 926
1 8 930 978 528
1 10 178 146 596
1 15 231 952 823
2 3 825 616 68
2 4 439 945 460
2 6 779 248 186
2 7 811 51 562
2 8 494 559 813
2 10 107 387 177
2 11 215 493 915
2 16 608 177 426
3 4 90 654 972
3 6 791 762 626
3 7 410 570 94
3 8 262 509 797
3 9 371 835 421
3 16 752 957 689
3 17 231 59 655
4 6 450 696 857
4 11 866 122 664
4 12 326 854 419
4 14 956 156 544
4 15 213 243 906
4 16 697 356 815
5 8 953 441 529
5 10 506 572 811
5 13 150 587 796
5 14 858 419 142
5 17 699 353 988
6 8 415 521 270
6 9 347 981 434
6 11 538 284 529
6 12 809 871 130
6 15 733 941 416
6 16 583 217 799
6 17 369 970 790
7 8 765 552 153
7 10 972 549 959
7 11 903 467 350
7 12 744 517 50
7 13 725 650 612
7 16 76 86 534
8 9 964 336 809
8 10 988 774 131
8 11 316 378 984
8 13 227 275 285
9 11 166 591 244
9 12 742 872 319
9 13 709 797 303
9 14 157 674 800
9 15 176 661 549
9 16 799 326 102
9 17 442 482 929
10 12 414 934 885
10 14 285 588 188
10 15 726 559 286
10 16 384 123 655
10 17 436 582 654
11 13 803 661 415
11 15 869 464 289
11 16 481 329 478
12 15 545 736 864
12 17 294 946 665
14 17 791 643 338
15 17 899 237 314
16 17 609 270 686
