18 3
0 3 799 391 769
0 4 285 908 489
0 5 445 96 443
0 7 712 264 89
0 8 263 866 319
0 9 192 411 963
0 11 774 591 295
0 12 642 465 279
0 13 226 947 913
0 14 408 832 313
0 15 271 845 119
0 16 650 621 786
0 17 626 327 957
1 3 746 69 680
1 4 828 342 486
1 10 158 646 929
1 11 282 404 915
1 12 361 936 234
1 13 532 78 252
1 14 226 129 390
1 16 349 466 392
1 17 98 589 950
2 4 414 309 528
2 7 689 439 342
2 9 172 736 444
2 10 904 303 584
2 12 487 732 777
2 13 209 173 526
2 14 917 206 854
2 16 358 107 100
3 4 761 237 687
3 5 310 387 226
3 6 922 366 375
3 7 180 631 320
3 8 304 145 284
3 10 225 355 799
3 12 482 973 524
3 13 102 999 505
3 14 445 465 338
3 15 549 667 279
3 16 318 942 355
3 17 410 138 697
4 6 362 739 402
4 7 74 542 608
4 8 284 532 362
4 12 688 635 842
4 13 154 292 949
4 14 189 495 529
4 15 135 934 323
4 17 571 146 786
5 6 348 273 122
5 7 135 560 816
5 9 601 313 114
5 10 368 388 173
5 12 533 564 181
5 13 525 461 107
5 14 772 196 473
5 15 99 521 857
5 17 465 359 814
6 7 840 710 214
6 8 613 792 124
6 9 815 897 792
6 11 945 695 244
6 12 336 693 504
6 13 493 344 369
6 14 211 300 306
6 15 309 955 374
6 16 50 63 368
6 17 502 759 275
7 10 758 751 518
7 11 885 454 211
7 12 461 455 663
7 14 53 819 434
7 16 426 762 523
7 17 674 289 415
8 9 364 208 910
8 10 277 603 445
8 11 517 543 667
8 12 476 861 487
8 13 851 684 836
9 10 622 916 660
9 11 206 652 292
9 12 544 209 362
9 13 391 297 103
9 15 332 164 528
9 16 73 544 411
9 17 645 745 161
10 11 905 337 789
10 12 598 159 720
10 13 966 404 519
10 14 382 497 422
10 16 280 823 254
10 17 514 843 439
11 12 166 731 354
11 13 940 436 768
11 14 795 707 266
11 15 731 524 539
11 16 633 400 798
11 17 945 411 968
12 13 269 764 179
12 15 465 127 182
12 16 532 222 897
12 17 656 544 253
13 14 718 219 810
13 15 988 903 708
13 16 454 54 788
13 17 86 970 899
14 15 733 860 900
14 16 424 465 951
15 16 277 169 918
15 17 634 266 640
16 17 699 374 919
