18 3
0 1 475 602 704
0 2 374 450 498
0 3 954 497 560
0 4 69 696 104
0 7 670 657 383
0 8 807 513 276
0 9 734 840 545
0 10 144 869 978
0 11 676 663 264
0 12 177 247 389
0 13 761 379 490
0 14 218 179 684
0 15 324 192 197
0 16 637 497 292
0 17 940 715 794
1 3 208 431 519
1 4 166 872 852
1 5 573 151 495
1 6 484 948 344
1 7 916 529 993
1 8 482 978 886
1 13 348 738 560
1 14 808 986 956
1 15 233 884 147
1 16 668 928 499
1 17 304 325 977
2 3 625 836 472
2 4 808 473 571
2 5 520 481 951
2 6 278 246 924
2 7 802 575 266
2 8 92 574 962
2 9 781 318 962
2 10 477 176 116
2 11 453 952 925
2 12 593 71 503
2 13 967 131 188
2 14 336 517 637
2 15 473 506 919
2 16 679 174 967
3 4 729 532 100
3 6 784 400 486
3 7 945 163 370
3 8 559 944 115
3 9 768 424 280
3 10 690 769 131
3 11 205 824 128
3 12 689 878 639
3 13 254 709 473
3 14 712 975 335
3 15 779 134 836
3 16 771 819 959
3 17 863 838 723
4 5 156 608 752
4 6 465 469 663
4 7 491 96 243
4 8 642 756 306
4 9 116 572 489
4 10 815 168 752
4 11 712 224 121
4 12 873 459 448
4 13 411 627 912
4 14 415 125 756
4 15 165 716 975
4 16 703 490 961
4 17 394 419 111
5 7 502 194 82
5 9 519 676 381
5 10 966 202 480
5 11 507 258 391
5 13 711 658 75
5 15 547 944 951
5 16 868 986 723
5 17 795 167 481
6 8 423 420 724
6 9 665 462 964
6 10 779 677 667
6 12 650 920 395
6 13 73 242 228
6 14 708 903 607
6 15 334 288 720
6 16 566 937 624
6 17 728 638 837
7 8 784 839 889
7 9 53 194 745
7 10 312 425 750
7 12 969 53 525
7 13 94 490 68
7 14 59 560 606
7 15 727 467 512
7 16 843 502 105
8 9 811 278 691
8 10 461 336 306
8 11 557 82 791
8 12 66 887 768
8 13 658 692 420
8 15 158 714 903
8 16 182 489 397
8 17 944 839 941
9 10 349 134 685
9 11 419 139 452
9 12 146 795 80
9 13 597 103 886
9 14 541 666 475
9 16 510 935 886
9 17 861 320 249
10 11 646 127 239
10 12 631 997 720
10 13 660 120 552
10 14 869 602 179
10 15 491 568 969
10 16 210 650 536
11 12 437 314 308
11 14 804 123 162
11 15 835 738 488
11 16 331 400 891
11 17 182 130 181
12 16 779 645 390
13 15 830 652 728
13 16 136 57 98
13 17 767 476 621
14 15 268 901 504
14 16 929 965 539
14 17 843 528 130
15 16 883 283 212
15 17 275 537 648
