18 3
0 2 780 318 94
0 5 660 681 259
0 6 307 770 52
0 8 420 947 588
0 11 247 546 567
0 13 815 224 450
0 15 461 505 245
0 17 839 920 153
1 2 551 338 583
1 3 981 325 55
1 6 66 576 751
1 9 152 879 449
1 10 187 825 980
1 13 334 848 212
2 3 246 823 460
2 9 254 941 120
2 10 291 86 104
2 14 839 498 582
2 16 246 676 933
3 5 879 813 58
3 14 749 337 512
4 5 435 922 893
4 6 360 734 536
4 7 354 838 426
4 8 110 215 90
4 14 160 70 808
4 17 164 100 714
5 7 172 993 705
5 8 895 617 924
5 9 186 757 722
5 11 952 486 413
5 14 635 201 267
5 17 671 995 494
6 7 930 432 572
6 15 750 256 240
6 16 504 760 431
7 8 947 695 67
7 9 941 191 144
7 13 86 932 783
7 16 662 806 203
8 12 963 748 982
8 16 125 315 362
9 12 495 190 155
10 11 558 378 491
10 13 148 489 374
10 17 688 399 444
11 15 957 74 115
12 14 105 207 355
13 14 945 489 681
13 15 679 477 782
14 16 592 386 694
