18 3
0 4 384 323 957
0 11 229 954 920
0 12 905 387 349
0 14 834 58 566
1 3 353 822 972
1 4 246 379 342
1 6 91 950 461
1 8 260 860 388
1 9 726 411 606
1 11 832 53 954
1 12 817 340 819
1 13 595 747 802
1 17 192 845 826
2 6 59 652 361
2 7 672 642 614
2 8 271 740 281
2 10 973 849 683
2 11 525 109 537
2 13 721 123 148
2 14 329 335 88
2 15 382 676 480
2 16 62 251 341
2 17 166 928 934
3 4 346 260 212
3 5 57 919 364
3 8 881 106 124
3 10 487 872 868
3 12 787 321 818
3 13 962 457 998
3 14 911 800 527
3 17 788 828 703
4 6 732 904 862
4 7 633 219 775
4 8 138 266 62
4 10 175 576 685
4 13 158 914 455
4 14 305 743 913
4 15 387 247 690
4 17 668 389 371
5 6 310 252 604
5 7 983 809 342
5 8 186 239 827
5 11 633 662 981
5 13 145 681 258
5 15 217 609 403
5 16 183 207 601
5 17 221 589 388
6 8 52 751 742
6 9 438 62 992
6 10 489 561 985
6 11 434 170 690
6 12 413 755 436
6 14 432 81 748
6 16 753 163 665
7 9 859 223 149
7 11 882 409 477
7 12 276 254 679
7 13 758 659 88
7 14 544 687 198
7 15 442 121 955
7 16 348 539 349
8 10 155 492 820
8 13 663 494 661
8 15 864 336 429
8 17 575 510 559
9 13 647 216 731
9 15 312 821 390
9 16 749 869 710
10 11 502 863 351
10 14 488 336 210
10 15 260 509 265
10 16 936 817 173
10 17 657 907 700
11 12 122 458 773
11 13 772 551 587
11 16 240 51 810
12 13 501 325 292
12 14 807 88 593
12 15 520 205 851
13 15 479 882 444
13 16 835 605 390
14 17 112 756 307
15 17 762 909 656
16 17 194 800 147
