18 3
0 1 176 674 160
0 2 585 875 495
0 3 169 757 841
0 5 945 416 736
0 6 858 344 787
0 8 366 682 556
0 9 712 276 323
0 10 950 561 485
0 11 749 754 891
0 12 639 787 491
0 13 489 751 444
0 14 438 775 679
0 15 942 304 512
0 16 671 557 721
0 17 953 449 554
1 2 786 377 192
1 3 904 906 612
1 5 79 444 557
1 6 356 814 290
1 8 442 234 410
1 10 796 761 418
1 11 219 727 426
1 14 668 722 489
1 15 277 299 328
1 16 365 321 661
1 17 642 128 516
2 4 216 650 772
2 5 65 219 393
2 6 553 770 636
2 7 640 836 596
2 8 71 256 312
2 11 301 931 846
2 12 104 606 376
2 13 473 788 614
2 14 349 127 352
2 15 664 278 991
2 17 501 397 268
3 5 751 756 947
3 6 656 353 720
3 9 638 679 735
3 10 225 499 798
3 14 824 78 590
3 15 955 95 768
3 16 621 255 617
4 5 749 806 990
4 6 305 817 654
4 7 326 910 676
4 8 329 555 864
4 9 736 255 204
4 10 407 188 921
4 12 692 451 892
4 13 714 475 701
4 14 405 791 818
4 15 596 573 279
4 16 622 211 738
4 17 451 935 190
5 6 873 174 668
5 9 840 980 497
5 10 984 941 710
5 11 533 516 364
5 12 823 544 176
5 14 377 438 260
5 15 414 316 799
5 16 839 522 218
5 17 826 443 687
6 7 548 317 73
6 8 743 207 619
6 10 420 388 968
6 11 710 989 721
6 13 839 450 51
6 14 723 598 657
6 16 942 741 106
6 17 787 583 662
7 8 392 192 309
7 12 328 56 495
7 14 879 812 62
7 15 575 596 623
7 17 830 117 775
8 9 352 574 689
8 10 82 380 951
8 12 487 489 256
8 13 840 572 837
8 14 119 668 85
8 15 889 561 610
8 17 551 264 564
9 11 878 538 697
9 12 360 794 377
9 13 177 105 654
9 14 72 388 842
9 15 900 564 997
9 16 539 337 913
9 17 270 625 547
10 11 670 568 74
10 12 942 939 415
10 13 154 346 479
10 14 748 481 502
10 15 742 708 143
10 17 173 819 720
11 12 770 218 742
11 13 192 598 529
11 14 135 591 942
11 16 201 548 363
12 13 264 359 52
12 16 353 423 716
12 17 224 947 703
13 14 557 881 345
13 15 773 644 963
13 16 519 120 129
13 17 580 535 807
14 15 634 295 830
14 16 468 612 344
15 16 454 701 387
15 17 877 528 457
16 17 554 725 555
