18 3
0 1 871 238 257
0 2 93 979 841
0 3 242 563 649
0 4 949 152 654
0 5 824 372 623
0 6 351 893 935
0 8 181 207 740
0 9 498 869 796
0 11 520 271 977
0 12 659 242 277
0 13 564 211 537
0 15 175 944 717
0 16 878 984 880
1 2 464 938 992
1 3 847 965 584
1 5 119 132 709
1 6 545 207 452
1 7 337 614 743
1 8 66 769 956
1 9 653 825 895
1 10 975 332 518
1 11 900 422 625
1 13 133 233 668
1 14 924 78 334
1 15 237 93 162
1 17 905 94 555
2 3 119 845 148
2 4 333 345 316
2 5 446 137 485
2 6 788 427 703
2 8 304 154 843
2 9 439 691 734
2 10 785 859 833
2 11 82 451 828
2 12 157 853 148
2 14 86 720 469
2 15 807 363 943
2 16 247 480 550
3 4 944 681 493
3 5 457 324 310
3 6 331 178 598
3 8 255 433 145
3 9 109 650 995
3 10 159 496 975
3 12 236 435 620
3 13 662 553 480
3 14 169 582 282
3 16 653 988 323
3 17 814 612 491
4 5 200 320 513
4 6 210 418 737
4 8 445 69 883
4 9 514 914 429
4 10 184 585 832
4 11 127 109 408
4 12 497 518 238
4 13 529 977 724
4 14 944 743 632
4 15 557 152 362
4 17 316 706 496
5 6 917 876 147
5 7 992 728 849
5 8 164 176 839
5 9 192 763 210
5 11 257 760 754
5 12 279 770 917
5 13 230 846 933
5 14 592 493 369
5 15 153 54 821
5 16 159 891 94
5 17 200 57 683
6 7 332 190 184
6 8 444 617 175
6 9 926 686 207
6 11 667 454 672
6 12 164 623 579
6 13 992 155 918
6 15 544 883 444
6 16 459 596 355
6 17 147 64 579
7 8 383 681 991
7 9 495 180 801
7 10 687 728 628
7 11 352 440 721
7 12 380 865 432
7 13 299 73 789
7 14 620 417 146
7 15 281 251 224
7 16 290 148 732
7 17 940 204 358
8 9 381 178 539
8 10 189 365 544
8 11 618 128 509
8 12 977 999 714
8 13 450 353 870
8 14 367 105 426
8 15 870 773 688
8 16 386 72 586
8 17 201 193 341
9 11 820 214 414
9 12 244 881 242
9 13 630 218 786
9 16 613 406 285
9 17 998 368 476
10 11 188 539 916
10 12 172 128 342
10 13 480 285 81
10 14 998 567 514
10 15 289 869 643
10 16 654 869 988
10 17 850 908 648
11 12 173 436 483
11 13 320 95 712
11 15 992 86 688
12 13 796 527 768
12 14 870 103 81
12 15 399 82 593
12 16 629 158 966
12 17 698 678 720
13 15 275 978 819
13 17 474 653 643
14 17 353 505 153
15 16 385 938 360
16 17 220 902 87
