18 3
0 1 65 591 749
0 2 330 966 169
0 3 281 752 361
0 4 833 682 356
0 5 941 103 906
0 7 368 766 863
0 9 842 276 215
0 11 623 520 402
0 12 818 373 513
0 13 142 138 545
0 15 191 127 293
0 17 304 78 185
1 3 687 900 823
1 4 800 590 616
1 5 346 376 548
1 7 855 771 700
1 11 900 730 821
1 12 701 366 422
1 15 164 854 417
1 17 286 526 744
2 4 95 503 927
2 5 823 735 695
2 6 203 260 726
2 7 134 626 570
2 8 823 197 618
2 10 819 318 671
2 14 193 404 957
2 16 283 828 350
2 17 580 318 750
3 8 273 797 228
3 11 372 281 706
3 12 538 261 717
3 14 742 709 760
3 15 101 716 756
3 16 566 825 521
4 7 668 69 868
4 8 716 731 965
4 11 195 394 496
4 13 298 139 659
4 15 461 100 194
4 16 739 114 990
4 17 855 494 475
5 6 339 509 421
5 7 836 432 731
5 9 918 663 418
5 10 979 111 563
5 12 884 296 982
5 13 512 761 730
5 14 539 85 906
5 15 860 487 105
5 16 660 926 129
5 17 232 134 799
6 7 828 381 928
7 8 199 784 821
7 9 335 135 457
7 12 98 749 169
7 13 923 420 340
7 14 201 989 679
7 15 59 227 137
8 10 162 75 61
8 15 182 707 998
9 10 312 441 371
9 11 94 794 285
9 16 595 243 717
10 13 52 134 934
10 14 989 689 296
10 15 458 471 203
10 17 175 482 440
11 13 184 68 797
11 15 211 492 179
12 14 418 720 359
12 17 585 675 163
13 14 720 586 316
13 16 897 449 197
14 15 949 622 478
15 16 341 998 680
