18 3
0 8 65 354 540
0 10 311 647 447
0 14 340 520 987
0 17 522 327 959
1 2 944 418 518
1 13 615 357 310
2 4 677 376 232
2 10 706 467 926
2 11 874 215 950
2 14 606 101 259
2 17 666 403 86
3 9 539 118 437
3 13 161 271 617
3 15 569 202 727
3 17 366 844 780
4 6 793 844 446
4 8 64 906 861
4 12 967 370 81
4 15 418 110 882
5 8 966 991 910
5 9 378 251 264
5 11 623 551 513
5 14 335 887 846
6 10 664 798 684
7 11 197 825 732
7 12 890 672 920
8 9 195 540 193
8 12 660 698 923
8 13 913 109 255
9 10 270 379 982
9 16 850 285 179
9 17 781 845 127
10 12 574 270 895
11 14 634 421 878
11 16 695 998 290
11 17 939 750 462
12 13 583 82 100
12 16 985 621 483
12 17 244 346 898
15 17 945 918 196
