18 3
0 3 647 933 165
0 4 332 212 232
0 7 700 398 251
0 10 524 173 889
0 13 205 357 910
0 14 196 923 952
0 15 868 101 285
0 16 607 580 939
0 17 66 607 349
1 2 743 103 436
1 5 229 251 665
1 6 66 677 87
1 7 110 646 439
1 8 314 615 201
1 10 701 782 627
1 12 413 409 321
1 14 88 219 905
1 15 623 205 810
1 16 398 937 115
2 4 100 429 689
2 5 312 724 604
2 6 838 607 936
2 9 865 248 73
2 10 604 864 863
2 11 882 146 551
2 14 889 483 772
2 15 91 678 980
3 5 685 200 934
3 11 74 875 191
3 12 601 652 874
3 13 864 421 886
3 14 794 570 452
3 15 79 310 623
4 6 682 539 962
4 7 808 557 981
4 10 986 918 264
4 11 734 753 124
4 13 741 306 964
4 16 474 689 324
5 7 542 911 767
5 8 508 997 686
5 9 408 582 305
5 10 763 103 422
5 11 568 629 862
5 13 882 397 206
5 14 119 250 701
5 15 670 660 782
5 16 498 458 497
6 10 706 139 993
6 11 999 324 861
6 12 358 218 827
6 13 299 577 580
7 8 246 84 755
7 10 140 360 717
7 13 640 942 487
7 15 194 399 763
7 17 672 75 467
8 10 405 750 980
8 11 206 297 961
8 13 234 663 247
8 15 504 612 919
8 17 650 500 605
9 10 141 481 604
9 11 640 137 397
9 15 74 128 416
9 16 699 360 91
9 17 87 280 130
10 11 731 567 662
10 12 567 333 412
10 16 911 794 589
11 14 306 665 136
11 16 180 61 646
11 17 865 147 516
12 13 811 876 733
12 16 51 668 362
13 15 802 232 626
13 16 740 735 230
14 16 804 629 373
14 17 50 424 222
15 16 832 416 808
16 17 730 515 843
