18 3
0 1 444 467 708
0 2 272 260 725
0 3 344 844 688
0 6 707 155 588
0 8 555 140 737
0 9 341 613 602
0 10 272 625 138
0 12 871 383 524
0 13 734 232 904
0 14 496 81 763
0 15 61 337 82
0 16 637 857 586
1 2 930 511 410
1 3 109 998 572
1 4 318 414 164
1 5 375 304 610
1 6 98 457 679
1 7 389 344 224
1 8 281 290 679
1 10 78 418 656
1 11 482 953 496
1 12 267 130 622
1 13 503 854 584
1 14 997 333 847
1 15 912 906 582
1 16 520 783 891
1 17 528 299 929
2 3 537 203 588
2 4 437 83 325
2 7 70 988 808
2 9 288 736 645
2 10 72 888 914
2 11 215 996 68
2 12 943 391 485
2 13 442 424 231
2 14 175 600 605
2 15 293 576 796
2 16 602 427 798
3 4 162 810 134
3 7 62 367 880
3 9 838 469 422
3 10 995 822 817
3 11 578 659 156
3 12 88 600 946
3 13 320 175 942
3 14 842 966 849
3 15 220 879 994
3 16 389 385 910
3 17 754 687 309
4 5 474 517 221
4 6 136 124 578
4 7 84 170 333
4 10 853 423 375
4 12 253 173 760
4 13 712 365 418
4 14 992 754 163
4 15 726 493 218
4 16 743 721 843
4 17 51 602 543
5 7 478 519 158
5 8 683 175 495
5 9 688 317 299
5 10 167 428 805
5 12 52 170 957
5 13 906 478 655
5 14 332 882 592
5 15 104 642 820
5 16 206 218 205
6 7 412 350 687
6 8 442 607 518
6 9 150 994 190
6 11 622 909 505
6 13 816 570 467
6 14 220 253 542
6 15 786 437 858
6 17 611 499 153
7 8 633 255 135
7 9 306 212 572
7 10 223 805 251
7 11 814 595 611
7 12 932 735 831
7 13 273 260 385
7 15 662 974 957
7 16 624 141 923
8 10 966 227 471
8 11 934 972 291
8 13 995 227 827
8 14 530 637 913
8 15 816 87 92
8 16 957 402 979
9 12 634 322 660
9 13 402 705 93
9 14 528 547 888
9 15 838 750 905
9 16 551 845 276
9 17 817 347 79
10 11 303 874 918
10 12 368 285 69
10 13 424 297 456
10 14 485 242 857
10 15 822 248 551
10 16 417 443 900
10 17 96 204 510
11 12 820 740 226
11 16 926 84 202
11 17 184 878 511
12 13 229 292 325
12 14 147 995 613
12 15 785 675 504
12 16 761 975 355
12 17 133 817 311
13 15 906 170 440
13 17 803 82 231
14 15 345 554 239
14 17 253 946 422
15 16 372 917 951
16 17 651 740 525
