18 3
0 1 989 772 600
0 9 724 383 986
1 2 953 263 207
1 3 437 774 194
1 4 794 523 359
1 6 225 65 67
1 7 83 96 564
2 8 438 739 84
2 9 114 667 95
2 15 369 869 909
3 7 311 886 223
3 13 458 138 573
3 16 396 165 214
4 5 317 259 577
4 12 916 154 354
4 17 77 854 170
5 8 241 906 186
5 9 546 236 359
5 10 531 945 73
5 15 350 829 331
6 11 729 885 950
7 15 548 681 615
8 12 109 213 681
9 17 190 677 710
10 16 479 881 944
11 15 509 129 935
11 17 816 922 890
14 16 210 946 847
15 17 761 239 268
16 17 301 163 473
