18 3
0 1 465 399 890
0 2 679 781 652
0 3 51 874 915
0 4 317 369 689
0 5 648 183 746
0 7 493 839 925
0 8 132 251 443
0 9 831 904 789
0 12 764 355 833
0 13 818 582 143
0 16 239 53 759
0 17 243 985 839
1 2 535 493 350
1 5 450 128 632
1 6 204 582 719
1 10 479 404 793
1 13 71 111 314
2 3 162 630 322
2 4 732 970 658
2 16 572 756 527
3 4 319 145 161
3 5 760 588 114
3 6 554 487 491
3 7 592 344 604
3 8 190 407 419
3 9 669 936 494
3 12 531 55 162
3 13 194 259 903
3 16 135 474 73
4 5 485 342 703
4 6 861 496 553
4 7 761 490 959
4 14 673 347 748
4 17 875 401 681
5 7 457 925 264
5 8 170 510 226
5 10 757 227 882
5 13 923 237 990
5 14 672 85 219
5 15 760 595 515
6 7 352 349 719
6 8 177 124 441
6 11 339 415 262
6 12 986 841 109
6 14 832 266 803
6 15 502 819 296
6 16 478 620 705
6 17 669 565 587
7 9 923 475 489
7 10 301 520 127
7 12 878 460 377
7 13 646 330 268
7 14 54 388 439
7 15 491 780 748
7 16 816 240 416
8 9 765 484 793
8 11 693 98 139
8 13 789 751 357
9 11 693 378 57
9 12 781 756 308
9 13 391 607 687
9 15 652 805 823
10 13 602 700 515
11 12 713 648 148
11 13 223 765 383
12 15 220 166 472
12 16 858 686 708
13 14 505 945 956
13 15 855 769 363
13 16 365 923 343
13 17 324 683 281
14 16 995 353 211
15 16 727 495 53
15 17 596 307 757
16 17 928 641 542
