18 3
0 1 640 522 615
0 3 988 109 221
0 4 607 154 884
0 6 764 973 739
0 7 473 371 807
0 8 791 689 569
0 9 886 51 891
0 11 251 414 804
0 15 570 523 69
1 2 863 76 159
1 4 258 92 893
1 6 149 549 980
1 7 557 613 837
1 10 699 564 915
1 11 845 957 482
1 13 564 390 511
1 14 749 665 877
1 15 81 948 233
1 16 234 779 405
1 17 528 670 500
2 5 737 931 302
2 6 652 795 722
2 8 73 778 359
2 10 807 573 949
2 12 761 413 864
3 4 329 107 829
3 9 771 839 985
3 13 890 906 216
3 14 940 289 686
3 16 80 221 945
4 6 359 534 539
4 7 523 278 488
4 11 845 306 926
4 14 107 857 893
4 16 255 447 976
4 17 888 430 760
5 7 700 971 356
5 10 831 866 395
5 12 432 74 73
5 13 297 645 743
5 14 958 169 60
5 15 448 839 59
5 16 631 424 407
5 17 819 804 302
6 7 136 301 505
6 11 818 415 470
6 16 847 354 932
6 17 91 918 904
7 8 857 600 764
7 9 428 209 827
7 10 685 545 346
7 11 523 704 237
7 12 522 744 827
7 14 502 475 974
7 16 701 921 57
7 17 924 951 158
8 9 478 916 436
8 10 620 114 421
8 11 927 983 297
8 13 192 638 672
8 14 756 120 343
8 16 498 185 643
9 11 546 159 775
9 13 441 659 608
9 15 341 669 256
9 16 711 742 731
9 17 823 664 929
10 11 383 999 144
10 15 134 566 555
10 16 610 931 804
11 13 435 468 966
11 14 438 658 677
11 17 719 667 340
12 14 290 712 768
13 14 297 577 424
13 17 857 488 433
14 16 116 898 438
14 17 864 477 793
15 17 380 348 393
16 17 655 67 545
