18 3
0 1 994 254 68
0 2 517 462 743
0 3 381 817 582
0 4 572 249 356
0 5 270 807 451
0 6 414 273 799
0 7 465 669 302
0 8 91 732 306
0 9 708 719 826
0 10 813 89 709
0 11 400 563 96
0 13 788 326 646
0 14 618 402 694
0 15 785 590 381
0 16 585 593 741
0 17 960 124 827
1 2 969 954 282
1 3 772 886 777
1 4 317 121 141
1 6 311 783 262
1 8 329 265 169
1 9 448 965 743
1 12 568 236 110
1 13 467 115 658
1 14 553 160 472
1 16 886 974 120
1 17 745 490 829
2 3 743 566 581
2 4 821 986 368
2 5 626 763 211
2 6 369 406 989
2 7 643 629 598
2 8 369 380 421
2 9 280 585 217
2 12 236 118 987
2 13 164 433 474
2 14 270 730 328
2 15 892 590 793
2 16 390 430 927
3 4 911 729 877
3 5 517 337 699
3 6 876 303 739
3 7 901 347 426
3 9 807 935 314
3 10 767 349 713
3 11 658 298 97
3 12 561 225 911
3 13 926 74 857
3 14 366 75 880
3 15 543 578 709
3 17 99 264 579
4 7 495 953 458
4 8 378 99 373
4 9 105 739 724
4 10 280 140 406
4 11 345 856 959
4 12 518 504 914
4 13 375 274 902
4 14 313 75 230
4 15 299 562 781
4 16 867 555 971
4 17 456 84 215
5 6 128 425 419
5 7 470 731 483
5 8 939 710 498
5 9 369 409 663
5 11 399 372 170
5 12 886 238 267
5 13 347 317 974
5 14 757 972 705
5 15 819 588 169
6 7 962 995 981
6 9 972 410 310
6 12 527 192 589
6 14 428 552 615
6 15 394 990 635
6 16 333 981 342
6 17 427 51 298
7 8 237 223 726
7 9 982 760 220
7 10 710 757 206
7 11 611 85 990
7 13 495 838 553
7 14 668 245 406
7 16 716 742 748
7 17 831 725 92
8 9 265 853 197
8 14 794 734 641
8 15 341 805 851
8 16 711 200 971
8 17 992 942 212
9 10 879 543 473
9 11 885 600 569
9 13 595 240 342
9 14 915 427 517
9 15 286 403 186
9 16 986 252 522
9 17 132 899 730
10 11 734 869 881
10 12 162 500 57
10 13 399 85 257
10 14 730 923 753
10 16 130 107 296
10 17 242 436 895
11 12 416 772 303
11 13 766 621 515
11 14 226 244 873
11 15 701 197 588
11 17 689 882 885
12 13 436 746 942
12 14 350 709 97
12 15 134 375 102
12 17 799 60 121
13 14 396 192 344
13 15 811 133 842
13 17 68 345 746
14 15 441 614 530
14 17 650 343 895
15 16 606 212 845
15 17 531 640 241
16 17 898 56 465
