18 3
0 2 594 404 855
0 4 820 159 686
0 9 326 714 170
0 11 161 819 787
0 12 132 588 789
0 15 690 592 245
0 16 657 104 680
0 17 320 297 957
1 4 187 799 130
1 5 113 990 467
1 6 657 81 892
1 7 215 171 918
1 8 259 616 851
1 10 761 420 317
1 13 173 949 321
2 4 297 836 266
2 5 687 682 756
2 6 697 511 696
2 7 688 443 851
2 8 369 974 266
2 11 366 860 328
2 14 919 131 241
2 15 874 508 650
3 6 843 92 85
3 7 120 340 312
3 8 583 184 539
3 9 720 320 391
3 10 291 66 621
3 11 138 635 840
3 12 990 106 179
3 13 693 464 869
3 15 537 73 419
3 16 454 518 614
4 6 333 323 821
4 9 830 226 846
4 11 529 934 157
4 12 338 929 665
4 13 424 593 119
4 16 853 528 806
4 17 70 287 376
5 6 204 735 830
5 8 799 499 445
5 9 569 596 886
5 10 415 96 718
5 16 808 539 958
5 17 156 788 753
6 8 459 492 998
6 9 215 603 887
6 10 630 728 192
6 12 214 795 744
6 13 248 542 460
6 14 124 102 396
6 17 857 437 720
7 10 449 873 645
7 11 942 753 116
7 12 246 998 921
7 13 403 187 566
7 14 555 583 468
7 16 672 665 546
7 17 66 57 430
8 9 115 406 871
8 10 931 757 494
8 11 471 308 812
8 15 485 814 240
8 16 328 628 946
8 17 109 495 697
9 11 221 152 165
9 12 650 595 400
9 14 661 282 904
9 15 170 631 535
9 16 269 218 280
9 17 923 315 197
10 11 642 489 189
10 13 361 470 926
10 14 327 962 286
10 15 673 120 897
10 16 63 658 864
10 17 52 250 771
11 14 426 112 432
11 15 52 922 531
11 16 273 431 751
11 17 797 718 363
12 13 689 383 294
12 14 525 681 800
12 15 192 79 728
12 16 635 233 183
12 17 575 68 514
13 14 365 785 898
13 16 465 231 963
13 17 819 337 964
14 15 561 853 949
14 17 614 904 351
16 17 896 375 309
