18 3
0 1 393 478 882
0 2 664 434 903
0 3 596 303 975
0 4 951 519 576
0 5 791 554 493
0 6 148 289 228
0 7 737 452 341
0 8 682 439 330
0 10 93 680 212
0 11 456 898 582
0 12 681 737 120
0 13 736 619 821
0 14 427 940 632
0 15 263 964 681
0 17 244 976 558
1 2 496 819 143
1 3 784 315 236
1 7 925 432 428
1 8 607 526 72
1 10 836 692 257
1 11 514 525 202
1 12 243 792 216
1 13 481 493 632
1 14 597 642 505
1 15 800 307 357
1 16 572 507 791
1 17 253 414 651
2 4 970 760 320
2 5 318 351 262
2 6 872 957 262
2 7 389 770 93
2 8 588 434 548
2 9 257 511 259
2 11 298 784 507
2 12 689 894 913
2 13 915 104 866
2 16 835 304 445
2 17 885 594 981
3 4 195 469 803
3 5 582 837 903
3 6 199 711 456
3 7 683 605 993
3 9 585 879 670
3 11 174 85 449
3 12 275 346 483
3 13 455 120 238
3 14 537 577 624
3 15 168 355 412
3 16 962 271 553
3 17 941 643 975
4 5 135 79 777
4 6 634 425 562
4 7 991 220 322
4 8 863 458 800
4 12 242 79 191
4 13 474 610 466
4 14 313 474 736
4 15 288 325 323
4 17 291 135 823
5 6 925 93 675
5 8 311 902 737
5 9 456 434 693
5 10 146 305 647
5 14 404 913 898
5 15 352 358 86
5 16 181 976 833
5 17 634 739 69
6 7 340 285 372
6 8 997 402 221
6 9 986 53 893
6 10 789 608 740
6 12 925 581 475
6 14 781 953 439
6 15 865 149 640
6 17 395 626 383
7 8 736 345 666
7 10 940 377 890
7 11 352 425 329
7 12 233 176 991
7 13 280 285 80
7 15 940 996 146
7 16 548 263 744
7 17 337 842 313
8 9 518 139 256
8 10 91 854 498
8 12 342 281 600
8 13 545 987 247
8 15 931 169 164
8 17 213 331 473
9 10 484 435 223
9 12 753 865 59
9 13 335 981 647
9 17 217 615 341
10 11 671 471 648
10 12 758 217 814
10 13 842 326 455
10 14 198 776 851
10 15 547 261 119
10 16 545 589 162
11 12 680 135 534
11 13 115 994 386
11 14 297 390 55
11 15 341 385 587
11 16 734 90 296
11 17 438 219 205
12 13 985 542 130
12 14 200 470 600
12 15 220 982 170
12 16 961 722 554
12 17 94 51 931
13 14 603 675 245
13 15 773 142 851
13 17 868 506 956
14 15 144 57 793
14 16 793 938 169
14 17 183 394 941
15 16 600 683 699
15 17 135 762 309
16 17 648 603 677
