18 3
0 3 650 275 981
0 6 745 340 543
0 7 611 352 497
0 8 901 522 380
0 15 719 241 626
1 6 841 407 620
1 7 149 483 946
1 8 180 513 257
2 5 102 852 285
2 7 223 297 659
2 10 375 247 448
2 13 59 182 766
2 14 786 172 963
3 11 705 182 533
3 12 121 709 622
3 14 470 963 242
4 13 386 97 271
5 6 401 286 230
5 10 753 228 329
5 11 571 408 652
5 13 111 663 835
5 14 995 830 331
6 12 96 176 515
6 13 78 285 749
6 15 749 374 860
6 17 376 112 881
7 11 640 803 190
8 9 524 517 253
8 11 923 714 377
8 13 929 991 416
8 16 145 706 863
8 17 198 866 999
9 10 793 871 819
9 13 449 539 76
9 15 451 451 292
11 14 169 430 517
12 14 396 114 941
12 15 474 742 230
