18 3
0 1 913 458 407
0 3 719 186 666
0 7 330 102 431
0 8 564 241 378
0 9 473 295 812
0 11 265 187 321
0 12 797 619 372
0 13 997 857 936
0 14 946 803 283
0 16 146 550 957
1 2 423 970 67
1 6 133 752 330
1 7 304 552 616
1 9 590 931 331
1 10 529 888 595
1 11 643 937 919
1 16 350 624 519
2 4 51 839 82
2 5 55 992 299
2 6 704 153 911
2 7 947 546 951
2 9 734 52 210
2 10 278 345 815
2 13 597 251 235
2 14 801 782 403
2 17 117 545 675
3 4 602 119 914
3 6 877 227 669
3 11 295 264 387
3 12 325 402 686
3 14 691 723 406
3 15 79 691 464
3 17 311 515 856
4 6 171 89 93
4 7 399 699 224
4 9 601 291 262
4 12 253 280 584
4 14 940 51 674
5 7 981 65 349
5 9 818 630 772
5 11 287 755 516
5 13 178 214 782
5 14 601 583 593
5 16 938 896 514
5 17 910 487 634
6 7 82 305 862
6 11 422 340 147
6 12 68 431 53
7 8 158 169 469
7 10 381 366 415
7 11 571 978 214
7 12 439 692 833
7 13 690 109 969
7 15 762 411 236
7 16 413 265 984
7 17 654 504 573
8 10 399 401 916
8 12 757 847 399
8 17 957 992 949
9 10 918 901 535
9 13 543 979 989
9 16 183 917 241
10 11 265 213 581
10 12 256 694 934
10 13 724 742 273
10 14 137 481 756
10 15 561 555 747
11 13 419 573 853
11 14 680 245 59
11 15 500 501 361
11 16 628 225 456
12 13 235 548 159
12 16 397 554 176
12 17 686 515 157
13 14 559 297 424
13 15 753 836 838
13 17 84 621 184
14 15 651 448 717
14 17 107 332 169
