18 3
0 1 960 151 669
0 2 282 145 433
0 3 74 95 170
0 6 736 713 216
0 7 860 377 995
0 8 465 745 762
0 10 745 845 211
0 11 917 613 204
0 13 888 354 881
0 14 470 721 592
0 15 630 914 771
1 2 711 747 299
1 3 427 139 909
1 4 165 898 514
1 5 803 429 822
1 6 643 354 394
1 7 382 54 466
1 8 935 296 748
1 10 912 822 722
1 11 353 463 842
1 13 838 196 889
1 14 139 466 496
1 16 829 145 152
2 3 646 60 795
2 8 296 540 340
2 9 193 760 282
2 13 557 816 294
2 14 842 79 377
2 15 420 824 326
2 17 564 544 440
3 5 569 544 688
3 6 896 529 832
3 10 605 876 471
3 11 635 323 507
3 13 612 124 482
3 15 515 270 881
4 5 346 165 882
4 7 460 294 603
4 16 810 320 652
4 17 954 581 540
5 8 489 820 443
5 10 432 531 268
5 11 654 758 61
5 14 747 785 745
5 15 805 322 304
5 16 578 604 502
6 8 532 831 913
6 10 577 457 68
6 11 747 425 658
6 15 465 391 613
7 8 119 889 695
7 10 96 953 987
7 11 951 868 902
7 17 706 551 992
8 10 326 713 533
8 11 690 295 398
8 13 191 483 159
8 14 817 317 742
8 15 540 323 312
8 17 824 391 884
9 12 603 811 907
9 14 488 329 585
9 15 653 335 59
10 11 358 451 82
10 12 269 875 821
10 16 152 250 410
10 17 262 646 408
11 12 637 429 439
11 14 50 445 590
11 16 379 243 51
12 13 265 935 107
12 14 853 351 365
12 16 757 460 165
12 17 837 274 952
13 15 538 881 599
13 17 539 897 510
14 16 138 113 197
14 17 215 283 754
15 16 543 825 272
