18 3
0 1 332 287 907
0 3 663 473 539
0 12 401 197 789
0 13 470 163 537
1 4 79 794 261
1 7 768 792 542
1 14 891 139 79
1 16 486 461 443
2 3 345 617 527
2 8 450 387 798
2 10 360 227 257
2 17 748 163 263
3 4 826 358 315
3 10 260 136 99
4 15 974 594 471
5 17 639 327 200
6 11 784 241 855
6 15 153 106 372
6 16 734 943 404
7 8 525 185 824
7 9 768 581 635
7 10 977 422 936
7 15 689 539 920
7 17 606 166 344
8 10 700 720 998
8 14 494 596 412
10 11 663 937 911
10 12 422 860 540
10 13 115 409 858
10 16 940 289 729
10 17 331 945 191
12 16 636 477 354
14 15 628 113 799
