18 4
0 2 956 563 497 764
0 5 915 842 978 407
0 6 906 882 934 683
0 8 238 593 381 407
0 10 658 293 981 132
0 11 839 188 301 987
0 14 481 396 939 526
0 15 871 823 77 424
1 2 539 963 458 820
1 4 779 935 470 304
1 5 739 562 596 688
1 7 611 815 455 502
1 9 728 72 477 274
1 11 784 767 509 226
1 14 577 641 113 954
1 16 374 415 459 358
1 17 899 582 727 80
2 3 522 962 802 368
2 7 161 580 113 793
2 11 94 312 423 394
2 13 612 471 107 353
2 17 575 434 200 320
3 4 773 474 338 860
3 6 754 653 997 76
3 7 631 702 876 80
3 9 317 367 300 161
3 11 535 497 647 701
3 15 596 615 351 243
3 16 213 262 732 622
4 6 148 208 838 586
4 7 535 532 345 610
4 8 983 719 782 668
4 10 689 133 399 531
4 14 549 151 183 781
4 16 397 731 59 324
4 17 773 542 479 714
5 8 272 204 377 116
5 11 425 95 171 290
5 14 840 308 488 965
6 7 345 494 393 607
6 8 189 683 650 770
6 10 546 413 574 350
6 11 925 842 765 799
6 12 418 816 858 290
6 13 442 127 890 904
6 14 695 176 210 959
6 15 66 337 499 647
6 16 238 429 931 913
6 17 766 716 932 478
7 9 183 573 276 669
7 10 724 925 791 321
7 12 97 67 73 124
7 16 953 190 989 478
7 17 199 185 381 557
8 13 386 597 517 361
8 16 915 933 621 359
8 17 963 260 153 201
9 15 257 436 88 322
9 16 160 335 816 410
9 17 869 249 571 456
10 13 443 742 970 482
10 16 554 975 985 838
11 13 698 496 122 404
11 16 632 959 816 389
12 13 630 964 124 531
12 14 555 521 224 111
12 16 661 938 499 269
13 17 521 741 157 218
14 15 510 637 854 650
14 16 145 447 693 81
14 17 409 992 380 204
15 16 856 103 389 368
15 17 826 766 289 598
16 17 391 295 832 807
