18 4
0 3 237 747 324 694
0 4 116 980 264 921
0 5 159 491 334 481
0 7 197 961 605 923
0 9 936 129 243 803
0 13 669 670 106 328
0 15 76 528 51 510
0 16 365 465 738 991
0 17 573 145 907 869
1 2 557 996 204 968
1 7 463 976 78 628
1 9 566 471 428 531
1 10 83 686 403 923
1 11 877 997 419 531
1 15 437 749 133 667
2 5 170 711 481 658
2 6 185 608 463 221
2 9 870 604 216 112
2 10 493 390 174 866
2 11 554 194 218 118
2 13 357 689 184 252
2 15 518 900 795 607
3 4 297 828 339 579
3 5 228 849 184 771
3 8 596 340 800 578
3 9 680 939 401 328
3 10 773 585 662 746
3 15 232 219 366 54
4 5 794 366 211 54
4 6 410 640 720 416
4 10 648 57 105 391
4 11 444 376 238 129
4 17 539 684 861 187
5 6 687 858 882 541
5 10 906 853 663 121
5 13 869 559 767 806
5 16 815 431 804 140
6 7 439 235 351 735
6 12 889 606 302 498
6 13 522 691 537 973
6 14 373 234 971 272
7 12 939 866 992 622
8 9 366 800 753 366
8 10 270 556 280 479
8 11 189 113 464 680
8 12 815 147 540 277
8 14 120 267 950 582
9 11 881 315 973 253
9 12 502 591 261 955
9 14 381 304 272 496
9 15 134 81 584 418
10 11 308 808 72 880
10 15 339 306 849 614
11 12 627 482 980 686
11 13 762 487 930 822
11 14 839 582 876 65
11 16 557 735 855 146
12 13 363 271 653 647
12 15 270 837 904 493
12 16 300 225 915 787
13 14 408 230 148 522
13 16 894 118 252 341
13 17 227 273 401 702
15 16 891 658 465 609
15 17 403 310 415 616
16 17 934 830 948 347
