18 4
0 1 677 861 759 286
0 2 237 767 532 78
0 4 106 608 365 761
0 7 749 606 977 211
0 10 331 601 252 199
0 13 84 248 189 557
0 14 221 619 163 600
0 16 580 560 492 521
1 2 490 992 859 974
1 4 647 466 325 490
1 6 144 108 857 851
1 8 441 864 764 58
1 10 813 962 567 762
1 11 968 61 901 305
1 12 63 119 608 894
1 13 259 708 859 597
1 15 586 527 829 361
1 16 696 883 866 830
1 17 340 555 326 850
2 4 515 576 400 734
2 5 394 78 685 705
2 6 258 118 154 703
2 7 483 391 547 388
2 9 618 330 54 493
2 10 491 473 75 82
2 11 215 909 777 359
2 12 933 223 634 339
2 13 351 250 61 981
2 15 795 341 588 716
2 17 871 336 865 63
3 4 145 374 781 818
3 5 691 301 832 454
3 6 247 185 425 898
3 7 443 932 282 55
3 8 50 457 933 297
3 9 964 822 955 306
3 10 574 894 634 990
3 11 636 524 376 252
3 12 157 660 364 446
3 13 705 444 527 774
3 14 523 540 374 263
3 15 265 665 283 870
3 17 755 718 102 348
4 5 683 554 140 252
4 6 439 387 427 457
4 7 536 899 298 86
4 8 102 494 916 914
4 12 630 446 991 209
4 13 181 564 402 229
4 14 692 504 349 284
4 16 866 474 823 200
4 17 991 231 58 334
5 6 830 358 136 418
5 7 836 407 613 254
5 9 326 630 997 415
5 10 75 971 819 657
5 11 173 214 840 637
5 12 361 813 81 162
5 13 397 776 536 161
5 15 264 612 260 291
5 17 913 62 745 99
6 7 487 246 61 347
6 8 497 738 107 689
6 9 624 53 139 794
6 10 152 783 558 253
6 11 226 216 977 695
6 12 416 856 97 315
6 14 80 498 995 100
6 16 455 287 63 338
7 8 580 747 424 305
7 9 742 848 397 343
7 10 418 912 481 440
7 11 948 182 721 54
7 12 499 197 783 692
7 13 705 276 750 863
7 14 262 615 609 714
7 17 890 812 421 738
8 9 860 436 947 705
8 10 441 784 631 431
8 11 128 151 174 609
8 12 801 284 122 706
8 13 106 191 795 210
8 14 395 936 841 721
8 15 957 981 423 988
8 16 458 536 368 590
8 17 553 119 625 179
9 10 142 400 972 514
9 11 340 140 530 464
9 12 543 942 697 614
9 14 663 327 515 208
9 15 350 966 200 779
9 17 490 494 272 805
10 12 977 603 846 765
10 13 207 423 402 488
10 14 988 902 141 422
10 15 824 550 122 437
10 16 785 631 576 835
11 12 532 808 720 908
11 13 850 447 59 162
11 14 86 830 615 948
11 16 121 251 368 164
11 17 438 330 515 403
12 13 737 130 51 522
12 14 675 354 456 377
13 14 587 132 853 245
13 15 864 218 230 393
13 17 797 71 349 192
14 15 100 843 129 233
14 16 309 407 404 148
14 17 727 896 797 184
15 16 110 685 668 609
15 17 652 549 585 853
16 17 71 634 998 56
