18 4
0 2 94 236 311 819
0 7 620 894 551 462
0 9 167 322 948 210
1 2 213 414 582 106
1 8 800 893 483 554
1 9 997 584 279 684
1 12 907 86 430 190
2 14 938 250 496 830
3 7 503 744 204 994
3 8 754 605 791 104
3 12 727 839 515 770
3 16 528 915 299 233
3 17 432 665 612 731
4 6 337 815 497 312
4 7 212 59 751 399
4 13 831 373 420 213
4 15 402 391 177 905
5 12 872 966 427 175
5 14 102 364 571 170
5 15 69 255 474 966
6 8 978 945 422 742
7 10 725 928 106 197
7 11 529 772 528 557
7 16 347 916 352 759
7 17 708 937 242 319
8 12 66 134 482 990
9 12 859 828 943 520
9 17 230 60 844 386
10 14 431 456 562 965
11 13 821 766 782 667
12 14 640 682 712 979
12 15 612 519 289 94
12 17 56 113 551 942
13 14 141 788 485 760
14 15 646 968 831 568
