18 4
0 3 155 860 377 403
0 4 825 314 990 51
0 6 328 955 727 962
0 7 969 494 905 241
0 8 756 53 857 404
0 9 897 750 837 750
0 10 422 915 829 386
0 11 501 191 327 943
0 12 280 950 667 373
0 13 741 200 339 86
0 14 872 829 537 313
0 15 64 422 315 563
0 17 667 951 908 346
1 2 706 380 880 402
1 3 549 152 549 494
1 4 642 751 245 353
1 5 832 50 612 242
1 8 100 881 714 861
1 9 984 556 793 294
1 10 658 120 710 416
1 11 665 537 56 473
1 13 225 262 765 983
1 16 631 486 909 524
1 17 868 748 472 520
2 4 595 144 828 407
2 6 53 984 782 263
2 7 538 509 595 993
2 8 354 753 984 800
2 9 313 662 189 116
2 10 382 907 232 757
2 11 866 982 541 146
2 12 559 176 210 301
2 14 789 521 586 358
2 15 956 369 851 322
2 17 631 258 171 814
3 5 558 317 871 943
3 6 830 578 274 466
3 7 717 811 872 398
3 8 126 781 577 362
3 10 213 600 497 607
3 12 736 181 912 655
3 13 798 830 312 520
3 14 616 143 321 977
3 15 382 829 69 264
3 17 611 986 221 508
4 7 257 282 542 926
4 8 758 921 795 142
4 9 372 668 789 832
4 10 121 108 698 138
4 12 790 795 585 678
4 13 162 962 92 908
4 14 196 773 637 120
4 15 417 60 240 726
4 16 341 497 516 401
5 6 634 284 591 501
5 7 772 698 717 220
5 8 284 385 424 241
5 10 947 93 79 488
5 12 880 346 268 507
5 13 245 118 416 950
5 14 361 484 668 957
5 15 922 144 957 963
5 16 286 89 68 248
5 17 507 120 986 646
6 8 923 307 352 634
6 9 262 468 198 866
6 10 644 758 420 986
6 12 229 585 815 917
6 14 875 459 502 331
6 15 660 609 673 459
7 10 203 955 199 322
7 11 90 77 737 447
7 14 148 929 607 466
7 16 900 647 773 642
8 9 275 120 848 651
8 10 798 727 641 84
8 12 141 261 460 882
8 13 882 907 736 409
8 14 828 786 996 198
8 15 210 83 907 744
8 16 445 529 58 642
8 17 73 967 538 870
9 10 926 819 668 299
9 11 254 755 715 276
9 12 241 690 123 321
9 13 199 503 951 114
9 14 345 769 726 254
9 16 520 289 567 852
10 11 677 172 67 466
10 12 338 418 275 802
10 14 666 636 993 692
10 15 127 785 547 998
10 17 481 899 231 378
11 13 654 363 621 789
11 14 588 640 915 56
11 15 691 808 293 230
11 16 980 670 658 615
11 17 713 92 130 654
12 13 519 696 161 207
12 15 366 633 759 780
12 16 383 411 148 942
12 17 681 337 816 760
13 14 295 670 545 477
13 15 897 69 735 576
13 16 81 285 60 384
13 17 757 814 881 859
14 15 304 593 365 575
14 16 281 333 519 810
14 17 394 382 123 464
15 16 666 344 689 112
15 17 698 275 783 498
