18 4
0 9 269 265 767 389
1 2 631 933 382 598
1 4 146 619 207 731
1 8 590 267 929 282
1 10 107 705 928 206
1 13 679 74 702 555
1 16 551 766 274 828
2 4 434 310 665 980
2 5 153 520 950 922
2 10 636 616 295 632
2 12 876 185 354 735
3 4 732 775 357 270
3 5 907 764 296 421
3 7 985 811 147 977
3 8 635 801 555 292
3 13 265 809 995 104
3 15 148 880 394 635
4 7 98 259 733 223
4 10 83 898 705 836
4 11 532 649 98 375
5 16 84 145 112 765
6 10 717 656 722 753
6 14 882 613 893 615
7 12 268 674 804 804
7 16 466 663 723 799
7 17 881 214 600 209
8 9 73 707 539 267
9 12 330 247 217 594
10 16 143 837 518 597
11 13 687 461 988 101
12 13 692 895 871 526
12 15 117 941 757 150
15 16 132 546 89 658
