18 4
0 1 853 842 158 997
0 2 724 368 270 616
0 4 300 703 396 154
0 5 879 541 869 986
0 6 429 440 137 876
0 8 248 466 241 560
0 9 587 379 90 947
0 10 505 601 519 965
0 11 91 585 719 834
0 12 264 393 693 457
0 13 72 797 422 237
0 14 896 926 347 802
0 15 852 56 454 330
0 17 652 783 742 967
1 2 958 588 239 698
1 4 640 555 249 796
1 7 822 997 97 204
1 8 169 119 605 163
1 9 961 978 134 817
1 10 575 626 576 273
1 12 168 105 288 257
1 13 771 689 117 188
1 14 450 343 902 930
1 15 684 617 186 515
1 16 299 613 286 282
1 17 922 594 89 936
2 3 504 461 714 774
2 5 820 396 804 804
2 6 991 328 117 337
2 7 932 654 963 440
2 9 445 707 694 293
2 10 272 205 981 523
2 11 94 903 959 221
2 12 496 110 121 409
2 13 310 738 264 972
2 14 335 784 105 161
2 15 84 59 746 158
2 16 759 123 101 666
2 17 408 619 611 746
3 4 536 554 915 351
3 5 116 266 324 474
3 6 650 815 150 703
3 7 397 286 791 896
3 8 459 312 636 559
3 10 865 767 988 654
3 11 157 341 661 306
3 12 871 114 848 155
3 13 100 912 966 978
3 14 954 140 897 928
3 15 690 535 244 532
3 16 522 732 897 180
3 17 657 409 765 199
4 6 944 255 768 62
4 7 285 882 913 352
4 8 658 800 176 68
4 9 979 78 932 250
4 10 634 397 78 642
4 11 805 985 707 137
4 14 926 125 159 658
4 16 66 330 921 691
4 17 700 170 113 394
5 6 291 185 606 997
5 7 808 79 881 923
5 9 823 435 765 707
5 10 188 885 128 974
5 12 369 997 196 467
5 13 408 749 307 931
5 14 812 507 83 667
5 15 470 169 376 142
5 17 731 596 120 169
6 7 106 95 131 952
6 8 178 542 680 261
6 9 983 840 340 108
6 10 355 819 566 226
6 12 297 80 831 216
6 14 77 427 365 464
6 15 871 983 559 685
6 16 697 557 506 59
6 17 387 959 701 599
7 8 371 848 852 910
7 9 523 584 986 703
7 10 596 108 587 981
7 11 291 194 660 505
7 12 797 607 721 484
7 13 115 431 587 717
7 14 138 521 242 439
7 16 898 315 664 70
8 9 474 57 681 194
8 11 745 540 199 684
8 12 796 262 308 283
8 13 711 592 469 72
8 15 206 395 653 951
8 16 238 312 678 952
9 10 527 83 746 401
9 11 573 879 305 493
9 12 609 378 361 647
9 13 903 821 131 176
9 14 340 475 446 973
9 15 243 419 878 512
9 16 319 90 72 991
9 17 206 696 473 929
10 12 726 693 978 200
10 14 205 387 886 649
10 15 455 497 510 632
10 16 132 290 174 296
10 17 785 882 768 756
11 12 226 57 202 169
11 14 416 435 801 603
11 16 777 726 189 269
11 17 282 725 602 641
12 13 605 116 880 534
12 14 772 387 897 86
12 15 345 960 712 713
12 16 523 198 442 996
12 17 494 949 565 258
13 16 317 827 488 769
14 15 114 280 755 851
14 16 377 815 545 190
14 17 816 472 438 792
15 16 636 798 54 675
15 17 999 723 350 371
16 17 389 772 773 132
