18 4
0 2 539 540 685 627
0 7 512 871 491 601
0 10 952 614 483 560
0 12 91 407 813 446
0 13 408 438 855 456
0 15 718 864 813 814
1 5 594 294 320 536
1 6 623 631 239 322
1 9 684 673 244 318
1 12 976 271 510 872
1 15 837 84 448 517
1 17 610 435 141 560
2 4 789 598 925 966
2 6 58 913 616 671
2 7 431 673 728 157
2 9 874 618 74 868
2 10 601 209 657 55
2 11 433 485 445 708
2 13 152 182 907 336
2 15 652 526 576 449
2 17 604 558 381 643
3 4 996 903 247 106
3 5 949 883 279 327
3 8 684 826 332 863
3 9 738 245 440 857
3 10 199 974 778 965
3 15 473 179 413 921
4 9 360 703 150 846
4 10 529 265 430 297
4 11 585 942 811 396
4 14 548 915 157 83
4 15 696 194 970 530
4 17 330 381 550 202
5 6 500 951 510 100
5 8 54 562 614 313
5 10 885 808 144 877
5 15 926 294 55 699
5 16 312 163 954 765
6 7 212 299 422 470
6 8 347 992 198 199
6 12 779 437 263 205
6 13 69 120 123 174
7 11 666 665 635 858
7 13 165 660 251 741
7 15 425 518 561 213
8 9 986 871 478 345
8 14 946 505 612 117
8 15 610 121 247 800
9 10 105 836 760 745
9 13 959 241 470 663
9 16 539 345 287 481
10 11 221 84 486 404
10 12 907 558 732 582
10 15 288 318 152 193
11 13 461 397 551 617
11 14 872 817 399 231
11 15 186 104 354 353
12 14 828 443 688 216
12 15 263 200 782 917
12 16 752 747 195 266
13 14 723 147 978 565
13 16 98 294 326 465
13 17 758 430 754 406
14 15 957 211 356 367
14 17 81 797 794 607
15 16 906 262 73 71
16 17 559 420 571 222
