18 4
0 2 667 343 972 805
0 3 845 407 428 579
0 5 593 80 337 302
0 6 144 931 462 650
0 7 109 605 433 836
0 9 799 755 541 420
0 11 544 628 723 87
0 12 767 450 351 264
0 13 436 622 50 653
0 15 665 314 308 157
0 17 577 319 107 273
1 2 921 602 99 618
1 7 191 154 713 348
1 8 256 674 619 128
1 12 758 938 445 541
1 14 853 116 720 853
1 16 481 439 550 350
1 17 365 889 158 776
2 3 882 791 289 502
2 4 94 229 268 968
2 5 646 608 108 707
2 6 55 128 959 818
2 8 130 334 576 81
2 11 693 51 196 790
2 13 561 633 173 624
2 17 428 451 136 897
3 4 663 496 527 591
3 12 916 574 144 453
3 13 483 676 597 652
3 14 291 685 619 747
3 16 71 454 734 433
3 17 206 923 938 933
4 6 386 944 181 326
4 8 501 644 940 210
4 12 976 330 216 824
4 15 844 813 169 848
4 17 954 232 831 125
5 6 866 593 691 315
5 9 655 476 564 108
5 10 828 198 269 262
5 12 338 554 790 905
5 16 284 732 603 418
5 17 890 540 209 444
6 7 291 925 466 329
6 8 299 968 375 140
6 10 756 606 583 106
6 11 489 763 807 179
6 12 630 628 516 511
6 14 973 860 521 737
6 15 875 861 962 494
6 17 973 859 795 53
7 11 868 73 150 869
7 12 167 68 810 971
7 15 592 803 359 591
7 17 325 420 274 251
8 15 745 687 434 437
8 16 875 170 869 987
8 17 100 548 715 797
9 13 225 392 68 131
9 14 624 240 106 963
9 15 371 441 162 141
9 17 911 79 361 272
10 11 737 390 402 501
10 12 146 516 780 183
10 13 911 958 123 403
10 15 277 464 270 437
10 16 108 274 404 53
11 12 757 977 180 559
11 13 826 903 136 858
11 15 435 80 618 96
11 17 211 778 413 172
12 13 453 651 955 984
12 14 814 222 868 519
13 15 596 265 718 282
13 17 228 549 836 535
14 15 938 73 828 950
14 16 997 791 990 844
14 17 695 202 261 399
15 16 220 241 887 147
15 17 699 433 743 744
