18 4
0 2 225 307 108 937
0 5 488 971 738 840
0 6 745 279 437 993
0 8 345 710 406 414
0 9 294 407 378 233
0 10 840 819 568 672
0 11 173 669 267 257
0 14 139 849 934 689
0 15 392 227 433 825
0 17 874 655 58 54
1 4 157 266 992 744
1 5 222 702 168 546
1 6 602 531 245 604
1 9 382 852 725 404
1 10 970 611 101 968
1 11 671 337 756 116
1 12 324 504 263 114
1 13 534 666 181 213
1 15 608 283 666 426
1 16 551 338 574 411
1 17 533 594 839 943
2 4 366 710 560 540
2 5 139 138 294 197
2 6 563 999 669 932
2 7 558 902 386 159
2 14 537 56 225 625
2 15 706 165 577 126
2 16 507 907 184 371
3 4 540 592 319 740
3 8 589 196 899 713
3 9 241 196 394 100
3 10 267 92 179 887
3 12 773 98 206 952
3 16 914 407 817 965
4 8 103 452 170 97
4 11 714 124 682 811
4 13 587 705 685 801
4 14 956 163 72 84
4 17 796 325 760 404
5 6 611 545 845 567
5 7 306 428 331 174
5 8 219 653 263 761
5 9 263 945 587 453
5 12 303 267 424 772
5 13 759 556 638 388
5 15 351 247 345 688
5 16 302 579 790 462
6 7 114 345 57 704
6 10 564 212 493 910
6 12 271 818 623 178
6 14 976 303 687 357
6 15 567 856 241 179
6 17 635 742 69 274
7 10 376 849 654 267
7 11 273 495 704 344
7 14 83 133 895 224
7 15 914 131 189 357
8 9 448 218 726 494
8 11 534 710 775 367
8 14 909 720 551 697
8 15 181 74 558 588
8 16 186 998 100 459
9 10 588 153 330 526
9 11 149 693 810 585
9 14 427 710 129 753
9 17 697 200 106 646
10 12 649 693 529 380
10 13 241 888 83 318
10 14 165 834 562 980
10 17 180 701 362 124
12 13 560 655 861 325
12 14 948 611 859 673
12 16 842 870 442 521
13 15 464 304 890 423
13 17 319 115 456 342
14 15 693 271 709 945
14 16 503 127 792 550
14 17 56 850 357 276
