18 4
0 2 683 789 55 211
0 3 640 109 437 705
0 5 764 467 720 753
0 6 198 927 938 343
0 7 264 466 813 808
0 10 482 590 540 172
0 17 140 427 327 196
1 2 235 146 509 881
1 6 751 719 473 758
1 8 50 333 631 244
1 9 96 867 218 865
1 11 693 926 182 916
1 12 477 421 670 940
1 13 771 186 261 365
2 3 881 741 55 860
2 8 158 737 613 459
3 4 980 659 297 950
3 5 735 215 253 273
3 6 362 907 200 436
3 7 285 543 253 378
3 9 550 878 141 909
3 10 911 237 646 518
3 14 619 933 933 729
3 16 351 82 729 934
4 5 75 240 720 560
4 10 951 741 483 620
4 13 917 453 56 908
4 16 660 293 694 838
4 17 479 460 888 938
5 6 204 772 973 745
5 7 152 361 730 887
5 8 658 397 64 691
5 11 751 597 130 537
5 12 349 837 446 144
5 13 295 453 915 177
5 14 295 298 995 324
5 15 820 644 630 961
5 16 186 448 770 132
6 9 226 796 247 67
6 12 668 680 571 59
6 13 352 893 640 803
6 14 730 462 304 145
6 15 451 923 757 152
7 8 920 935 409 268
7 12 216 140 369 435
7 13 249 731 179 588
7 16 361 130 394 452
7 17 142 340 278 382
8 11 323 336 152 373
8 13 919 592 809 581
8 14 287 518 685 814
8 15 491 741 585 792
8 16 520 475 793 104
8 17 972 308 528 193
9 11 869 955 820 109
9 13 102 424 741 850
9 14 885 75 620 135
9 16 900 908 784 840
10 11 906 886 152 493
10 12 439 616 178 543
10 13 487 52 112 844
10 14 568 940 425 338
10 16 635 416 608 787
11 12 642 195 695 875
12 13 627 399 88 540
12 14 138 920 758 823
12 15 627 463 470 864
12 16 431 896 765 370
13 14 562 662 853 766
13 16 776 582 530 927
13 17 888 975 316 151
14 15 951 308 566 760
16 17 242 137 571 865
