18 4
0 1 579 206 260 121
0 2 270 63 686 452
0 4 96 356 124 553
0 5 921 813 163 451
0 6 598 195 776 114
0 7 447 649 833 883
0 8 999 954 563 873
0 9 948 885 981 572
0 12 973 752 364 479
0 13 914 546 143 476
0 15 135 725 677 868
0 16 611 434 822 432
0 17 567 78 310 475
1 2 370 438 588 589
1 5 183 70 684 626
1 6 109 897 471 73
1 7 956 742 229 368
1 9 928 254 199 718
1 11 100 173 873 366
1 13 279 546 382 986
1 15 559 724 354 920
1 16 152 997 868 810
1 17 736 617 602 491
2 3 300 815 842 628
2 4 704 918 830 893
2 5 640 884 199 791
2 6 827 252 601 545
2 7 724 251 713 627
2 9 579 493 419 594
2 10 746 461 856 628
2 11 58 55 395 142
2 12 500 165 639 937
2 13 464 887 748 128
2 14 853 193 411 356
2 15 173 502 631 219
2 16 801 76 416 166
2 17 983 608 659 418
3 4 837 210 744 75
3 5 578 293 824 967
3 6 96 974 184 438
3 7 476 535 125 871
3 8 139 167 380 76
3 9 892 979 905 483
3 10 122 670 922 415
3 11 799 241 953 278
3 12 599 540 753 626
3 13 387 640 564 982
3 14 241 975 442 641
3 16 617 402 164 348
3 17 170 853 208 125
4 5 835 563 492 488
4 6 684 529 476 84
4 7 283 781 948 461
4 8 313 660 957 419
4 9 334 621 384 873
4 10 190 283 242 897
4 11 823 817 539 98
4 12 671 737 104 487
4 13 248 512 516 352
4 15 87 346 101 619
4 16 130 835 621 683
4 17 59 194 307 311
5 7 435 580 404 874
5 8 972 677 362 227
5 9 439 721 562 894
5 10 421 585 556 910
5 12 430 570 886 557
5 14 620 264 436 380
5 16 648 232 476 681
6 7 306 979 869 593
6 8 544 592 998 318
6 9 756 851 289 65
6 10 272 894 700 891
6 15 238 490 84 638
6 16 259 315 315 767
7 8 186 295 303 516
7 9 403 763 254 463
7 10 317 330 940 894
7 13 442 881 184 58
7 14 252 545 946 92
7 15 593 436 440 606
7 17 182 638 807 104
8 9 113 805 475 847
8 10 50 733 936 677
8 11 413 60 944 702
8 12 475 945 290 177
8 14 428 775 160 819
8 15 343 698 62 965
8 16 317 957 622 721
9 11 389 132 63 689
9 12 928 587 927 816
9 13 60 435 191 133
9 14 134 142 109 431
9 15 821 792 530 815
9 16 271 475 992 295
9 17 717 320 905 782
10 12 664 920 114 980
10 13 615 350 739 308
10 14 970 474 299 327
10 15 116 964 760 851
10 17 167 783 397 772
11 12 383 399 767 102
11 13 476 436 93 488
11 14 254 925 842 947
11 15 200 216 155 237
11 16 573 283 723 686
11 17 453 237 531 701
12 13 130 394 860 687
12 14 877 78 84 123
12 15 685 150 991 747
12 16 370 828 694 527
12 17 74 784 780 748
13 15 385 258 541 585
13 16 730 280 800 256
13 17 521 95 377 132
14 15 166 473 258 419
14 16 502 383 594 806
15 17 143 77 951 379
16 17 322 265 951 80
