18 4
0 2 943 57 602 509
0 3 557 697 494 682
0 8 774 78 959 161
0 9 776 152 315 481
0 11 861 953 791 503
0 12 221 899 872 433
0 14 361 457 126 515
1 2 906 988 799 954
1 3 923 115 923 503
1 4 188 411 359 984
1 5 986 312 674 305
1 6 917 501 749 152
1 7 696 546 583 512
1 8 571 296 263 64
1 10 430 723 928 577
1 12 428 389 82 887
1 13 373 237 188 357
1 14 247 54 977 580
1 15 414 329 303 950
1 16 621 467 800 585
1 17 587 753 756 273
2 3 795 168 228 687
2 4 809 53 258 746
2 5 249 819 839 696
2 6 862 785 992 184
2 7 157 525 401 276
2 8 976 268 551 886
2 9 470 854 267 244
2 12 628 545 279 222
2 13 677 100 274 583
2 14 763 88 649 434
2 17 102 384 751 284
3 5 498 487 666 479
3 7 982 492 584 537
3 8 388 805 162 546
3 9 402 172 451 114
3 10 788 871 685 270
3 11 395 181 115 600
3 12 937 314 945 498
3 13 863 55 976 91
3 14 865 71 167 936
3 15 517 674 134 788
3 16 619 899 764 130
3 17 700 58 550 344
4 7 837 941 721 520
4 8 366 691 226 448
4 9 561 196 484 517
4 10 424 76 505 289
4 11 687 85 621 277
4 12 887 446 533 927
4 13 912 67 855 710
4 14 673 753 160 243
4 16 411 563 140 180
5 6 285 122 642 882
5 7 111 871 50 915
5 8 806 606 212 595
5 9 505 651 988 757
5 10 84 742 290 349
5 11 405 741 694 213
5 12 469 480 749 561
5 13 204 571 623 613
5 15 780 183 63 971
5 16 329 834 659 955
5 17 829 83 297 466
6 7 722 243 298 156
6 8 232 883 382 172
6 9 152 994 518 751
6 10 858 305 246 359
6 11 319 575 211 352
6 12 661 163 668 79
6 13 893 487 904 598
6 14 276 510 977 856
6 15 893 939 554 276
6 16 198 251 506 461
6 17 698 332 310 588
7 9 391 308 959 320
7 11 719 391 614 834
7 12 744 316 773 825
7 14 408 166 927 135
7 15 601 690 778 911
7 16 656 712 797 718
7 17 890 397 818 132
8 9 693 719 493 589
8 10 572 759 399 856
8 11 309 436 716 774
8 15 840 310 200 652
8 16 502 812 79 237
8 17 451 579 430 61
9 10 878 552 72 93
9 12 904 710 87 646
9 14 421 294 919 564
9 15 571 928 104 354
9 16 402 884 290 844
9 17 943 489 328 955
10 12 265 597 284 390
10 13 85 142 114 694
10 15 951 525 892 600
10 16 935 849 476 99
10 17 746 425 822 153
11 12 86 540 430 887
11 13 295 229 278 581
11 15 236 421 984 561
11 16 328 618 202 910
12 13 739 662 283 72
12 14 804 315 629 924
12 16 444 344 940 252
12 17 457 570 126 973
13 15 509 366 252 988
13 17 278 847 454 304
14 15 301 222 778 513
14 16 845 690 160 942
14 17 176 216 740 689
15 16 332 299 899 723
15 17 582 602 235 608
16 17 786 587 405 443
