18 4
0 1 375 371 472 943
0 3 223 243 614 180
0 5 682 511 936 107
0 6 711 62 761 919
0 8 634 301 970 402
0 9 56 162 682 164
0 10 519 502 601 916
0 11 511 729 200 303
0 12 125 694 605 597
0 13 943 115 282 872
0 14 349 564 154 102
0 15 392 551 120 758
1 2 424 549 701 78
1 3 65 867 922 385
1 4 553 135 112 348
1 5 889 837 647 658
1 8 64 245 236 266
1 10 971 789 228 192
1 11 795 753 330 682
1 12 924 231 59 368
1 14 666 776 794 215
1 16 777 562 100 218
1 17 562 663 672 983
2 3 905 445 707 282
2 4 203 510 339 522
2 6 815 409 281 424
2 7 661 995 95 518
2 8 637 753 55 878
2 9 664 199 532 836
2 10 490 599 347 892
2 11 705 223 501 680
2 12 85 890 569 50
2 13 669 464 184 335
2 14 505 938 992 704
2 17 711 797 681 409
3 7 889 234 914 579
3 8 806 102 707 426
3 9 254 292 961 848
3 10 620 545 774 415
3 12 213 912 631 482
3 13 578 928 831 443
3 15 127 431 585 848
3 16 546 319 725 477
3 17 102 973 196 855
4 6 848 965 368 825
4 7 376 731 131 898
4 8 865 363 906 328
4 9 979 813 661 392
4 10 330 561 594 699
4 12 798 918 136 977
4 13 436 640 660 177
4 15 802 388 128 339
4 16 572 181 990 988
5 6 855 129 831 613
5 9 894 463 168 646
5 10 609 987 427 203
5 12 775 288 117 207
5 13 735 876 657 338
5 14 295 911 677 142
5 15 650 582 843 311
5 16 121 939 203 313
5 17 227 329 672 555
6 7 922 520 404 777
6 8 437 258 546 874
6 9 422 342 806 973
6 10 724 304 825 790
6 11 484 636 449 922
6 12 968 837 581 956
6 13 873 788 465 718
6 14 907 761 528 834
6 16 123 130 113 102
6 17 935 777 323 462
7 8 338 165 922 102
7 9 828 397 128 184
7 12 500 858 276 292
7 14 293 626 377 925
7 15 808 535 781 173
7 16 678 321 883 209
7 17 524 502 548 253
8 9 693 87 813 938
8 10 976 840 683 201
8 11 514 524 363 566
8 12 636 855 172 781
8 14 760 776 686 959
8 17 419 386 585 499
9 10 500 393 433 694
9 11 72 682 353 547
9 12 835 354 857 960
9 13 721 790 219 483
9 17 388 658 666 579
10 11 708 631 780 877
10 12 228 868 809 782
10 14 202 102 695 372
10 15 143 845 143 445
10 16 584 406 393 191
10 17 570 749 974 797
11 14 721 784 627 392
11 16 828 618 779 919
11 17 252 413 237 152
12 13 234 332 375 205
12 14 56 619 551 582
12 15 987 512 887 318
12 16 246 985 105 371
12 17 706 86 870 54
13 14 966 822 230 692
13 15 358 587 671 957
13 17 991 136 896 350
14 17 91 115 859 519
15 17 667 871 513 577
