18 4
0 1 892 423 188 846
0 4 147 156 244 244
0 5 182 142 439 159
0 6 195 77 870 538
0 10 820 589 378 116
0 14 388 612 473 148
1 4 131 905 735 798
1 13 495 915 427 438
1 16 521 747 625 554
1 17 714 834 804 64
2 7 842 127 128 443
2 8 603 330 273 768
2 11 393 530 583 354
2 14 431 805 799 954
3 6 433 80 806 919
3 7 90 479 883 239
3 8 606 814 636 137
3 12 300 94 299 558
3 13 327 627 559 119
3 16 121 611 401 499
4 8 662 75 630 363
4 11 976 281 311 349
4 14 887 208 679 508
4 16 464 239 189 720
4 17 82 350 321 453
5 8 322 573 506 738
5 10 747 853 430 142
5 12 824 756 769 553
5 13 974 756 835 898
5 15 177 78 773 79
5 17 302 242 698 413
6 8 363 871 712 218
6 12 680 430 123 452
6 13 657 496 483 462
6 14 269 814 742 642
6 15 645 714 207 547
7 15 988 79 180 913
7 17 156 309 460 565
8 12 52 923 576 301
8 13 121 126 226 446
8 14 708 452 816 371
9 10 350 583 341 798
9 14 504 761 481 818
11 17 102 166 464 626
12 13 839 777 209 783
12 14 568 474 452 655
12 15 928 239 508 154
12 17 533 704 465 72
13 14 569 987 745 902
13 16 738 229 764 290
14 16 570 162 672 417
14 17 750 777 997 938
15 17 616 773 827 955
