19 2
0 4 887 136
0 5 175 160
0 6 823 875
0 7 595 909
0 8 629 157
0 9 162 279
0 12 603 309
0 13 596 913
0 15 888 291
0 17 527 253
1 4 826 417
1 5 198 953
1 9 427 611
1 10 156 847
1 13 982 412
1 16 117 62
1 17 156 636
2 5 122 264
2 6 536 491
2 8 727 653
2 9 819 813
2 12 883 120
2 15 909 482
2 16 686 302
2 18 994 743
3 4 883 291
3 5 513 923
3 6 63 63
3 7 50 646
3 10 365 542
3 11 743 74
3 18 808 972
4 6 728 432
4 7 735 114
4 8 449 749
4 9 889 727
4 10 750 773
4 11 916 725
4 13 963 517
4 14 835 528
4 15 501 457
4 18 680 938
5 11 967 343
5 13 715 840
5 15 155 885
5 18 298 954
6 10 274 133
6 12 571 786
6 15 493 862
7 10 696 335
7 11 228 696
7 12 861 975
7 13 550 282
7 14 459 837
7 16 936 571
7 17 370 880
8 12 417 235
8 16 691 998
8 17 484 812
9 10 364 786
9 11 564 202
9 12 506 538
9 16 719 74
9 17 591 631
9 18 688 294
10 11 276 957
10 13 751 635
10 14 876 462
10 15 285 460
10 16 948 770
10 18 78 389
11 12 459 245
11 14 426 336
11 15 210 430
11 16 955 943
12 13 241 667
12 14 89 897
12 16 423 895
12 18 951 457
13 14 341 923
13 16 50 583
13 17 617 347
14 15 256 125
14 17 66 180
14 18 626 133
15 17 877 123
16 18 862 799
