19 2
0 2 821 888
0 7 718 279
0 12 421 536
0 13 541 569
0 14 736 668
0 17 372 893
0 18 497 745
1 5 97 227
1 7 61 855
1 8 231 966
1 16 247 575
1 17 205 172
2 3 388 309
2 11 753 626
2 14 716 140
3 7 98 536
3 8 835 310
3 11 350 659
3 12 793 335
3 14 825 575
3 15 425 492
3 16 139 385
4 5 89 498
5 10 363 747
5 18 964 502
6 7 428 631
6 12 633 102
6 14 785 71
6 17 669 599
7 8 651 644
7 13 449 758
7 14 916 301
8 12 168 214
8 14 392 820
8 15 873 226
8 16 685 614
9 11 767 796
9 13 281 785
10 12 976 251
10 14 62 690
10 18 590 659
11 13 586 635
11 14 589 539
12 14 299 420
13 18 899 441
14 15 222 345
15 16 356 154
16 17 817 220
17 18 417 482
