19 2
0 1 395 823
0 3 980 947
0 5 638 961
0 6 377 165
0 7 186 186
0 8 119 418
0 9 427 395
0 11 687 179
0 15 367 168
0 18 349 812
1 2 655 213
1 3 588 61
1 5 259 466
1 6 97 122
1 10 496 965
1 12 961 468
1 14 519 983
1 16 323 468
2 3 578 783
2 7 81 573
2 8 825 729
2 9 970 888
2 10 817 586
2 11 154 329
2 16 663 496
2 17 806 209
3 4 269 302
3 5 276 638
3 17 807 377
3 18 451 768
4 9 440 510
4 11 508 794
4 14 487 852
4 15 806 266
4 18 504 529
5 6 722 790
5 9 583 520
5 14 641 703
5 15 543 71
5 17 118 548
5 18 289 239
6 8 532 284
6 9 614 209
6 11 454 236
6 12 332 844
6 13 484 640
6 14 462 940
6 15 922 502
6 16 633 596
6 17 783 507
6 18 723 101
7 10 583 100
7 12 542 707
8 9 166 689
8 16 493 934
8 17 76 631
9 12 142 457
9 15 704 484
9 17 286 966
9 18 230 612
10 15 57 110
10 17 738 323
10 18 480 770
11 12 370 525
11 13 808 707
11 15 117 70
11 16 711 61
11 17 342 67
11 18 676 189
12 13 836 229
12 14 226 379
12 16 141 496
12 18 166 793
13 16 654 681
14 16 982 65
14 17 751 834
14 18 308 157
16 17 317 946
17 18 125 201
