19 2
0 7 711 155
0 8 974 780
0 9 703 461
1 11 178 874
1 18 846 904
2 4 166 535
2 6 763 118
2 10 480 973
2 12 907 337
2 17 627 133
2 18 463 477
3 6 381 911
3 9 868 822
3 15 549 985
3 16 788 544
3 17 895 160
3 18 634 454
4 9 848 312
4 13 771 765
4 15 716 766
5 11 478 65
5 16 589 826
5 17 324 52
6 7 323 151
6 9 73 948
6 14 828 729
6 18 200 689
7 10 609 360
7 12 417 377
7 18 364 408
8 11 636 152
8 12 673 528
8 14 68 556
8 18 261 576
9 14 781 963
9 15 901 184
9 18 602 199
10 14 75 651
10 15 137 157
10 17 775 696
11 14 852 622
11 17 970 154
12 17 526 326
13 15 741 519
16 17 326 102
16 18 450 118
