19 2
0 1 710 444
0 3 869 437
0 4 521 402
0 5 843 363
0 6 466 226
0 7 62 182
0 8 233 629
0 9 596 758
0 10 371 378
0 11 167 799
0 12 550 337
0 13 164 796
0 14 954 870
0 15 929 623
0 16 581 731
0 17 211 796
0 18 311 649
1 3 472 476
1 4 163 148
1 5 829 782
1 6 917 833
1 8 303 494
1 9 923 605
1 10 346 715
1 12 474 723
1 13 368 620
1 14 479 773
1 15 939 956
1 16 533 932
1 17 909 545
2 3 111 714
2 4 577 470
2 6 75 210
2 8 156 207
2 10 477 272
2 11 469 581
2 12 262 790
2 13 566 713
2 14 490 749
2 16 932 360
2 18 596 780
3 4 741 403
3 6 818 816
3 7 337 207
3 8 80 856
3 9 924 239
3 10 596 201
3 11 451 76
3 13 469 792
3 16 64 981
3 17 691 997
4 5 60 430
4 6 879 903
4 7 362 554
4 10 367 137
4 11 103 332
4 13 913 561
4 18 91 866
5 7 251 63
5 8 433 958
5 9 419 549
5 10 593 788
5 12 793 784
5 13 481 81
5 14 525 507
5 15 149 865
5 16 850 348
5 17 86 797
6 7 771 339
6 9 655 90
6 10 84 433
6 11 412 511
6 12 889 97
6 13 610 956
6 14 863 640
6 17 929 568
7 9 346 279
7 10 224 601
7 11 599 636
7 12 689 741
7 13 101 220
7 14 209 887
7 15 199 977
7 16 692 553
7 17 144 85
7 18 947 78
8 9 516 697
8 10 653 662
8 11 361 741
8 12 690 789
8 13 768 183
8 14 816 126
8 15 708 740
8 16 677 785
8 17 363 252
9 12 422 998
9 13 620 726
9 14 92 851
9 15 574 718
10 11 141 428
10 13 536 249
10 14 526 556
10 15 702 304
10 17 277 104
11 12 568 289
11 13 723 324
11 14 280 910
11 15 777 724
11 16 706 548
11 17 474 183
11 18 385 433
12 13 973 709
12 14 983 112
12 15 954 621
12 16 545 95
12 17 860 581
12 18 933 500
13 14 409 539
13 15 373 590
13 16 311 259
13 18 976 331
14 15 764 726
14 16 400 253
14 18 434 689
15 16 116 56
15 17 813 58
15 18 771 859
16 17 848 833
16 18 567 808
17 18 326 496
