19 2
0 4 387 224
0 9 483 962
1 3 723 422
1 9 899 407
1 13 313 880
1 15 469 62
1 18 757 482
2 3 754 58
2 6 755 766
2 8 566 833
2 13 440 175
3 9 755 505
3 12 303 983
3 16 571 54
4 6 599 366
4 7 106 586
4 9 735 998
4 10 667 98
4 11 303 223
4 16 393 646
5 6 503 583
5 9 988 467
5 13 263 87
5 14 129 152
5 15 465 859
6 10 900 875
6 12 756 377
6 13 507 459
6 16 754 856
7 10 498 936
7 13 661 78
7 17 467 693
8 11 617 657
8 12 746 885
8 13 128 695
8 15 695 981
9 10 122 592
9 17 61 831
10 15 249 386
11 13 967 672
11 15 185 614
11 16 417 137
12 13 385 602
12 14 109 989
12 17 947 554
12 18 763 648
13 14 426 475
13 15 775 400
14 15 340 750
16 17 336 903
