19 2
0 2 159 78
0 3 736 510
0 4 221 674
0 5 361 998
0 7 120 667
0 10 285 905
0 11 804 980
0 13 923 54
0 15 940 305
1 2 699 526
1 3 833 979
1 6 885 657
1 12 736 381
1 16 191 629
1 18 394 495
2 3 116 259
2 4 191 57
2 7 364 642
2 10 701 124
2 13 103 194
2 15 629 287
2 17 938 698
3 5 967 272
3 6 508 544
3 7 249 210
3 8 745 620
3 9 577 385
3 15 304 213
3 18 851 811
4 9 734 336
4 10 407 204
4 11 520 317
4 13 980 79
4 14 963 505
4 16 589 861
4 18 258 351
5 6 306 431
5 8 819 526
5 11 315 577
5 12 254 173
5 13 770 327
5 14 216 916
5 16 197 766
5 17 264 868
6 9 73 629
6 11 809 262
6 12 752 328
6 13 891 962
6 14 245 632
6 17 634 926
6 18 81 289
7 9 934 337
7 10 963 433
7 13 456 287
7 14 620 722
7 15 646 352
7 16 377 658
7 17 957 893
8 12 938 119
9 10 449 851
9 11 970 200
9 15 948 908
9 18 378 391
10 11 631 343
10 13 191 937
10 15 119 485
10 17 836 878
11 14 996 942
11 17 724 356
11 18 423 274
12 13 595 982
12 15 540 489
12 16 888 134
12 17 629 575
13 15 111 465
13 16 694 594
13 17 348 206
13 18 297 247
14 15 155 192
15 16 861 389
15 17 888 185
16 17 183 637
