19 2
0 1 978 646
0 2 308 117
0 3 224 596
0 4 213 86
0 5 825 350
0 6 180 774
0 7 787 361
0 9 437 750
0 10 130 400
0 12 620 983
0 14 591 662
0 15 864 839
0 16 940 81
0 17 275 904
0 18 291 562
1 2 917 673
1 3 497 546
1 4 247 311
1 5 884 357
1 6 662 870
1 7 419 980
1 8 879 746
1 10 643 833
1 11 272 621
1 12 874 825
1 13 764 571
1 14 426 606
1 15 931 748
1 16 816 841
1 17 674 752
2 5 410 879
2 7 417 166
2 8 260 412
2 9 638 319
2 10 768 975
2 11 800 219
2 12 660 523
2 13 762 416
2 15 274 276
2 16 185 276
2 17 474 664
3 4 145 642
3 5 428 215
3 6 316 568
3 7 167 209
3 8 895 152
3 9 808 378
3 16 899 495
3 17 718 740
3 18 203 621
4 5 150 154
4 7 171 375
4 8 917 474
4 9 479 386
4 10 937 744
4 11 389 167
4 12 995 464
4 13 346 494
4 14 861 221
4 15 376 760
4 16 973 947
4 18 741 396
5 6 774 672
5 7 369 565
5 8 194 917
5 9 801 339
5 10 606 455
5 11 923 702
5 13 143 403
5 14 545 121
5 15 858 764
5 17 525 198
6 7 601 677
6 8 88 515
6 9 243 807
6 10 665 500
6 12 585 86
6 13 731 621
6 14 395 886
6 15 872 585
6 17 498 542
6 18 344 487
7 10 288 976
7 11 837 91
7 12 822 819
7 13 334 510
7 14 445 561
7 15 539 792
7 17 290 543
7 18 518 815
8 9 219 871
8 10 611 783
8 11 258 716
8 12 359 329
8 13 313 601
8 14 426 820
8 15 669 55
8 16 330 590
8 17 374 247
8 18 712 432
9 10 837 691
9 14 823 349
9 16 223 627
9 17 657 572
9 18 548 425
10 12 352 351
10 13 606 620
10 14 928 540
10 15 964 829
10 16 840 325
10 17 658 332
11 12 940 624
11 13 293 491
11 15 621 55
11 16 229 751
11 17 380 990
11 18 756 114
12 13 858 637
12 14 117 818
12 15 64 750
12 16 449 592
12 17 284 709
12 18 332 613
13 15 939 821
13 16 157 324
13 17 254 143
13 18 407 559
14 16 156 407
14 17 276 315
15 16 531 734
16 17 459 266
16 18 892 829
17 18 526 52
