19 2
0 1 594 830
0 3 252 86
0 4 140 683
0 6 133 275
0 7 428 507
0 9 799 673
0 10 615 317
0 11 970 857
0 12 343 903
0 13 125 283
0 14 959 808
0 15 778 715
0 16 237 70
1 2 385 961
1 5 404 138
1 6 483 354
1 7 176 929
1 10 471 560
1 11 345 740
1 12 383 643
1 13 529 696
1 14 575 216
1 15 501 706
1 17 424 549
1 18 559 487
2 3 614 557
2 4 305 512
2 5 352 355
2 6 350 158
2 8 948 203
2 9 600 923
2 10 199 983
2 11 747 997
2 12 118 411
2 13 917 106
2 14 997 788
2 15 721 629
2 16 413 845
2 17 322 801
3 4 525 836
3 6 673 582
3 7 608 795
3 8 848 792
3 9 443 298
3 10 825 113
3 11 837 689
3 12 792 161
3 13 74 246
3 14 800 668
3 15 848 721
3 17 816 778
4 6 387 718
4 9 587 895
4 12 636 906
4 13 545 403
4 14 52 490
4 15 244 647
4 18 319 496
5 6 636 259
5 8 368 201
5 10 130 334
5 11 585 528
5 13 277 650
5 15 392 579
5 16 327 717
5 17 421 823
5 18 94 613
6 7 644 843
6 9 457 553
6 10 506 944
6 12 953 113
6 13 586 836
6 14 387 760
6 15 946 375
6 16 235 432
6 17 368 125
6 18 328 987
7 8 192 797
7 9 228 503
7 11 944 866
7 12 673 258
7 13 998 319
7 14 427 120
7 17 918 992
8 9 766 182
8 10 356 836
8 11 599 197
8 12 71 325
8 13 888 346
8 14 157 86
8 15 871 371
8 16 543 262
8 17 681 159
9 10 173 999
9 11 971 232
9 12 847 482
9 14 919 945
9 16 177 586
9 18 516 343
10 11 254 642
10 12 578 239
10 13 905 142
10 14 309 247
10 17 243 661
10 18 266 357
11 12 133 645
11 13 206 111
11 15 447 421
11 17 791 817
11 18 308 628
12 13 518 854
12 14 179 681
12 16 542 581
12 17 251 253
12 18 370 354
13 14 796 82
13 15 940 386
13 16 327 548
14 17 713 456
15 16 832 403
15 17 720 956
15 18 253 557
16 17 91 481
17 18 410 955
