19 2
0 1 860 851
0 4 849 787
0 5 657 616
0 6 806 776
0 7 411 171
0 8 219 549
0 9 248 604
0 10 172 747
0 12 733 885
0 15 960 118
0 16 558 82
1 2 780 798
1 4 890 692
1 10 850 377
1 11 648 803
1 14 309 362
1 15 425 125
1 18 200 452
2 3 251 563
2 4 321 553
2 6 409 166
2 9 705 193
2 11 743 742
2 12 97 558
2 13 940 479
2 15 785 308
2 16 360 468
2 18 222 749
3 4 592 394
3 5 791 273
3 9 484 615
3 10 772 237
3 11 257 521
3 12 883 552
3 13 936 384
3 14 117 952
3 16 273 209
3 18 850 604
4 6 805 610
4 9 823 796
4 10 795 507
4 11 399 132
4 12 768 387
4 13 202 114
4 14 925 830
4 17 670 316
5 8 868 246
5 9 449 490
5 10 798 53
5 15 759 362
5 16 843 829
5 17 744 368
5 18 518 235
6 8 769 529
6 13 904 842
6 14 237 674
6 15 388 418
6 16 108 620
7 10 749 75
7 11 643 384
7 15 663 476
8 13 600 553
8 15 926 247
8 16 493 410
8 18 862 805
9 10 513 393
9 11 988 785
9 14 864 266
9 15 845 186
9 16 77 262
9 17 315 368
10 11 488 649
10 12 670 736
10 17 917 82
10 18 771 947
11 12 965 826
11 15 724 215
11 16 949 208
12 14 84 99
12 16 948 987
12 17 488 879
13 18 791 767
14 15 941 883
14 16 932 967
15 16 165 202
15 17 104 211
16 17 835 972
17 18 838 251
