19 2
0 2 388 276
0 5 233 769
0 6 591 595
0 7 654 626
0 8 815 793
0 9 484 760
0 10 492 576
0 12 598 284
0 14 587 728
0 16 543 662
0 18 377 168
1 2 148 549
1 4 485 756
1 5 763 396
1 9 211 360
1 10 75 345
1 17 670 706
1 18 726 582
2 4 216 395
2 6 450 81
2 7 550 283
2 8 580 648
2 9 970 952
2 11 679 613
2 12 92 92
2 13 99 120
3 4 816 730
3 6 220 666
3 7 760 400
3 8 453 787
3 9 670 416
3 10 271 311
3 12 967 162
3 13 855 316
3 14 732 379
3 16 837 995
3 17 808 428
4 6 935 916
4 13 266 284
4 14 63 928
4 15 717 187
4 16 137 201
4 17 588 779
5 6 715 158
5 8 449 245
5 11 764 720
5 13 615 170
5 14 201 997
5 15 195 484
5 17 859 592
5 18 566 215
6 8 400 812
6 9 348 276
6 10 821 718
6 12 863 937
6 14 140 110
6 15 768 634
6 18 960 62
7 9 968 306
7 10 588 375
7 12 363 773
7 13 439 131
7 16 378 709
8 12 953 854
8 13 320 838
8 14 596 441
8 15 243 67
8 16 568 744
9 13 941 153
9 14 290 420
9 16 220 119
9 17 604 197
9 18 881 739
10 13 532 669
10 15 827 516
10 17 925 643
11 12 277 266
11 13 545 590
11 16 538 809
11 18 388 88
12 16 82 596
12 18 800 945
13 14 705 864
13 15 278 821
13 16 289 352
14 16 84 630
16 17 311 437
