19 2
0 12 789 971
0 14 630 625
0 17 377 204
0 18 146 69
1 3 799 725
1 7 580 198
1 12 876 491
1 16 245 71
2 4 518 763
2 7 467 659
2 13 519 833
2 17 372 892
2 18 61 868
3 17 386 282
4 14 384 86
4 15 664 798
4 16 725 511
4 17 357 273
5 10 933 263
5 11 731 301
5 12 741 177
5 16 731 700
5 17 756 423
6 7 472 823
6 12 444 788
6 15 373 480
7 16 587 686
8 9 569 596
8 10 354 802
8 11 283 343
8 12 787 353
9 10 85 487
9 14 402 673
9 16 232 246
10 17 474 307
11 13 727 491
11 14 921 130
12 13 341 759
12 14 780 210
13 14 747 967
13 17 153 650
14 16 651 732
14 17 708 754
15 18 285 926
