19 2
0 1 337 540
0 2 918 300
0 3 824 761
0 4 665 679
0 5 433 173
0 6 965 608
0 8 915 313
0 9 314 134
0 12 381 866
0 13 446 283
0 14 462 938
0 15 368 202
0 16 930 79
0 17 411 889
0 18 72 134
1 2 60 653
1 3 727 703
1 6 305 818
1 7 258 151
1 8 664 115
1 9 718 865
1 10 245 152
1 11 654 238
1 12 662 580
1 14 334 328
1 15 689 484
1 17 891 729
1 18 954 462
2 3 491 720
2 4 832 226
2 7 696 942
2 8 900 660
2 9 380 899
2 10 381 732
2 11 229 339
2 12 688 308
2 13 303 585
2 14 866 687
2 15 767 59
2 16 888 215
2 17 365 353
2 18 713 600
3 4 88 446
3 5 449 201
3 6 965 663
3 7 592 848
3 8 621 215
3 9 348 388
3 12 903 567
3 13 529 521
3 14 299 459
3 15 112 454
3 16 587 640
3 17 644 929
3 18 471 965
4 6 520 623
4 7 216 891
4 9 678 580
4 10 717 937
4 11 890 275
4 12 640 858
4 13 795 171
4 14 609 267
4 15 418 786
4 16 654 198
4 18 933 142
5 6 740 945
5 7 288 261
5 8 875 90
5 9 949 805
5 10 251 533
5 11 225 408
5 13 130 762
5 14 374 391
5 16 487 377
5 17 879 697
5 18 856 116
6 7 748 640
6 8 752 144
6 10 145 755
6 11 286 513
6 12 810 579
6 13 454 155
6 14 73 951
6 15 90 297
6 16 815 786
6 17 61 410
6 18 989 689
7 9 921 814
7 10 346 916
7 12 513 936
7 13 107 757
7 14 805 389
7 15 258 503
7 16 786 842
7 17 994 892
7 18 236 577
8 9 506 591
8 10 374 157
8 11 222 533
8 12 598 939
8 13 721 382
8 14 925 876
8 15 703 936
8 16 820 412
8 18 682 428
9 10 537 221
9 11 156 983
9 12 925 633
9 13 714 489
9 15 888 756
9 16 949 402
9 17 61 976
9 18 514 407
10 11 949 356
10 14 386 953
10 15 741 763
10 16 251 708
10 17 784 582
10 18 956 581
11 12 633 378
11 13 708 715
11 14 762 776
11 15 471 366
11 16 300 139
12 13 807 543
12 14 877 734
12 15 867 862
12 16 765 136
12 17 309 725
12 18 533 554
13 14 525 145
13 17 740 437
13 18 524 275
14 16 324 411
14 17 54 69
14 18 637 794
15 16 339 574
15 17 97 507
15 18 257 125
16 18 261 846
17 18 129 727
