19 2
0 1 880 282
0 2 633 839
0 3 487 298
0 4 92 472
0 5 715 320
0 6 996 908
0 7 90 911
0 8 164 545
0 9 174 576
0 11 308 713
0 12 92 624
0 13 849 602
0 15 785 539
0 16 256 850
0 17 901 586
0 18 89 313
1 2 718 749
1 3 778 125
1 5 810 575
1 7 250 971
1 8 603 568
1 9 428 583
1 10 561 486
1 11 427 155
1 12 626 834
1 13 127 98
1 14 141 444
1 16 645 116
1 17 300 794
2 4 413 243
2 5 50 617
2 7 481 792
2 9 581 855
2 10 139 848
2 11 829 812
2 12 604 643
2 15 436 868
2 16 561 631
2 17 699 956
2 18 343 388
3 5 420 973
3 6 582 560
3 7 610 776
3 8 832 214
3 9 845 790
3 10 65 80
3 11 718 431
3 12 857 701
3 13 217 123
3 14 164 929
3 15 216 260
3 16 648 301
3 17 389 993
3 18 558 663
4 5 151 475
4 8 388 99
4 9 909 455
4 10 371 453
4 13 79 522
4 15 503 989
4 18 949 768
5 6 276 832
5 7 188 521
5 9 657 298
5 11 168 328
5 13 736 172
5 14 477 163
5 15 678 140
5 16 944 984
5 17 905 793
5 18 429 693
6 7 963 81
6 8 998 648
6 9 736 522
6 10 429 880
6 11 153 200
6 13 829 929
6 15 567 932
6 16 242 708
6 17 317 110
6 18 849 879
7 8 725 780
7 9 316 214
7 10 370 52
7 11 529 126
7 12 604 480
7 13 813 377
7 14 841 157
7 15 372 105
7 16 335 304
7 17 279 217
7 18 134 129
8 9 208 709
8 11 816 968
8 12 386 956
8 13 367 237
8 15 485 393
8 16 946 926
8 17 430 205
8 18 741 68
9 11 555 307
9 12 555 647
9 13 610 720
9 14 725 831
9 15 100 120
9 16 975 168
9 17 776 85
10 14 383 220
10 15 540 821
10 16 224 968
10 17 931 196
10 18 647 360
11 13 421 410
11 15 665 353
11 16 612 754
11 17 191 62
11 18 947 490
12 13 250 965
12 14 331 446
12 16 199 156
12 17 874 440
12 18 679 777
13 14 356 386
13 15 558 456
13 16 256 497
13 18 872 545
14 15 474 493
14 16 283 112
14 17 573 893
14 18 184 876
15 16 812 177
15 17 76 84
15 18 915 458
16 17 941 250
16 18 146 443
