19 3
0 1 687 464 903
0 2 444 133 372
0 3 325 268 534
0 5 151 803 225
0 6 869 417 789
0 7 431 319 406
0 8 597 674 462
0 11 484 446 276
0 18 379 71 251
1 6 614 707 717
1 7 570 168 452
1 8 335 413 803
1 9 364 84 919
1 10 888 156 907
1 11 184 60 683
1 14 119 391 99
1 15 798 900 968
2 5 286 619 328
2 6 358 764 365
2 7 906 562 639
2 8 598 848 438
2 12 220 729 249
2 13 766 465 118
2 16 997 811 445
2 17 101 402 599
3 4 242 716 97
3 5 666 996 149
3 6 229 248 705
3 9 734 50 256
3 10 959 527 449
3 11 766 996 248
3 13 362 845 418
3 15 682 421 67
3 17 614 382 146
3 18 633 897 927
4 5 736 999 567
4 7 800 571 356
4 8 267 104 728
4 9 236 810 358
4 10 474 385 205
4 11 227 901 898
4 16 133 467 389
4 17 739 734 236
5 6 155 380 539
5 7 730 716 896
5 12 932 268 212
5 13 148 274 305
5 14 596 142 495
5 16 438 662 752
5 17 450 491 138
6 10 464 941 644
6 11 780 586 221
6 12 494 659 385
6 18 549 71 864
7 10 109 815 385
7 13 741 64 775
7 14 633 742 205
7 17 186 255 636
7 18 658 839 105
8 9 399 679 409
8 12 210 296 575
8 13 494 691 590
8 18 432 963 649
9 10 301 848 829
9 11 429 81 430
9 15 159 419 373
9 16 629 654 274
9 17 414 106 825
9 18 862 147 166
10 11 887 841 445
10 12 734 869 503
10 14 664 593 325
10 15 824 167 728
11 12 138 667 929
11 13 373 430 389
11 15 856 671 920
11 16 216 118 108
11 17 519 491 635
12 13 616 923 599
12 14 888 646 872
12 17 65 362 415
13 14 707 550 789
13 15 483 564 282
13 16 963 795 995
13 18 795 467 698
14 15 878 907 641
15 16 544 194 312
15 18 205 150 362
16 17 409 331 613
16 18 923 107 606
17 18 875 316 813
