19 3
0 2 261 243 969
0 8 367 373 429
0 10 235 566 52
0 13 371 796 306
0 14 404 409 310
0 16 332 155 958
0 18 143 953 186
1 14 938 539 419
1 15 420 89 283
1 17 989 347 199
2 4 809 957 914
2 14 629 300 858
2 15 461 209 692
2 16 832 265 187
3 4 581 290 891
3 5 62 785 267
3 9 472 713 913
3 12 114 634 384
4 5 251 942 540
4 7 753 369 549
4 9 381 547 172
4 13 794 644 282
5 6 411 409 860
5 10 867 254 677
6 7 689 777 95
6 17 558 391 272
7 8 172 996 73
7 11 485 774 363
7 17 808 120 132
8 9 673 136 399
8 11 726 201 135
8 17 998 429 485
8 18 630 378 483
9 10 182 882 629
9 11 342 411 792
9 12 512 821 990
9 13 52 228 921
10 12 684 926 71
10 15 352 500 137
11 13 602 631 305
12 16 522 445 817
12 18 679 247 107
13 14 900 529 724
14 15 231 637 487
15 16 223 65 701
15 18 342 99 756
