19 3
0 4 123 986 807
0 5 896 70 779
0 14 55 256 394
0 18 391 914 259
1 5 449 328 810
1 10 760 526 383
1 13 102 486 623
1 15 194 663 98
1 17 916 336 713
2 4 601 665 506
2 5 348 634 480
2 12 421 332 848
2 14 902 828 606
3 4 884 425 502
3 12 433 187 670
3 13 75 796 748
4 7 178 53 959
4 8 354 95 120
4 9 956 342 952
4 11 885 704 948
4 14 423 571 131
4 16 50 919 845
5 10 825 563 998
5 12 455 758 422
5 14 538 427 932
5 18 75 762 446
6 16 281 204 320
6 17 394 894 869
7 11 238 915 890
7 13 302 763 181
7 15 237 927 350
7 16 631 370 846
8 15 886 166 815
8 16 631 114 685
8 18 849 399 411
9 18 798 900 423
10 14 413 481 637
12 15 859 719 909
12 17 630 142 187
17 18 334 668 144
