19 3
0 4 287 636 319
0 7 488 482 205
0 8 254 224 901
0 13 859 763 202
0 14 530 543 155
0 18 344 520 947
1 3 173 949 381
1 4 526 876 711
1 7 943 993 286
1 13 774 893 288
2 4 367 571 257
2 5 578 138 152
2 16 190 80 660
2 17 150 108 276
3 4 254 674 159
3 11 749 359 947
3 12 537 996 776
3 15 184 115 654
3 18 211 252 614
4 7 789 590 407
4 10 157 118 583
4 17 123 299 913
5 13 381 246 118
5 16 854 301 677
5 17 689 131 886
6 8 743 861 184
7 11 440 611 270
9 11 315 489 879
9 12 937 326 282
9 17 482 197 220
10 12 865 875 839
10 13 405 382 818
10 15 58 919 474
10 16 594 227 220
11 12 326 487 580
11 14 80 93 752
12 14 993 52 332
13 16 984 647 87
14 15 77 525 454
14 16 353 456 249
15 16 69 108 600
15 17 616 668 124
15 18 171 877 821
