19 3
0 1 338 199 494
0 2 725 976 568
0 3 703 745 268
0 5 251 405 82
0 6 141 64 727
0 7 853 474 625
0 8 992 904 557
0 9 770 546 319
0 10 908 230 921
0 11 738 758 579
0 12 885 376 181
0 13 695 304 631
0 14 931 332 212
0 15 603 513 988
0 17 228 422 586
0 18 593 195 169
1 3 263 903 872
1 4 666 147 856
1 6 758 199 582
1 7 646 578 936
1 8 735 989 245
1 9 486 481 537
1 10 900 757 134
1 12 594 816 595
1 13 929 515 664
1 14 203 167 921
1 17 167 669 147
2 3 289 186 801
2 4 343 861 703
2 5 645 160 343
2 6 161 59 226
2 8 939 332 803
2 9 502 997 758
2 10 660 184 530
2 13 539 217 422
2 15 494 842 879
2 16 740 191 747
2 17 221 431 417
2 18 615 490 571
3 4 616 315 195
3 5 344 710 665
3 6 870 781 991
3 7 661 359 562
3 8 665 530 541
3 9 624 586 867
3 11 607 386 995
3 13 132 370 534
3 14 354 475 314
3 17 956 954 987
4 5 209 838 293
4 6 287 407 711
4 7 480 639 193
4 9 374 450 416
4 10 379 951 393
4 11 840 999 878
4 12 375 530 56
4 13 435 669 922
4 14 506 943 876
4 15 199 370 639
4 17 978 286 827
4 18 205 217 905
5 6 219 922 312
5 7 648 905 495
5 8 76 437 446
5 10 631 369 357
5 11 737 620 675
5 13 309 258 877
5 15 493 257 895
5 16 359 64 711
5 17 317 882 138
5 18 575 88 890
6 7 981 598 865
6 8 912 181 917
6 10 429 279 822
6 11 935 138 468
6 12 852 149 912
6 13 603 925 73
6 14 485 843 503
6 15 897 941 670
6 16 661 173 187
6 17 919 111 985
6 18 399 973 518
7 8 245 955 622
7 9 888 155 712
7 11 831 265 500
7 12 428 507 125
7 13 186 859 336
7 14 347 359 323
7 15 680 577 813
7 17 685 448 677
8 9 653 859 285
8 10 352 263 271
8 12 950 813 830
8 13 446 546 510
8 15 946 329 336
8 16 324 507 642
8 17 713 899 933
8 18 70 906 618
9 10 900 703 272
9 13 330 442 607
9 14 677 390 356
9 15 811 444 777
9 16 498 990 805
9 17 814 612 540
9 18 134 576 680
10 11 495 619 492
10 12 140 860 256
10 14 116 804 518
10 15 147 978 332
10 17 169 73 502
10 18 682 158 195
11 12 426 656 315
11 13 770 837 784
11 15 762 329 721
11 16 155 519 713
12 13 783 622 203
12 14 673 589 184
12 15 745 353 596
12 17 88 645 217
12 18 237 272 86
13 14 262 306 687
13 15 216 958 509
13 17 313 554 333
13 18 284 443 899
14 16 437 630 257
14 17 244 725 333
14 18 779 989 170
15 16 406 127 430
15 17 213 930 582
16 17 403 933 620
16 18 925 876 252
17 18 316 339 228
