19 3
0 1 194 414 199
0 2 367 906 973
0 16 675 735 215
1 2 592 785 124
1 11 227 647 197
1 12 459 843 411
1 15 50 60 729
1 16 179 416 88
2 4 96 835 726
2 8 381 208 574
2 9 708 235 60
2 10 119 348 556
2 12 239 801 459
2 14 157 597 80
3 10 576 984 873
3 17 912 906 53
4 5 166 287 275
4 12 104 937 431
4 14 962 74 463
4 15 796 825 822
5 6 86 269 265
5 12 512 589 985
5 13 787 471 56
6 8 533 925 965
6 9 394 889 270
6 11 108 567 996
6 15 787 187 927
6 16 761 937 153
7 11 526 606 532
7 12 659 798 932
7 14 143 780 891
7 15 805 795 101
7 17 397 882 876
8 9 352 948 232
8 13 642 677 711
8 15 412 369 474
9 10 880 115 124
9 12 742 204 743
9 14 649 953 953
9 18 871 459 280
10 11 645 560 849
10 12 542 815 943
11 12 598 793 398
11 16 526 581 440
12 17 112 591 348
13 16 690 476 802
15 18 485 205 653
16 17 98 314 903
16 18 954 451 290
