19 3
0 1 389 466 927
0 3 894 370 744
0 6 783 904 866
0 10 946 711 747
0 13 210 195 160
0 17 398 860 148
1 2 515 891 816
1 3 720 949 514
1 8 932 122 61
1 9 519 101 640
1 10 844 898 125
1 12 745 850 95
1 13 652 531 745
1 14 960 390 836
1 15 150 494 850
1 17 865 665 865
1 18 440 498 157
2 3 599 328 227
2 4 68 659 277
2 5 599 293 85
2 13 725 62 839
2 14 602 388 760
2 16 737 102 357
2 17 86 933 169
2 18 878 323 279
3 9 786 759 745
3 10 377 165 154
3 12 667 316 977
3 13 708 330 464
3 15 814 248 971
3 16 717 501 880
3 17 426 904 167
3 18 424 680 361
4 5 766 103 83
4 7 529 901 640
4 9 834 884 471
4 10 233 363 219
4 11 399 432 82
4 13 285 562 328
5 7 355 870 257
5 8 700 457 72
5 11 675 365 646
5 13 92 294 535
5 14 832 166 873
5 17 308 82 767
5 18 527 208 550
6 9 467 337 425
6 11 879 690 493
6 12 635 744 255
6 13 310 577 656
6 14 392 777 847
6 15 857 108 786
6 16 610 819 230
6 17 377 552 508
7 8 713 545 229
7 9 417 90 305
7 12 621 782 733
7 17 263 565 933
7 18 308 309 62
8 10 150 754 673
8 13 176 772 326
8 14 189 446 975
8 18 93 529 932
9 12 838 637 758
9 14 395 548 423
9 16 908 369 335
9 17 213 793 515
10 12 243 509 556
10 13 880 517 245
10 14 264 244 203
10 15 467 930 659
10 16 381 263 775
10 17 51 848 773
10 18 62 933 535
11 15 685 568 297
11 17 811 951 326
12 13 505 442 586
12 16 974 226 210
13 15 746 544 577
13 16 481 790 465
13 18 388 590 468
14 17 59 254 115
14 18 442 869 840
15 16 994 60 830
15 17 488 133 311
15 18 128 454 605
16 18 630 486 623
