19 3
0 3 316 254 114
0 4 833 343 89
0 5 668 838 755
0 6 608 902 688
0 7 974 662 768
0 8 282 300 769
0 9 537 361 941
0 10 464 831 593
0 11 991 99 695
0 12 389 835 973
0 13 502 566 479
0 15 181 562 642
0 17 62 502 510
1 8 625 788 972
1 9 277 504 136
1 10 333 576 317
1 11 540 489 620
1 14 411 178 101
1 15 461 892 838
1 16 465 782 332
1 17 238 640 59
2 3 56 510 594
2 5 299 723 501
2 6 922 775 972
2 7 245 974 881
2 9 335 786 168
2 12 528 224 745
2 14 777 706 564
2 17 291 78 658
2 18 234 641 280
3 6 447 963 730
3 7 519 849 146
3 9 265 725 561
3 10 156 466 814
3 12 252 114 757
3 13 222 346 477
3 15 60 386 541
3 16 218 656 152
4 7 296 260 264
4 9 728 622 880
4 10 733 325 760
4 14 656 468 900
4 15 199 211 910
5 6 755 848 385
5 8 608 451 665
5 9 129 59 55
5 12 120 608 202
5 13 248 904 589
5 15 294 401 467
5 17 862 243 448
6 14 351 635 464
6 17 827 460 355
6 18 239 735 670
7 9 246 957 999
7 10 643 384 259
7 13 407 713 745
7 17 359 303 377
7 18 231 734 959
8 10 324 885 907
8 11 218 850 780
8 13 826 499 763
8 15 245 128 750
8 16 78 745 481
9 11 768 66 316
9 12 709 386 206
9 15 832 497 101
9 16 704 245 631
9 18 367 818 841
10 11 578 861 433
10 12 993 186 631
10 15 671 819 121
10 16 283 606 283
10 18 547 580 749
11 12 763 246 877
11 13 596 362 554
12 13 51 122 441
12 14 924 696 190
12 15 919 59 626
12 18 756 250 896
13 14 667 984 605
13 16 417 973 378
13 17 610 76 656
14 16 287 234 160
15 17 252 474 394
15 18 75 191 818
16 17 947 212 671
16 18 995 946 865
