19 3
0 3 301 146 796
0 4 988 214 163
0 5 989 136 396
0 6 55 769 593
0 9 444 134 440
0 10 94 554 692
0 16 315 148 190
0 18 797 584 956
1 8 860 508 639
1 9 252 394 301
1 10 339 660 386
1 11 701 535 312
1 12 885 186 951
1 15 301 948 347
1 16 115 581 597
2 4 806 286 354
2 5 536 985 124
2 7 641 283 904
2 8 68 206 625
2 11 382 827 305
2 12 598 509 662
2 13 774 286 539
2 15 338 762 844
2 16 67 799 940
2 18 115 146 572
3 5 435 993 595
3 9 968 716 232
3 11 539 810 263
3 12 339 946 799
3 15 464 818 289
3 17 249 366 219
3 18 741 82 285
4 9 359 702 751
4 12 565 223 127
4 13 543 274 754
4 14 885 181 692
5 6 192 151 545
5 9 284 318 99
5 16 773 712 205
5 18 783 568 951
6 9 445 179 111
6 11 944 639 91
6 12 981 305 476
6 13 276 488 164
6 17 819 169 620
7 9 500 192 347
7 10 997 454 387
7 13 211 808 560
7 16 242 564 880
8 11 475 548 145
8 12 959 687 640
8 14 401 436 619
8 16 922 93 359
8 17 422 374 610
8 18 264 206 119
9 13 597 139 851
9 14 189 733 403
9 15 653 200 909
9 16 527 285 73
9 18 411 606 124
10 12 307 515 978
10 14 932 883 408
10 15 872 370 362
11 16 897 118 541
12 13 558 686 829
12 14 482 779 176
12 16 448 325 452
13 14 951 150 313
13 15 766 492 627
13 16 276 820 124
15 16 668 458 990
16 18 886 53 627
