19 3
0 1 191 289 795
0 2 351 149 325
0 3 726 137 169
0 4 305 712 259
0 7 142 432 675
0 11 60 380 357
0 15 584 880 335
0 16 707 944 404
0 18 130 796 695
1 3 923 88 597
1 4 823 940 397
1 6 484 318 203
1 7 75 589 861
1 8 990 89 69
1 9 318 150 565
1 10 152 722 476
2 3 583 957 558
2 4 195 330 324
2 7 548 750 564
2 10 554 899 479
2 11 335 782 449
2 12 842 656 270
2 13 806 292 821
2 16 174 793 671
2 17 137 717 290
3 4 632 910 232
3 11 858 272 944
3 15 705 342 617
3 16 673 363 534
4 5 700 783 384
4 6 232 388 517
4 9 624 862 429
4 12 961 920 153
4 14 709 429 849
4 15 357 973 824
4 18 414 835 165
5 7 269 80 165
5 8 549 763 815
5 10 426 397 240
5 17 651 719 493
6 7 341 186 593
6 9 494 870 970
6 13 699 299 568
6 18 87 474 708
7 8 194 945 456
7 9 571 563 149
7 10 763 733 953
7 11 937 781 705
7 12 996 396 516
7 13 71 962 529
7 15 285 944 650
7 16 832 74 724
7 17 521 625 440
8 9 694 170 865
8 10 425 978 281
8 12 986 147 835
8 13 475 438 280
8 14 685 730 241
8 15 512 234 542
8 16 882 264 573
9 10 918 980 116
9 13 474 120 415
9 14 371 665 776
10 11 886 498 549
10 16 782 838 587
10 17 908 192 523
10 18 684 53 112
11 13 319 126 183
11 16 113 984 445
11 17 97 625 759
11 18 634 127 713
12 14 934 171 126
12 17 953 429 868
13 18 822 76 756
14 15 442 766 973
14 17 59 610 755
14 18 805 806 91
15 16 724 526 400
15 17 576 90 417
15 18 270 490 366
16 17 861 833 91
16 18 420 379 68
17 18 200 375 619
