19 3
0 1 629 720 420
0 3 310 766 822
0 4 297 297 409
0 5 275 606 646
0 6 991 218 520
0 7 431 130 488
0 8 981 675 520
0 9 855 306 234
0 10 362 317 749
0 11 323 721 905
0 12 260 224 735
0 13 544 171 803
0 15 189 318 635
0 16 668 439 441
0 17 536 608 778
0 18 702 414 996
1 2 201 118 702
1 3 580 322 768
1 4 411 455 299
1 5 747 968 387
1 6 138 934 53
1 8 387 741 52
1 10 366 624 991
1 11 262 310 911
1 13 843 321 943
1 14 336 789 505
1 15 376 728 220
1 16 646 277 100
1 17 875 65 407
1 18 683 443 427
2 3 281 409 492
2 5 512 379 387
2 6 189 173 914
2 7 605 433 444
2 8 645 462 99
2 10 598 476 655
2 11 972 243 408
2 12 769 167 133
2 13 855 86 477
2 14 186 395 851
2 15 270 431 244
2 16 117 982 665
2 17 109 947 556
2 18 322 388 958
3 4 510 948 312
3 5 750 51 229
3 6 123 76 679
3 7 219 523 972
3 8 485 418 312
3 9 474 957 618
3 11 172 242 535
3 15 439 74 503
3 16 110 135 96
4 5 501 809 374
4 6 141 92 544
4 7 339 673 115
4 9 816 308 349
4 11 703 938 653
4 12 826 417 528
4 13 400 897 90
4 14 599 661 551
4 17 971 305 275
4 18 655 307 191
5 6 540 98 838
5 8 337 713 238
5 9 72 640 561
5 11 148 128 133
5 12 200 150 76
5 13 131 745 648
5 14 215 822 774
5 15 482 846 84
5 17 277 294 229
5 18 827 517 914
6 7 177 408 665
6 8 406 260 564
6 11 614 825 464
6 12 365 987 161
6 14 474 391 230
6 17 208 614 304
6 18 815 554 165
7 9 725 532 418
7 13 700 363 200
7 14 320 859 348
7 15 967 150 721
7 16 867 356 573
7 17 771 90 280
7 18 120 206 894
8 9 372 757 888
8 10 95 617 987
8 11 761 843 469
8 12 168 844 983
8 14 511 964 345
8 16 371 817 481
8 17 557 480 130
8 18 379 363 416
9 10 841 859 355
9 11 227 771 157
9 12 895 344 681
9 13 229 777 405
9 14 426 138 683
9 15 353 85 644
9 16 314 315 575
9 17 651 642 188
10 11 634 232 616
10 12 234 411 372
10 13 698 737 619
10 14 714 804 886
10 15 890 270 160
10 17 631 830 413
11 13 543 446 768
11 14 73 569 870
11 15 570 862 359
11 16 384 971 178
11 17 359 698 613
11 18 483 478 128
12 13 506 564 960
12 14 134 826 459
12 18 368 661 390
13 15 135 676 778
13 16 779 814 417
13 17 952 138 664
14 15 695 850 554
14 17 620 560 630
14 18 679 211 118
15 17 354 104 354
15 18 317 645 983
16 17 966 57 756
16 18 879 586 488
