19 3
0 1 433 768 884
0 2 496 91 608
0 3 65 634 348
0 4 403 874 66
0 5 952 421 764
0 8 170 624 65
0 9 942 657 512
0 10 298 507 218
0 11 347 825 798
0 12 173 677 903
0 13 921 230 543
0 14 647 952 707
0 16 181 324 967
0 17 964 256 92
1 2 127 97 212
1 4 528 959 670
1 5 872 684 99
1 6 932 996 571
1 9 793 795 592
1 10 905 396 223
1 11 980 813 373
1 12 467 57 594
1 13 518 518 278
1 15 636 938 843
1 16 380 553 318
1 18 453 448 497
2 3 477 148 231
2 4 832 224 932
2 5 732 330 407
2 6 115 119 51
2 7 781 570 390
2 9 112 837 867
2 10 74 713 158
2 11 499 798 689
2 12 423 818 333
2 13 924 525 213
2 14 811 736 265
2 16 103 825 579
2 17 528 946 481
2 18 125 110 233
3 4 454 466 809
3 5 200 742 704
3 7 251 548 688
3 8 612 96 783
3 9 465 56 767
3 10 456 182 72
3 11 149 946 340
3 12 412 443 816
3 13 580 188 648
3 15 344 761 467
3 16 159 322 806
3 18 255 386 353
4 6 694 968 712
4 7 210 845 896
4 8 991 594 679
4 9 744 990 461
4 10 268 483 495
4 11 360 628 406
4 12 350 717 53
4 14 540 543 503
4 15 321 485 110
4 16 550 771 496
4 17 975 769 459
4 18 638 359 413
5 6 426 181 373
5 7 104 884 149
5 9 990 217 277
5 11 921 246 183
5 12 439 482 357
5 13 922 55 523
5 15 452 487 286
5 17 602 642 939
5 18 762 488 440
6 7 469 718 443
6 8 828 512 407
6 9 231 289 762
6 11 931 312 373
6 12 837 484 741
6 13 364 860 770
6 14 138 190 584
6 15 862 62 950
6 16 627 421 979
6 17 479 391 540
6 18 301 187 581
7 8 862 308 397
7 9 485 762 339
7 11 50 854 857
7 15 552 827 157
7 16 448 452 329
7 17 94 847 182
7 18 908 878 668
8 9 262 459 84
8 10 584 968 376
8 11 466 654 322
8 12 949 716 347
8 13 761 138 273
8 14 879 858 426
8 16 566 968 777
8 17 960 585 790
8 18 253 940 291
9 10 506 701 344
9 11 598 659 594
9 12 500 826 718
9 14 854 351 361
9 15 750 91 605
9 16 809 493 861
9 17 688 844 611
9 18 898 995 941
10 11 291 176 517
10 12 617 414 380
10 13 164 292 623
10 14 561 532 763
10 16 136 703 836
10 17 149 291 754
11 13 855 541 327
11 14 159 557 739
11 16 751 414 74
11 17 745 566 294
12 13 914 148 341
12 14 459 476 170
12 15 535 738 530
12 17 393 172 608
12 18 512 652 574
13 14 81 306 658
13 16 112 852 573
13 17 271 867 350
14 15 800 85 717
14 17 729 558 111
14 18 298 98 488
15 16 358 441 200
15 17 122 736 556
16 17 929 207 642
16 18 586 531 719
17 18 705 896 76
