19 3
0 1 57 83 914
0 2 810 534 510
0 5 691 251 99
0 6 622 340 139
0 7 598 818 60
0 10 976 465 730
0 11 581 696 592
0 12 657 384 347
0 15 126 848 960
0 16 118 520 875
0 17 558 425 271
0 18 349 180 443
1 3 721 606 755
1 4 403 202 396
1 5 245 622 874
1 8 665 635 871
1 10 688 153 207
1 11 966 144 972
1 12 771 518 784
1 13 917 983 875
1 14 660 50 246
1 15 93 612 456
1 16 175 343 304
1 17 804 723 799
1 18 931 197 603
2 3 641 414 402
2 5 975 782 255
2 7 933 946 418
2 8 910 266 917
2 9 505 259 255
2 10 391 509 884
2 13 655 602 519
2 16 923 168 105
2 17 95 906 814
3 4 924 101 793
3 5 735 969 308
3 6 790 202 70
3 7 210 264 121
3 8 258 768 989
3 9 432 356 737
3 10 412 77 982
3 11 80 900 128
3 12 192 693 636
3 15 873 289 387
3 16 647 582 206
3 18 924 453 941
4 6 543 370 416
4 7 630 426 514
4 8 684 260 398
4 10 890 67 604
4 11 345 157 277
4 13 421 354 242
4 14 486 548 677
4 16 88 102 235
4 17 859 89 507
4 18 133 495 667
5 6 104 540 942
5 9 447 576 718
5 10 676 535 867
5 11 970 555 161
5 13 346 568 867
5 14 320 299 675
5 15 58 282 310
5 16 852 844 998
5 17 890 392 981
6 7 986 900 509
6 8 239 80 164
6 9 891 926 908
6 12 466 598 440
6 13 602 727 175
6 15 887 317 610
6 17 217 220 326
6 18 369 920 440
7 8 737 683 274
7 9 461 607 690
7 12 581 316 234
7 13 644 769 655
7 17 406 317 131
8 10 505 823 257
8 12 853 367 925
8 13 891 553 80
8 17 60 291 956
8 18 131 656 262
9 10 302 240 391
9 12 833 180 139
9 13 182 949 515
9 15 197 965 979
9 16 914 511 968
9 17 874 93 80
9 18 395 577 603
10 11 509 749 561
10 13 872 820 733
10 16 402 531 188
10 17 998 317 319
10 18 199 400 284
11 12 759 221 357
11 15 694 755 809
11 16 325 53 377
11 17 92 967 975
11 18 351 625 891
12 13 425 62 378
12 16 891 107 426
12 17 594 601 645
12 18 955 601 525
13 14 583 160 975
13 15 931 100 832
13 16 849 675 366
13 17 149 818 749
14 15 156 649 769
14 16 154 652 696
14 17 70 242 510
14 18 123 679 889
15 16 328 482 201
15 17 126 448 438
15 18 204 994 430
