19 3
0 2 310 517 659
0 6 862 431 439
0 7 57 685 337
0 8 362 217 322
0 9 298 561 562
0 11 842 424 700
0 12 598 309 366
0 13 606 153 654
0 15 456 507 577
0 17 269 693 812
0 18 111 329 682
1 4 206 586 920
1 5 691 178 813
1 7 269 639 564
1 10 766 199 779
1 11 606 987 667
1 12 411 449 483
1 13 723 267 594
1 14 168 167 905
1 15 382 528 141
1 16 758 534 855
2 3 846 725 187
2 5 702 648 745
2 7 562 810 66
2 8 98 982 938
2 9 92 567 317
2 11 463 995 764
2 12 454 151 646
2 14 318 320 397
2 15 140 587 904
2 16 661 312 372
2 18 907 221 343
3 4 998 700 87
3 5 907 394 888
3 6 429 359 599
3 12 545 641 812
3 13 245 939 124
3 15 164 668 241
3 16 753 438 140
3 17 873 325 665
4 5 770 457 778
4 9 73 649 889
4 11 784 854 424
4 14 958 857 980
4 15 614 640 903
4 18 773 486 449
5 7 129 699 799
5 8 169 633 442
5 9 559 947 775
5 10 275 778 726
5 11 950 531 427
5 12 779 471 755
5 15 855 116 100
5 16 352 309 748
5 17 490 868 191
5 18 349 795 761
6 9 547 479 209
6 12 126 721 144
6 15 238 752 230
6 17 889 869 405
7 8 337 946 178
7 11 710 231 658
7 13 243 485 256
7 16 838 523 837
7 17 324 265 63
7 18 437 588 987
8 9 618 582 854
8 10 665 338 557
8 11 764 616 94
8 12 608 426 683
8 15 578 369 113
8 17 905 140 809
8 18 166 651 821
9 10 491 359 247
9 11 583 779 289
9 13 81 349 527
9 14 685 65 892
9 16 186 226 199
9 18 418 808 52
10 11 965 687 351
10 13 323 898 756
10 14 617 950 434
10 16 73 509 527
10 17 315 348 290
10 18 340 908 466
11 12 595 915 792
11 14 115 842 520
11 17 767 313 139
11 18 642 575 997
12 13 912 156 916
12 15 63 398 697
12 16 689 596 607
12 17 433 351 87
13 14 824 348 333
13 17 222 516 285
14 15 464 386 415
14 16 849 922 643
14 17 495 963 613
14 18 398 867 500
15 16 562 258 517
15 17 220 196 519
16 18 719 911 934
17 18 100 752 235
