19 3
0 3 538 107 530
0 4 963 434 582
0 5 88 995 209
0 6 208 415 591
0 7 380 119 817
0 8 532 392 164
0 9 462 881 111
0 11 93 157 702
0 12 875 383 276
0 13 446 873 717
0 14 769 272 800
0 15 847 563 194
0 16 280 243 826
0 18 276 893 670
1 2 797 948 555
1 3 829 953 896
1 5 453 923 829
1 9 223 158 289
1 10 856 228 203
1 13 480 502 712
1 14 546 628 812
1 15 889 297 917
1 16 485 304 695
1 17 426 834 873
1 18 783 184 415
2 4 111 870 948
2 8 313 913 363
2 9 630 717 831
2 11 140 372 71
2 12 686 367 827
2 13 448 201 434
2 16 528 215 178
2 17 807 199 157
2 18 666 340 524
3 6 627 671 763
3 7 143 93 209
3 8 448 872 912
3 10 472 682 511
3 14 303 841 186
3 15 456 516 136
3 16 234 984 308
3 18 416 50 178
4 5 184 494 189
4 6 803 651 310
4 7 549 451 959
4 9 430 924 616
4 10 261 262 507
4 11 803 306 948
4 12 847 664 952
4 14 779 64 298
4 15 136 579 604
4 16 956 479 564
4 17 662 963 400
4 18 460 265 749
5 6 856 747 928
5 7 752 657 851
5 8 330 980 821
5 12 250 969 706
5 13 418 747 960
5 15 76 338 874
5 17 965 852 797
5 18 588 902 95
6 7 193 887 807
6 10 194 961 753
6 12 854 795 856
6 14 150 347 795
6 15 262 506 974
6 16 393 718 814
6 17 411 708 82
6 18 886 762 478
7 8 385 583 475
7 9 112 905 423
7 11 678 361 933
7 12 523 78 917
7 13 416 731 900
7 15 131 834 787
7 16 57 407 425
7 17 695 454 466
7 18 343 665 860
8 9 923 829 640
8 10 53 222 750
8 11 768 232 427
8 12 850 303 79
8 13 498 366 270
8 15 156 214 727
8 16 439 839 833
8 17 928 641 238
8 18 225 219 822
9 10 647 738 132
9 11 407 790 899
9 12 459 224 855
9 13 950 891 346
9 14 773 435 436
9 15 811 312 658
9 16 817 411 965
9 17 518 136 949
9 18 702 680 324
10 11 746 684 793
10 14 645 408 55
10 16 609 588 102
10 17 994 248 864
10 18 365 939 777
11 12 319 194 676
11 14 800 347 857
12 14 481 612 909
12 16 128 193 926
12 17 134 695 750
12 18 827 91 182
13 14 259 794 640
13 15 143 502 58
13 16 781 544 141
13 17 194 755 206
14 15 993 307 438
14 16 531 677 97
14 17 348 73 407
14 18 178 71 119
15 16 854 539 128
15 17 548 822 66
15 18 629 731 713
16 17 627 209 610
16 18 741 426 500
17 18 626 948 784
