19 3
0 2 278 553 961
0 3 887 752 197
0 6 670 125 784
0 8 810 342 511
0 9 225 884 475
0 10 575 128 791
0 11 133 459 430
0 12 804 671 418
0 14 886 96 59
0 15 750 652 697
1 2 74 922 284
1 3 613 191 708
1 4 436 876 362
1 6 831 965 236
1 9 550 681 464
1 10 203 903 703
1 11 648 284 844
1 12 488 728 506
1 13 698 197 899
1 14 244 911 227
1 16 341 443 142
1 17 458 845 861
1 18 67 251 697
2 3 663 996 999
2 5 227 344 424
2 8 335 239 651
2 10 885 574 342
2 11 281 535 430
2 12 768 835 297
2 13 431 739 633
2 14 501 251 546
2 15 715 945 484
2 17 421 523 510
2 18 139 496 484
3 6 729 468 652
3 9 572 564 252
3 10 968 706 677
3 11 796 172 772
3 13 461 331 604
3 14 856 553 826
3 15 364 119 991
3 16 871 844 682
3 17 328 201 738
4 5 362 890 567
4 6 626 768 555
4 7 152 734 221
4 8 373 228 315
4 9 683 448 830
4 10 265 746 397
4 11 645 885 200
4 12 898 310 757
4 13 721 136 364
4 15 353 555 590
4 16 291 829 174
4 17 218 788 382
5 6 590 796 993
5 7 644 591 897
5 8 890 301 836
5 9 450 416 738
5 10 743 571 358
5 13 875 367 715
5 14 461 296 574
5 16 239 289 701
5 17 238 471 328
6 8 385 448 555
6 9 101 845 339
6 10 625 499 212
6 11 60 341 446
6 13 645 59 707
6 14 88 698 188
6 15 948 529 709
6 16 962 653 874
6 17 658 417 235
6 18 774 929 401
7 8 338 378 318
7 9 858 227 906
7 10 857 161 652
7 11 997 587 557
7 13 776 366 639
7 14 622 91 62
7 16 387 656 990
7 17 747 943 960
7 18 883 248 904
8 9 814 835 417
8 10 826 482 634
8 13 738 207 831
8 14 929 249 85
8 16 721 729 220
9 10 382 822 910
9 13 72 487 220
9 14 589 764 137
9 16 358 528 750
9 17 62 720 908
9 18 615 412 457
10 11 527 643 564
10 13 476 725 355
10 14 274 74 166
10 15 598 217 458
10 16 425 997 974
10 17 305 275 743
10 18 215 537 848
11 12 774 267 319
11 13 661 601 306
11 14 243 67 601
11 15 937 83 327
11 16 221 706 756
11 17 173 730 481
11 18 401 972 710
12 16 316 139 140
12 17 469 360 429
13 14 206 860 772
13 15 52 990 562
13 16 611 996 139
13 17 413 180 206
13 18 626 345 666
14 15 947 987 327
14 16 413 68 239
14 17 894 854 705
14 18 108 661 811
15 16 991 808 777
15 17 756 114 178
16 17 65 840 68
16 18 896 912 423
