19 3
0 2 657 99 680
0 3 707 385 591
0 5 866 437 668
0 14 210 828 853
1 2 141 754 422
1 3 299 262 295
1 4 644 191 56
1 6 82 873 549
1 11 82 140 978
1 18 927 566 551
2 4 826 287 607
2 8 889 536 309
2 10 918 314 228
2 11 451 238 524
2 14 413 448 436
3 7 873 96 658
3 12 204 683 705
3 14 321 540 730
3 17 768 382 309
4 7 314 129 341
4 9 884 488 75
4 12 533 797 551
4 14 471 657 988
4 15 218 83 524
5 8 255 343 522
5 9 690 639 140
6 9 587 861 463
6 10 820 561 226
6 13 389 542 441
6 17 458 442 432
7 8 893 525 892
7 9 203 490 95
8 17 889 272 539
8 18 294 570 121
9 10 967 129 647
10 11 474 151 964
10 12 764 242 837
10 13 706 523 823
10 14 760 871 925
10 16 510 538 964
10 17 996 829 578
11 13 257 602 886
11 18 111 619 854
12 17 514 577 153
13 18 166 623 140
14 15 520 225 733
15 18 279 521 410
