19 3
0 1 933 642 566
0 3 349 248 601
0 6 760 559 913
0 8 950 896 125
0 12 699 386 80
0 13 353 532 173
0 16 379 470 421
1 5 378 622 142
1 12 326 828 968
1 14 971 513 702
2 10 496 949 886
2 16 401 612 782
3 6 552 856 732
3 7 101 140 869
4 6 103 674 804
4 9 654 63 926
5 9 558 938 396
5 10 58 240 107
5 16 423 387 85
6 8 410 424 704
6 10 162 915 364
7 16 298 756 861
8 13 553 766 251
8 14 785 422 298
8 15 244 861 903
8 17 106 711 372
8 18 883 822 787
9 11 279 695 676
9 16 781 498 963
9 17 368 916 701
10 12 842 198 220
10 15 312 794 822
10 16 315 190 425
11 16 333 461 145
11 17 910 851 181
12 15 71 952 507
13 15 125 389 138
17 18 599 576 225
