19 3
0 1 851 490 257
0 2 672 958 496
0 3 168 380 809
0 4 967 172 195
0 7 377 75 155
0 8 873 632 517
0 9 712 96 616
0 10 75 476 313
0 11 604 236 534
0 12 684 708 598
0 14 248 60 109
0 15 448 348 105
0 16 772 505 862
1 2 86 152 564
1 3 666 768 378
1 4 534 505 385
1 6 102 213 55
1 7 722 614 279
1 11 80 800 258
1 12 345 742 524
1 13 940 690 967
1 14 338 184 812
1 15 68 626 214
1 16 873 621 350
1 17 288 774 117
1 18 822 492 145
2 4 259 98 364
2 6 257 264 105
2 7 792 653 733
2 8 607 580 731
2 9 887 812 596
2 11 734 585 477
2 12 645 198 751
2 13 361 62 782
2 14 785 345 338
2 15 243 838 506
2 16 778 190 215
2 17 917 98 249
2 18 446 942 582
3 4 804 66 729
3 5 283 697 385
3 6 654 415 161
3 7 891 578 927
3 8 823 450 596
3 9 527 460 571
3 10 632 572 280
3 11 652 630 736
3 16 83 956 698
3 18 991 110 716
4 5 836 804 545
4 6 443 607 439
4 7 336 63 705
4 8 539 194 100
4 10 828 970 499
4 11 92 315 738
4 12 932 646 64
4 14 157 589 520
4 15 399 700 732
4 16 735 988 728
4 17 674 782 152
5 6 581 713 114
5 7 61 822 539
5 8 116 392 974
5 9 651 991 850
5 10 743 977 597
5 12 222 696 406
5 13 51 172 624
5 14 396 599 72
5 17 537 866 994
5 18 895 443 279
6 8 447 453 322
6 9 372 778 445
6 10 691 728 820
6 11 506 646 729
6 12 761 228 823
6 13 469 231 297
6 14 632 950 462
6 15 956 323 850
6 17 908 224 580
6 18 132 229 372
7 8 204 748 218
7 9 268 62 639
7 10 321 922 604
7 11 561 595 175
7 12 959 984 98
7 14 124 238 153
7 15 508 539 511
7 16 553 622 517
8 9 350 268 405
8 10 672 370 914
8 11 709 465 742
8 13 902 482 263
8 15 184 283 487
8 16 572 601 850
8 18 149 433 140
9 10 721 901 707
9 11 448 773 296
9 13 807 897 989
9 14 477 114 322
9 16 817 563 732
9 17 976 356 163
9 18 973 590 933
10 11 573 370 537
10 14 119 643 251
10 15 460 722 159
10 16 913 76 540
10 17 974 362 168
11 12 932 972 517
11 14 746 788 738
11 15 428 322 898
11 16 492 137 906
11 17 190 993 496
11 18 167 600 71
12 13 416 887 832
12 14 694 276 80
12 16 760 696 925
12 17 567 366 683
12 18 455 998 477
13 14 635 494 272
13 16 263 92 328
13 17 165 128 709
13 18 374 740 82
14 15 300 559 683
14 17 996 707 207
15 16 386 80 511
15 17 90 222 733
15 18 480 586 364
16 17 974 937 811
16 18 638 502 733
17 18 617 891 424
