19 3
0 1 99 574 945
0 2 410 738 296
0 3 561 926 620
0 4 373 675 234
0 5 605 706 809
0 6 545 126 83
0 7 698 203 591
0 8 308 369 461
0 10 272 910 985
0 11 889 239 626
0 14 356 342 673
0 15 720 530 685
0 16 814 303 824
0 17 855 177 880
1 2 322 589 972
1 3 779 974 579
1 4 187 483 138
1 6 231 904 127
1 7 321 910 504
1 10 229 369 296
1 11 455 276 283
1 13 177 441 424
1 14 200 522 892
1 17 938 315 466
2 3 502 242 892
2 4 649 963 878
2 6 749 91 624
2 7 620 110 767
2 11 397 687 329
2 14 518 340 214
2 15 118 646 515
2 16 358 975 286
2 17 389 724 139
2 18 456 794 396
3 4 331 562 381
3 6 329 225 723
3 7 558 496 349
3 8 900 914 762
3 10 423 128 93
3 11 431 652 987
3 13 695 126 391
3 14 197 332 241
3 17 748 831 353
3 18 105 205 70
4 5 844 621 399
4 6 809 887 443
4 7 630 203 165
4 8 538 861 703
4 9 447 252 478
4 11 518 596 350
4 12 573 386 947
4 13 992 68 785
4 14 438 235 76
4 15 681 497 99
4 16 520 984 550
5 7 500 891 382
5 8 674 891 888
5 9 999 142 709
5 11 754 658 347
5 14 913 612 637
5 15 451 590 569
5 17 103 632 460
5 18 111 205 615
6 8 248 515 620
6 9 770 414 459
6 11 892 578 370
6 12 135 543 772
6 13 177 123 474
6 14 260 431 502
6 15 484 139 834
6 16 279 122 840
6 17 301 284 933
6 18 758 317 562
7 8 808 897 411
7 9 226 786 51
7 10 719 948 741
7 11 439 434 405
7 12 109 997 992
7 13 109 339 601
7 14 816 719 978
7 15 928 861 761
7 16 936 115 596
8 10 904 697 905
8 11 384 881 640
8 13 681 388 597
8 14 959 102 367
8 16 114 162 286
8 17 878 218 603
8 18 374 540 874
9 10 867 841 429
9 11 172 172 473
9 12 747 827 191
9 13 83 745 358
9 15 423 299 771
9 16 139 941 541
9 17 883 435 446
9 18 941 184 818
10 13 81 481 899
10 14 673 489 665
10 15 668 716 551
10 16 422 284 854
10 18 727 841 759
11 13 762 104 659
11 14 408 340 570
11 15 248 239 329
11 16 914 301 748
11 18 957 803 204
12 14 121 956 246
12 15 523 768 205
12 16 463 609 342
12 17 578 322 803
12 18 216 270 714
13 14 894 227 486
13 16 996 155 836
13 17 598 865 519
13 18 668 947 324
14 15 466 547 682
14 16 454 967 366
14 17 702 593 765
15 16 551 889 339
15 17 205 948 331
15 18 950 333 887
16 17 682 291 836
16 18 786 317 189
17 18 917 210 530
