19 3
0 1 422 339 451
0 2 763 511 149
0 4 914 952 259
0 5 401 975 511
0 8 372 409 545
0 9 414 496 151
0 10 824 337 224
0 12 68 864 661
0 15 334 203 942
0 17 389 788 131
0 18 918 876 491
1 3 497 976 374
1 4 815 882 566
1 5 224 722 715
1 6 321 752 103
1 7 896 551 927
1 8 231 337 511
1 9 146 395 498
1 11 311 155 897
1 15 352 559 76
1 16 393 219 342
1 17 990 118 437
1 18 437 390 797
2 3 737 960 118
2 4 582 439 553
2 5 196 929 427
2 8 163 986 401
2 9 615 303 279
2 10 495 651 820
2 14 212 590 257
2 18 67 874 741
3 5 479 828 614
3 7 229 56 276
3 8 367 727 293
3 9 860 984 573
3 10 419 558 858
3 11 523 387 849
3 12 750 165 85
3 14 204 988 821
3 15 796 130 904
3 16 797 568 824
3 18 674 565 803
4 5 781 567 935
4 6 886 972 936
4 7 426 836 890
4 8 364 328 468
4 9 257 472 608
4 10 163 96 501
4 12 414 846 605
4 14 739 555 863
4 15 472 301 113
4 16 621 880 651
4 17 902 873 243
5 6 315 193 118
5 7 365 71 506
5 8 57 938 512
5 10 233 529 954
5 11 935 709 599
5 12 233 158 900
5 13 862 227 98
5 17 512 305 709
5 18 120 772 624
6 8 228 430 979
6 9 958 547 139
6 10 590 157 939
6 11 936 816 881
6 13 278 828 867
6 14 399 242 169
6 15 82 389 919
6 17 710 445 414
6 18 182 79 457
7 10 464 963 949
7 11 700 564 576
7 12 558 91 848
7 14 779 636 854
7 15 215 339 399
7 16 804 321 218
7 17 498 716 364
7 18 327 639 422
8 9 631 681 788
8 10 740 836 235
8 12 935 598 189
8 13 703 599 429
8 14 921 747 401
8 15 628 682 626
8 16 808 783 608
8 17 304 759 762
8 18 749 920 523
9 11 118 719 968
9 12 721 357 453
9 13 205 747 291
9 14 273 724 625
9 15 817 668 259
9 16 216 186 894
9 17 268 449 702
9 18 939 574 763
10 11 189 817 180
10 12 873 613 658
10 13 436 985 939
10 14 498 168 426
10 17 861 549 178
10 18 78 91 415
11 14 205 931 829
11 15 778 479 515
11 16 602 242 371
11 17 853 892 56
11 18 269 69 803
12 13 389 69 176
12 14 418 805 952
12 15 330 446 328
12 17 845 529 280
12 18 734 539 426
13 15 969 547 323
13 16 830 371 251
13 17 680 863 697
13 18 688 374 885
14 15 78 962 321
14 16 243 407 443
14 17 162 364 723
14 18 884 777 643
15 16 307 271 963
15 17 205 269 209
16 17 142 641 240
17 18 402 714 223
