19 3
0 1 408 533 67
0 2 742 923 172
0 4 382 510 565
0 5 400 114 762
0 7 900 546 701
0 8 620 187 225
0 9 745 122 194
0 13 766 239 120
0 15 325 655 839
0 17 177 381 607
0 18 988 208 977
1 4 843 164 959
1 5 628 452 845
1 6 401 438 770
1 7 457 975 929
1 8 766 101 322
1 9 996 123 856
1 10 740 178 637
1 11 466 489 614
1 13 790 775 55
1 14 367 88 931
1 15 617 398 643
1 16 787 585 778
1 17 468 51 731
1 18 425 637 556
2 3 334 220 658
2 4 154 732 904
2 5 162 252 895
2 6 436 416 221
2 7 766 792 627
2 8 302 704 341
2 10 929 96 753
2 11 355 921 653
2 12 219 273 245
2 13 263 280 572
2 14 578 380 269
2 15 939 943 984
2 16 782 169 587
2 17 406 377 640
2 18 608 621 427
3 5 899 397 53
3 6 157 644 907
3 7 98 341 525
3 9 53 592 398
3 10 689 226 724
3 12 840 682 576
3 13 723 969 206
3 14 862 927 166
3 16 306 310 328
3 17 896 815 704
4 7 347 752 241
4 8 918 997 749
4 9 450 776 221
4 11 66 872 88
4 13 911 316 648
4 14 537 464 912
4 16 658 830 304
4 17 947 888 976
4 18 133 320 757
5 6 958 238 675
5 8 347 970 598
5 9 215 984 131
5 10 592 967 439
5 11 139 682 334
5 12 681 454 989
5 13 475 768 612
5 14 128 861 186
5 15 339 434 711
5 17 854 624 381
5 18 289 197 657
6 7 692 611 340
6 8 56 878 859
6 10 278 583 215
6 11 743 906 65
6 12 387 209 764
6 13 863 548 411
6 15 770 720 939
6 16 411 199 645
6 17 259 495 288
6 18 197 438 930
7 10 793 504 399
7 11 897 62 113
7 12 91 195 172
7 13 421 970 207
7 14 878 400 599
7 15 736 361 53
7 16 451 486 179
8 10 834 252 949
8 12 684 122 989
8 13 975 82 681
8 14 455 931 424
8 15 632 808 249
8 16 506 256 502
8 17 291 310 708
9 10 92 809 438
9 11 499 814 89
9 12 808 950 632
9 13 637 420 680
9 14 612 828 492
9 15 768 455 422
9 16 654 183 395
10 11 444 750 683
10 12 68 486 186
10 13 385 280 181
10 14 637 842 129
10 15 456 984 962
10 16 236 832 311
10 17 881 129 238
10 18 887 108 108
11 12 481 255 683
11 13 727 965 291
11 14 658 222 481
11 15 434 859 611
11 16 200 701 192
11 17 341 604 368
12 15 937 110 415
12 16 311 59 527
12 17 783 516 352
12 18 538 973 599
13 15 105 726 630
13 16 359 683 164
13 17 445 111 403
13 18 195 210 520
14 15 97 122 100
14 16 928 571 476
14 18 180 997 53
15 16 633 224 482
15 17 808 474 87
16 18 93 896 380
17 18 68 820 560
