19 3
0 2 67 718 758
0 4 135 872 720
0 6 214 125 446
0 7 785 627 373
0 9 519 511 649
0 13 683 611 155
0 14 815 569 746
0 18 78 755 355
1 2 347 425 957
1 6 354 403 299
1 8 614 388 173
1 9 58 209 451
1 10 810 492 606
1 12 670 576 95
1 13 61 455 579
1 14 154 789 963
1 16 558 486 410
1 17 602 890 988
2 5 483 455 330
2 7 517 886 999
2 9 775 532 793
2 10 803 448 735
2 14 78 157 89
2 17 568 653 118
2 18 967 257 475
3 4 961 453 119
3 5 756 309 456
3 6 725 293 106
3 9 495 293 351
3 10 755 297 938
3 11 185 334 855
3 13 970 326 731
3 15 292 339 590
3 18 634 820 103
4 5 561 53 115
4 6 101 125 375
4 11 772 224 344
4 12 633 445 823
4 13 350 449 495
4 14 163 686 326
5 7 213 770 310
5 12 294 504 283
5 14 990 214 164
5 15 310 966 365
6 8 342 585 704
6 9 569 385 687
6 10 419 338 587
6 12 948 461 744
6 13 408 582 358
6 17 226 778 994
6 18 231 398 349
7 9 868 477 933
7 10 133 542 267
7 11 816 688 804
7 12 340 995 888
7 14 571 134 69
7 17 381 545 360
8 9 654 358 910
8 10 995 60 836
8 11 549 381 511
8 13 915 492 131
8 15 238 736 441
8 16 105 941 672
8 17 585 447 765
9 12 688 640 959
9 13 781 68 417
9 14 87 354 881
9 16 97 374 564
9 18 742 156 930
10 13 564 494 220
10 16 143 725 273
11 12 284 230 216
11 14 848 364 821
11 15 123 531 663
11 17 272 923 81
11 18 824 747 220
12 13 553 89 123
12 14 253 378 757
12 18 517 343 862
13 16 577 221 516
13 17 518 848 925
13 18 203 469 891
14 17 304 362 78
15 16 645 219 168
16 17 923 177 892
