19 3
0 1 978 211 154
0 6 249 105 417
0 8 87 510 53
0 11 714 737 518
0 13 615 995 198
0 14 258 514 105
0 17 414 350 720
1 5 528 269 696
1 7 824 952 227
1 8 754 692 788
1 11 667 290 270
1 14 163 970 681
2 7 338 66 494
2 8 663 992 379
2 9 807 163 737
2 11 308 352 219
2 12 230 196 587
2 14 50 662 787
2 15 360 228 731
3 8 783 864 53
4 11 818 906 782
4 13 816 839 345
4 15 131 80 945
4 16 529 836 708
4 17 997 417 920
5 6 987 141 465
5 7 981 779 843
5 10 608 257 504
5 12 877 376 528
6 11 871 892 919
6 18 440 497 148
7 10 163 111 594
7 14 787 286 104
7 15 566 288 265
7 17 162 872 380
8 15 791 778 652
9 10 190 955 285
9 11 689 100 463
9 12 503 964 299
9 14 470 669 327
10 13 287 965 469
10 15 98 342 768
10 16 350 639 324
11 14 600 554 85
11 17 203 162 351
11 18 131 987 212
12 13 339 207 546
12 18 761 349 409
14 16 143 884 197
15 18 851 379 418
17 18 284 393 90
