19 3
0 1 488 920 238
0 2 551 726 439
0 3 911 936 581
0 4 415 641 797
0 5 964 638 81
0 6 571 137 949
0 9 511 967 410
0 11 476 860 582
0 13 474 728 454
0 14 658 793 746
0 16 609 164 56
0 17 559 704 625
1 3 82 749 878
1 5 486 109 129
1 6 138 767 919
1 8 289 799 90
1 10 579 849 893
1 11 112 637 137
1 16 148 177 312
1 17 660 772 418
1 18 67 112 870
2 6 647 256 902
2 8 424 94 696
2 9 671 201 208
2 13 804 999 185
2 16 707 192 255
2 18 535 229 295
3 5 328 131 753
3 7 405 590 230
3 8 310 145 363
3 9 933 699 501
3 11 507 126 718
3 15 579 916 640
3 16 726 534 851
3 18 107 714 771
4 5 836 549 804
4 9 168 64 304
4 13 534 409 435
4 15 375 277 353
4 16 151 217 263
4 18 788 443 215
5 10 623 266 633
5 12 443 204 397
5 15 216 730 259
5 16 265 925 285
5 17 813 852 63
5 18 518 484 293
6 10 925 990 659
6 12 684 940 114
6 14 999 398 758
6 16 691 372 171
6 18 521 662 884
7 8 143 79 721
7 10 952 763 550
7 11 779 392 792
7 14 287 212 127
8 9 464 378 147
8 10 751 553 443
8 11 414 358 263
8 15 618 772 765
8 16 334 189 546
8 17 659 670 958
9 12 209 899 579
9 13 314 820 443
9 15 826 741 98
9 18 267 930 386
10 13 937 709 855
10 14 826 278 940
10 17 699 750 546
10 18 401 80 835
11 16 899 882 566
11 17 188 577 526
11 18 183 387 218
12 13 751 275 321
12 14 245 581 142
13 16 245 880 477
14 15 802 897 862
14 17 924 674 418
15 18 803 580 707
16 17 810 652 679
16 18 138 608 647
