19 3
0 1 226 936 455
0 4 809 77 592
0 6 727 735 972
0 11 809 335 765
0 12 947 467 949
0 13 97 248 589
0 14 900 344 262
0 16 406 215 196
0 17 93 505 526
1 6 575 828 975
1 7 896 875 583
1 9 736 178 961
1 10 483 771 653
1 11 812 195 170
1 13 842 599 817
1 16 267 886 684
2 3 923 412 291
2 5 379 555 812
2 6 218 587 212
2 10 265 140 935
2 11 507 475 832
2 12 852 805 261
2 14 482 913 774
2 15 398 939 902
2 16 292 696 922
3 4 579 315 703
3 5 332 184 942
3 8 814 987 334
3 9 63 151 892
3 13 625 916 161
3 14 373 908 142
4 5 180 296 138
4 6 671 453 882
4 7 300 625 547
4 9 808 232 407
4 12 276 128 174
4 14 191 446 906
4 18 208 124 218
5 6 735 153 662
5 7 970 934 627
5 8 973 660 526
5 10 768 486 579
5 11 176 484 216
5 13 154 470 920
5 15 867 837 107
5 18 773 85 840
6 7 70 676 533
6 10 741 838 213
6 11 214 438 667
6 12 720 737 140
6 13 214 534 670
6 15 894 514 642
6 16 845 587 680
6 18 349 824 972
7 10 805 663 711
7 12 992 679 448
7 13 460 941 709
7 14 171 532 334
7 17 371 53 662
8 9 975 810 87
8 10 867 284 993
8 11 453 359 485
8 12 826 817 142
8 14 995 59 440
8 17 665 116 667
9 10 560 106 786
9 11 650 492 367
9 13 386 822 689
9 15 451 740 890
10 12 437 441 493
10 13 66 704 725
10 14 680 74 648
10 15 184 416 172
10 16 206 841 663
11 15 990 983 691
11 16 280 266 744
11 17 180 196 567
12 14 240 885 395
12 15 789 907 126
12 17 429 597 809
12 18 204 947 962
13 14 969 815 912
13 15 235 407 652
13 16 782 583 254
14 15 512 175 670
14 17 324 872 53
14 18 757 63 194
15 16 550 171 573
16 17 248 826 917
17 18 244 344 535
