19 3
0 2 544 301 902
0 3 665 571 920
0 4 582 838 231
0 5 388 753 352
0 11 403 727 213
0 12 115 896 942
0 14 938 375 228
0 15 816 272 818
0 17 693 101 762
0 18 163 80 650
1 2 451 898 525
1 3 694 773 386
1 4 149 209 144
1 5 734 692 968
1 6 832 365 786
1 7 519 272 134
1 8 858 230 314
1 9 777 571 327
1 10 899 482 301
1 11 775 908 307
1 13 266 866 994
1 14 193 504 723
1 15 570 915 507
1 16 815 772 741
1 17 193 888 219
1 18 244 855 739
2 3 901 662 690
2 4 427 352 773
2 5 123 570 403
2 7 601 481 799
2 10 323 166 741
2 11 538 79 860
2 14 685 403 641
2 15 940 520 461
2 16 103 302 787
3 4 418 854 766
3 5 874 333 992
3 6 215 196 490
3 8 123 431 63
3 9 977 503 468
3 10 77 264 486
3 12 695 503 826
3 13 261 272 648
3 14 399 720 905
3 16 323 769 189
3 17 850 98 190
3 18 775 309 786
4 5 451 199 368
4 7 952 767 132
4 8 318 742 786
4 9 737 191 421
4 10 945 712 902
4 14 939 958 642
4 16 132 220 920
4 18 305 793 880
5 6 922 308 568
5 7 194 572 928
5 8 999 437 266
5 11 713 817 651
5 13 469 96 987
5 14 785 679 665
5 15 815 854 681
5 17 112 449 381
6 7 767 338 793
6 8 752 333 701
6 9 901 522 711
6 10 556 344 862
6 11 756 52 839
6 12 129 987 848
6 13 753 426 190
6 14 375 583 873
6 17 790 295 859
6 18 516 954 69
7 8 135 197 739
7 9 742 100 937
7 10 425 543 595
7 11 612 205 574
7 12 302 586 736
7 14 206 423 942
7 16 585 531 852
7 18 158 649 608
8 9 506 390 252
8 12 254 830 620
8 13 236 60 514
8 15 133 618 405
8 16 669 136 619
8 17 517 958 492
9 11 853 492 250
9 12 147 293 506
9 13 303 381 132
9 14 741 507 689
9 15 426 949 159
9 16 758 603 940
9 18 171 259 773
10 11 863 207 851
10 12 874 784 417
10 13 193 289 650
10 14 696 291 650
10 15 342 787 430
10 16 75 792 698
10 18 240 568 737
11 12 155 852 312
11 14 825 227 345
11 15 731 555 194
11 16 122 206 135
11 18 82 93 963
12 13 98 572 676
12 15 973 468 107
12 16 941 627 420
12 17 786 903 856
12 18 165 962 356
13 14 396 95 69
13 17 266 299 136
14 15 713 735 631
14 16 634 791 848
14 17 484 765 655
14 18 272 974 783
15 17 547 436 998
15 18 806 542 513
16 18 714 842 498
17 18 864 639 302
