19 3
0 1 206 619 579
0 2 179 559 475
0 3 549 707 645
0 4 113 586 306
0 5 347 676 751
0 6 980 483 530
0 10 427 395 591
0 13 50 820 989
0 16 454 50 795
0 17 153 608 457
0 18 327 893 763
1 2 511 738 627
1 4 598 597 215
1 5 498 133 84
1 7 166 754 371
1 10 894 649 976
1 12 225 765 223
1 14 907 567 141
1 15 655 539 287
1 16 389 659 881
1 17 800 517 343
2 4 592 853 232
2 5 936 180 816
2 8 397 185 323
2 9 162 508 836
2 10 488 915 186
2 11 381 518 210
2 12 120 479 271
2 13 986 666 970
2 14 968 615 750
2 17 688 885 123
3 4 498 261 320
3 5 60 147 397
3 7 330 180 470
3 8 783 179 51
3 11 145 592 354
3 12 239 946 736
3 13 453 561 170
3 15 249 407 894
3 16 147 613 677
3 17 952 755 984
3 18 123 495 892
4 5 831 221 279
4 7 158 594 884
4 10 659 354 704
4 11 991 106 196
4 12 548 479 489
4 13 940 548 139
4 14 380 677 704
4 15 731 869 124
4 16 500 134 638
4 17 706 491 936
5 7 925 243 594
5 9 203 242 201
5 11 136 837 321
5 12 726 321 650
5 14 278 787 81
5 18 298 423 272
6 7 877 137 450
6 8 80 799 89
6 9 358 733 618
6 11 409 873 231
6 12 456 708 205
6 17 324 199 525
6 18 960 172 782
7 9 837 534 732
7 12 880 590 83
7 13 978 76 56
7 15 661 93 258
7 17 179 166 185
8 10 512 566 959
8 11 997 192 549
8 12 754 952 999
8 13 262 116 667
8 14 891 958 742
8 16 443 633 159
8 17 179 481 311
9 10 363 150 431
9 11 577 914 295
9 12 501 538 483
9 14 945 291 758
9 16 367 248 844
9 18 332 61 976
10 12 94 748 824
10 14 899 171 334
10 15 465 677 263
10 16 766 274 992
10 17 233 660 787
10 18 382 167 298
11 12 853 663 695
11 14 864 678 256
11 15 88 902 581
11 16 59 919 714
12 16 176 393 253
13 15 867 744 916
14 16 766 668 419
15 16 58 838 706
16 18 243 743 562
17 18 427 158 190
