19 3
0 6 458 123 865
0 15 576 619 812
0 16 696 99 180
1 8 793 748 339
1 11 968 610 847
1 16 165 802 516
1 17 108 126 616
2 5 372 794 909
2 8 239 93 566
3 5 521 536 52
3 6 892 350 137
3 11 458 371 260
3 12 467 791 549
3 13 605 525 465
3 15 724 963 412
4 5 837 755 384
4 9 788 923 149
4 14 722 726 795
4 16 550 140 700
5 6 351 545 727
5 7 249 934 162
5 13 427 519 800
6 8 836 729 929
6 15 600 861 928
6 17 529 999 207
6 18 586 309 692
7 9 91 231 573
7 10 342 96 546
7 11 201 447 821
7 12 761 84 196
7 13 874 701 692
7 15 491 766 406
7 16 353 648 256
8 16 124 538 339
8 18 689 527 150
9 12 684 963 816
11 14 355 113 621
11 16 561 689 658
11 18 590 501 503
12 13 290 400 876
12 16 259 975 685
13 15 565 586 129
13 18 278 250 459
14 16 322 319 672
14 17 407 477 899
