19 3
0 5 169 316 156
0 9 461 656 868
0 15 792 539 637
1 18 902 399 937
2 13 742 455 937
2 16 54 808 755
3 13 555 757 88
3 14 970 551 258
3 18 248 758 876
4 6 296 617 873
4 8 761 724 401
5 12 616 809 91
5 13 897 449 362
6 8 562 530 265
6 10 830 502 356
6 18 226 127 997
7 8 219 967 388
7 13 358 547 522
7 14 856 145 125
8 15 605 293 771
8 18 176 158 377
9 17 974 211 832
10 11 399 392 479
10 15 822 446 738
10 16 910 418 445
10 18 475 185 783
11 12 976 803 747
11 13 318 876 732
11 18 551 860 474
12 15 53 448 998
13 15 874 971 628
13 17 793 810 558
14 16 588 405 108
14 17 622 60 598
14 18 173 996 520
15 16 98 242 602
15 17 969 256 988
