19 3
0 2 84 487 766
0 4 64 524 616
0 6 992 747 453
0 8 177 665 449
0 12 409 742 702
0 14 790 459 806
0 15 319 572 391
0 16 379 307 322
0 17 64 322 206
0 18 465 778 886
1 2 309 806 373
1 3 677 66 546
1 5 747 754 910
1 7 983 347 927
1 8 212 354 484
1 9 574 592 718
1 10 97 622 288
1 13 636 736 983
1 14 536 225 265
1 15 963 672 341
1 16 918 901 210
2 5 551 546 726
2 12 317 430 444
2 13 979 894 441
2 14 111 326 606
2 16 416 600 76
2 17 540 602 401
3 8 724 848 101
3 10 618 159 853
3 11 900 87 612
3 12 952 379 949
3 15 721 492 270
3 16 736 260 970
3 17 509 782 92
3 18 788 592 903
4 5 247 823 71
4 6 113 470 532
4 8 862 946 909
4 11 868 205 220
4 12 572 972 189
4 14 532 901 704
4 15 431 998 588
4 17 934 686 248
4 18 897 624 130
5 6 427 890 680
5 7 103 146 425
5 11 591 547 599
5 12 891 462 724
5 13 598 139 585
5 15 685 585 693
5 16 584 579 174
5 18 983 499 849
6 7 514 323 715
6 11 213 551 576
6 12 199 845 991
6 15 854 336 694
6 17 247 249 97
6 18 80 343 898
7 11 229 215 938
7 13 935 73 380
7 16 341 64 873
7 18 186 657 880
8 14 769 932 985
8 18 64 350 344
9 16 907 914 699
10 12 347 378 168
10 13 281 702 242
10 14 517 439 743
10 18 69 86 100
11 12 152 932 396
11 16 518 73 267
12 13 877 586 636
12 15 885 858 569
12 17 778 370 603
12 18 839 585 985
13 14 811 169 552
13 15 891 355 627
13 16 456 84 176
14 16 368 526 374
14 17 171 828 759
14 18 571 684 561
15 16 675 440 701
15 17 878 421 463
16 18 894 361 491
