19 4
0 1 474 429 255 550
0 4 985 788 416 382
0 5 465 81 250 525
0 9 826 335 789 143
0 10 578 366 51 741
0 11 999 358 637 204
0 12 531 621 432 621
1 4 432 720 233 196
1 6 254 876 552 820
1 7 707 559 909 157
1 9 358 180 922 863
1 10 872 622 918 706
1 13 644 717 978 707
1 14 399 219 151 921
1 15 356 527 449 720
1 17 232 848 235 220
2 3 269 72 166 928
2 5 59 614 912 92
2 6 148 883 60 463
2 8 949 644 988 667
2 10 500 736 435 800
2 14 923 396 874 348
2 15 698 398 428 719
2 16 385 683 655 624
3 9 401 496 917 756
3 10 78 663 769 337
3 11 692 718 661 974
3 16 237 545 926 261
3 17 354 433 838 182
3 18 302 920 353 674
4 5 277 460 176 761
4 6 465 828 379 691
4 7 742 925 856 711
4 8 372 740 744 700
4 10 554 283 592 296
4 11 580 182 761 955
4 12 550 176 109 60
4 13 563 505 75 756
4 15 761 849 771 165
4 16 984 866 758 515
4 17 80 651 817 229
4 18 168 693 898 302
5 8 864 500 299 365
5 9 594 797 778 469
5 11 210 830 817 686
5 13 573 60 652 206
5 15 137 712 977 359
5 18 698 427 693 241
6 8 172 200 551 719
6 9 507 249 130 615
6 13 537 96 198 913
6 14 710 736 482 233
7 10 459 665 220 833
7 12 187 179 163 971
7 13 697 455 91 242
7 14 921 328 483 124
8 9 981 517 477 714
8 11 596 717 103 98
8 13 412 416 858 709
8 14 223 199 690 654
8 15 893 690 743 244
8 16 974 139 659 554
8 18 501 349 343 790
9 10 231 625 730 515
9 11 791 403 610 291
9 13 880 586 479 834
9 14 946 148 676 470
9 16 781 925 356 356
9 17 655 434 379 180
10 11 266 999 215 789
10 15 708 886 371 76
10 18 382 251 853 724
11 14 58 600 710 843
11 15 319 377 645 266
11 16 164 418 775 237
12 13 264 110 217 545
12 14 154 958 163 356
12 15 161 617 450 246
12 16 322 66 527 441
12 18 742 644 549 774
13 14 978 323 115 262
13 18 728 805 727 317
14 15 564 55 571 711
14 16 239 892 973 51
15 16 901 888 755 715
15 18 979 236 819 132
16 17 916 891 593 564
16 18 648 159 999 162
17 18 950 977 116 684
