19 4
0 2 941 152 694 671
0 7 75 900 212 892
0 9 430 777 576 626
0 10 957 824 55 326
0 11 995 497 243 433
0 15 209 224 369 570
1 4 613 825 985 617
1 7 774 851 660 142
1 9 228 727 420 979
1 15 818 568 576 163
1 16 961 884 395 623
2 8 630 240 385 166
2 10 964 747 751 556
2 16 402 879 770 838
2 18 344 310 130 420
3 4 464 556 828 103
3 11 958 310 623 393
3 14 592 232 749 446
3 15 634 272 900 612
3 17 123 432 924 662
3 18 634 549 52 175
4 6 350 535 640 732
4 8 910 782 762 775
4 13 690 639 550 684
5 7 517 636 750 473
5 9 398 236 488 835
5 10 207 431 784 612
5 16 256 105 477 101
5 18 824 784 442 386
6 7 405 911 298 215
6 8 473 396 303 464
6 11 304 316 402 754
6 12 232 531 809 109
6 13 542 245 822 231
7 12 482 540 910 846
7 13 204 847 730 276
7 15 926 157 524 889
7 16 628 482 699 429
7 17 958 442 316 957
8 9 416 699 757 979
8 10 299 201 465 562
8 12 321 950 700 426
8 14 847 500 586 482
9 10 769 975 330 395
9 12 225 499 773 389
9 15 304 96 293 659
9 17 445 954 495 226
10 17 530 693 111 789
11 12 927 960 453 891
11 18 391 329 905 337
12 16 392 375 773 837
12 17 556 238 159 705
13 14 65 673 587 957
13 18 244 619 362 645
15 17 941 587 284 857
17 18 329 99 966 291
