19 4
0 1 222 273 552 216
0 4 358 85 643 913
0 5 932 449 449 538
0 7 213 510 209 256
0 8 913 819 75 900
0 10 546 463 449 574
0 13 287 618 743 962
1 2 402 771 743 777
1 3 683 188 952 710
1 4 381 297 412 863
1 6 685 865 196 677
1 9 132 270 843 737
1 14 432 155 331 809
1 16 922 473 232 420
2 3 469 732 676 115
2 4 203 379 647 431
2 5 989 884 367 191
2 6 659 718 210 638
2 7 962 120 251 771
2 12 885 866 664 136
2 14 307 113 127 213
2 17 835 401 638 894
2 18 655 519 529 111
3 4 160 848 790 852
3 5 286 863 407 300
3 6 603 457 262 280
3 7 139 667 602 522
3 8 488 655 447 907
3 9 995 744 506 135
3 10 822 228 268 987
3 11 386 320 260 518
3 12 163 389 975 528
3 14 550 72 798 298
3 16 521 464 779 81
3 17 919 361 450 658
3 18 953 50 608 572
4 6 540 760 973 567
4 7 228 752 873 480
4 9 944 687 512 162
4 12 320 393 425 345
4 14 487 312 533 779
4 18 476 858 597 167
5 7 94 711 693 472
5 14 417 701 996 116
5 15 860 130 884 218
5 16 319 562 261 961
6 7 195 889 322 984
6 8 557 966 665 638
6 10 551 323 843 583
6 15 174 98 186 108
6 16 209 222 78 951
7 9 823 309 364 242
7 13 341 886 210 60
7 17 800 816 803 244
8 9 164 420 781 532
8 10 937 984 716 798
8 11 444 318 621 823
8 12 239 798 314 729
8 13 451 346 588 766
8 15 919 439 110 993
8 17 659 209 667 707
8 18 862 656 588 799
9 10 891 403 504 790
9 13 968 321 156 327
9 14 171 272 447 729
9 15 571 489 660 161
9 17 289 886 590 341
10 11 164 487 171 71
10 13 892 275 681 146
10 14 399 280 304 89
10 16 329 430 234 809
11 12 189 158 159 702
11 14 751 385 304 81
11 16 778 230 333 964
12 13 229 911 831 238
12 15 878 609 300 605
12 18 932 679 180 799
13 17 871 255 730 740
13 18 88 517 197 238
14 16 825 153 777 550
14 17 106 597 273 861
15 16 946 467 964 570
15 17 542 166 278 417
15 18 733 151 853 390
