19 4
0 1 657 247 872 908
0 2 286 556 214 281
0 3 222 831 105 511
0 4 803 264 838 563
0 5 103 910 636 67
0 6 394 312 825 421
0 7 975 995 925 464
0 8 153 730 656 217
0 9 128 962 343 398
0 10 50 800 953 379
0 13 891 616 367 237
0 14 294 736 149 800
0 15 797 827 428 229
0 16 241 383 148 985
0 17 705 285 633 996
0 18 876 159 758 284
1 2 246 612 528 309
1 4 854 232 139 742
1 5 940 338 56 647
1 6 197 252 682 283
1 7 658 818 226 174
1 9 821 856 263 578
1 11 266 182 479 231
1 13 902 559 807 313
1 14 692 285 113 923
1 15 484 87 826 239
1 16 755 520 853 699
1 17 348 289 561 245
2 3 329 440 574 572
2 4 421 478 439 420
2 5 189 290 534 772
2 9 320 279 420 741
2 10 288 401 286 983
2 11 165 95 972 996
2 12 240 824 207 447
2 13 596 104 895 107
2 17 957 640 412 475
2 18 856 888 209 488
3 4 258 185 967 316
3 5 229 702 517 308
3 6 747 458 763 531
3 7 373 909 945 775
3 8 876 719 518 218
3 9 363 457 823 946
3 10 225 740 295 207
3 11 178 378 193 172
3 14 154 487 594 848
3 15 957 54 454 622
3 16 583 869 870 65
3 17 447 197 582 84
3 18 836 309 383 684
4 5 477 594 415 426
4 8 958 936 652 781
4 9 571 606 409 110
4 10 701 816 624 629
4 12 156 189 444 108
4 13 948 641 406 363
4 14 883 519 758 507
4 16 441 518 760 696
4 18 723 186 591 989
5 6 62 873 491 372
5 7 887 764 632 502
5 8 190 557 139 663
5 9 618 819 71 83
5 10 989 336 365 656
5 11 688 807 539 668
5 12 327 912 624 210
5 13 66 172 577 139
5 14 830 619 359 852
5 15 64 622 591 324
5 16 365 154 54 235
5 17 701 701 69 696
6 7 52 165 389 157
6 8 451 957 955 121
6 9 775 615 79 117
6 10 724 494 959 577
6 11 583 312 814 547
6 13 489 537 719 188
6 14 511 964 121 986
6 16 650 744 961 305
6 17 725 745 761 797
7 8 332 596 128 382
7 10 130 945 176 830
7 12 800 914 367 300
7 14 496 442 627 762
7 15 271 600 279 863
7 16 790 773 215 756
7 17 201 521 438 763
7 18 844 342 805 560
8 9 902 817 722 384
8 10 339 206 363 259
8 11 132 507 743 70
8 12 477 323 483 231
8 13 216 198 703 415
8 16 756 550 822 730
9 10 112 114 487 967
9 13 449 669 966 295
9 14 520 960 923 205
9 15 636 68 121 933
9 17 831 995 376 377
9 18 299 590 68 999
10 12 235 922 650 720
10 13 939 331 195 491
10 14 800 797 696 702
10 17 806 142 600 235
10 18 632 848 733 91
11 12 820 334 892 649
11 13 403 719 399 501
11 14 999 599 834 685
11 15 600 312 115 148
11 16 652 447 877 183
11 18 929 668 524 940
12 13 472 749 777 237
12 17 531 988 382 491
12 18 533 496 965 930
13 14 188 529 568 930
13 15 813 999 298 82
13 17 777 797 754 793
14 15 620 161 756 539
14 18 699 685 162 360
15 16 812 111 851 636
15 18 957 127 505 583
16 17 662 964 951 862
16 18 875 356 715 827
