19 4
0 6 260 107 793 124
0 9 857 682 910 582
0 17 633 727 271 436
0 18 907 901 792 416
1 9 301 100 906 321
1 13 350 847 134 838
1 17 70 297 584 400
1 18 859 228 187 607
2 5 903 782 740 163
2 7 843 255 51 128
2 13 368 502 326 189
2 14 282 113 807 230
3 10 500 522 931 628
3 12 254 694 615 448
4 11 548 625 471 623
4 16 839 744 159 316
5 9 410 75 521 832
5 18 742 217 544 260
6 13 122 895 980 841
6 16 374 420 622 311
6 17 938 477 112 314
7 10 844 709 92 258
7 11 662 421 465 288
7 14 362 780 268 191
7 18 110 293 671 194
8 9 596 816 774 706
9 11 543 617 595 404
9 17 482 836 250 298
10 15 324 449 941 769
11 12 651 213 737 263
11 16 228 956 674 349
11 18 75 68 768 781
13 15 726 128 272 118
13 17 245 142 87 373
13 18 549 573 512 771
15 16 696 902 414 927
16 17 142 220 134 167
