19 4
0 2 920 686 605 541
0 3 940 56 611 681
0 4 136 100 227 656
0 5 659 726 212 974
0 6 540 732 854 446
0 8 61 277 377 787
0 9 870 762 551 694
0 10 592 833 50 590
0 11 456 423 67 473
0 12 97 382 360 555
0 13 128 898 695 991
0 14 243 934 57 479
0 15 751 126 610 741
0 16 113 334 552 167
0 17 382 472 276 476
1 2 683 946 511 342
1 4 917 91 508 315
1 5 912 535 389 841
1 7 515 973 512 559
1 10 936 816 843 766
1 11 498 546 313 243
1 12 759 417 170 483
1 13 115 94 211 133
1 14 304 350 716 161
1 15 668 184 998 220
1 16 387 703 427 329
1 17 121 921 767 697
1 18 336 876 901 647
2 3 466 764 515 463
2 5 705 375 187 141
2 7 338 448 211 225
2 9 620 55 236 570
2 10 828 930 504 812
2 11 845 935 544 247
2 15 778 525 67 110
2 17 216 658 229 811
2 18 882 169 269 492
3 5 655 392 381 564
3 7 756 710 298 339
3 9 57 866 94 69
3 10 721 114 100 619
3 11 852 736 649 873
3 17 80 424 635 665
3 18 734 833 642 686
4 5 402 520 245 144
4 6 730 566 393 964
4 8 404 117 98 246
4 10 435 955 187 181
4 11 904 623 741 704
4 12 215 858 444 427
4 13 363 304 362 265
4 14 976 565 580 389
4 15 165 114 168 823
4 18 591 633 856 127
5 6 510 363 904 82
5 7 901 648 992 555
5 8 412 198 717 913
5 9 303 689 402 597
5 11 189 319 298 286
5 13 707 282 613 615
5 14 640 280 400 387
5 15 646 259 463 240
5 16 366 112 782 878
5 17 785 288 123 339
6 7 463 338 506 668
6 9 475 764 805 456
6 10 986 179 726 970
6 11 139 667 736 861
6 12 744 184 845 687
6 13 950 253 242 432
6 14 561 226 458 950
6 15 599 997 697 226
6 16 702 500 242 287
6 17 461 80 792 959
6 18 442 540 664 394
7 8 141 653 957 580
7 9 309 629 800 762
7 12 891 565 407 475
7 13 210 139 242 990
7 14 624 509 624 77
7 15 511 339 322 940
7 16 408 716 667 621
7 17 351 940 548 550
7 18 773 658 679 884
8 9 212 856 814 637
8 12 333 191 266 414
8 13 963 68 127 770
8 14 62 139 453 200
8 16 739 948 292 739
8 17 555 878 220 688
8 18 541 890 790 545
9 10 987 125 951 704
9 12 750 508 814 858
9 13 966 687 457 65
9 16 863 675 111 536
9 17 143 307 791 967
9 18 207 431 974 84
10 11 995 966 631 577
10 12 112 684 604 410
10 13 822 617 736 662
10 15 672 508 304 673
10 16 121 558 794 148
10 17 855 450 403 536
10 18 342 481 435 749
11 12 444 249 210 96
11 14 514 888 460 330
11 15 194 756 213 700
11 16 997 482 654 451
11 17 250 394 827 706
11 18 478 635 786 390
12 13 374 513 667 767
12 14 968 194 400 722
12 15 489 100 118 625
12 16 334 380 74 239
12 17 864 246 204 311
12 18 539 754 638 400
13 16 523 117 496 238
13 17 438 888 230 440
13 18 646 308 134 771
14 15 854 181 685 405
14 16 178 832 202 280
14 18 276 597 100 571
15 16 535 191 342 216
15 18 207 745 383 691
