19 4
0 3 481 745 120 742
0 7 77 814 154 928
0 8 181 650 956 882
0 9 912 89 970 941
0 12 947 627 282 704
0 14 982 578 418 173
0 15 716 824 199 142
0 16 870 313 173 198
1 2 232 290 657 568
1 4 449 289 947 797
1 7 910 534 823 154
1 8 331 97 611 326
1 10 796 349 112 147
1 14 404 348 654 623
1 15 55 239 942 193
1 16 593 829 378 199
1 18 309 198 902 595
2 3 867 139 678 488
2 4 265 946 106 700
2 8 691 525 640 689
2 9 696 553 451 321
2 10 462 422 548 158
2 12 714 258 867 961
2 13 488 316 601 859
2 17 519 982 573 545
2 18 794 528 966 58
3 6 880 346 433 979
3 8 295 403 336 610
3 9 287 737 475 310
3 10 547 996 286 614
3 12 240 228 413 812
3 15 324 462 465 408
3 18 668 537 324 698
4 6 354 124 851 450
4 7 898 855 393 904
4 8 584 857 101 282
4 11 933 909 154 367
4 12 714 356 338 209
4 15 516 447 928 924
5 7 242 228 785 951
5 9 146 84 427 928
5 10 89 371 649 167
5 11 454 752 964 329
5 12 969 918 564 343
5 15 840 836 914 249
5 16 448 920 918 759
6 10 860 324 671 670
6 11 618 567 944 960
6 13 343 488 773 780
6 14 324 343 384 301
6 15 388 357 205 319
6 16 213 504 484 400
6 17 910 427 594 171
7 13 553 423 847 170
7 17 588 945 239 639
7 18 931 706 502 820
8 18 168 772 871 155
9 10 822 653 229 832
9 11 979 824 59 63
9 12 123 359 262 50
9 14 311 392 92 302
9 16 892 312 55 450
9 18 576 757 484 765
10 11 389 95 445 880
10 12 270 701 962 784
10 15 601 656 399 408
10 16 523 657 204 215
10 17 83 616 160 240
10 18 962 560 896 101
11 14 929 256 737 778
12 13 490 605 561 926
12 15 944 264 373 728
12 16 305 691 994 865
12 17 673 164 548 554
12 18 156 294 822 545
13 14 349 400 121 946
13 15 503 181 104 219
13 18 694 948 463 651
15 18 894 264 345 849
16 17 772 804 695 83
