19 4
0 8 63 578 59 571
0 18 138 600 635 398
1 4 86 666 133 227
1 10 898 138 383 809
1 11 628 355 965 77
1 13 510 635 155 889
1 14 644 93 73 422
1 17 53 87 865 607
2 3 214 212 467 458
2 7 921 776 812 120
2 9 326 491 274 925
2 17 588 758 833 667
3 7 481 439 564 908
3 12 909 426 559 987
3 14 859 446 483 350
3 15 778 576 955 691
4 7 210 890 622 87
4 14 746 304 261 465
5 6 602 467 487 727
5 8 390 681 903 93
5 13 305 612 592 845
6 12 71 212 129 887
6 14 650 570 907 212
6 15 684 887 515 631
6 17 533 759 804 165
7 9 210 923 510 990
7 18 326 221 456 153
8 10 231 319 173 863
8 13 751 777 221 877
8 15 795 838 459 173
8 16 962 494 509 693
8 18 111 616 342 777
9 11 903 809 221 614
9 13 155 409 324 701
9 18 536 795 52 730
10 11 688 614 131 520
10 14 841 953 424 535
12 18 557 772 295 495
13 15 765 541 377 64
17 18 591 373 955 589
