19 4
0 6 368 539 154 882
0 7 715 608 785 421
1 8 927 123 402 112
1 9 456 459 238 413
1 14 332 377 850 205
1 15 399 692 546 355
1 16 376 458 323 348
2 4 834 955 829 189
2 5 996 361 605 925
2 6 322 233 962 224
2 8 330 711 387 268
2 13 454 489 829 887
3 5 668 606 53 285
3 17 468 405 812 532
4 6 965 417 906 73
4 9 689 470 201 302
4 10 539 98 693 504
5 7 284 903 165 676
5 10 164 810 216 657
5 15 834 147 52 593
6 7 741 170 459 349
6 17 719 634 563 898
6 18 590 584 541 875
7 15 931 763 447 418
7 17 963 922 898 371
8 11 884 365 140 114
8 13 607 679 223 141
8 14 740 333 394 689
8 15 173 272 733 707
8 16 326 59 305 217
9 11 532 553 580 329
9 12 570 138 775 374
9 13 810 839 320 731
9 18 227 544 794 234
10 13 913 762 772 922
10 18 117 699 723 636
11 17 63 219 324 726
12 14 650 499 849 59
12 16 376 368 910 536
12 17 332 442 407 563
14 16 648 448 962 423
16 18 901 99 404 117
17 18 455 583 179 424
