19 4
0 3 902 465 64 98
0 4 643 165 203 637
0 5 390 398 948 916
0 6 140 723 838 849
0 8 705 994 569 412
0 9 97 316 214 142
0 11 958 153 740 838
0 12 735 516 213 693
0 15 703 54 236 888
1 2 692 565 762 414
1 3 530 639 185 230
1 7 81 943 892 505
1 8 872 517 100 574
1 9 918 520 762 747
1 12 238 570 741 992
1 16 992 629 468 52
1 17 421 660 717 133
1 18 883 160 471 179
2 3 166 788 798 53
2 5 875 147 981 89
2 11 999 490 196 365
2 12 820 565 588 887
2 18 65 511 787 914
3 4 548 858 267 640
3 7 573 96 283 78
3 9 959 991 540 304
3 10 320 630 740 442
3 12 877 695 580 454
3 13 355 214 149 542
3 15 898 422 197 921
3 17 716 713 863 377
4 5 401 237 669 56
4 6 272 731 576 665
4 8 284 189 525 424
4 9 259 724 877 800
4 14 206 770 880 612
4 15 629 387 618 431
5 6 440 175 323 553
5 8 110 751 817 863
5 10 596 838 965 202
5 11 435 934 574 253
5 12 130 460 953 222
5 13 466 60 277 379
5 18 864 552 477 111
6 7 188 380 177 61
6 8 513 925 124 513
6 9 203 408 547 692
6 10 545 848 497 145
6 12 619 826 508 709
6 13 342 700 181 78
6 15 356 706 288 838
6 18 497 296 529 198
7 8 328 479 83 458
7 10 886 718 344 54
7 12 338 699 996 821
7 13 201 605 941 70
7 14 823 909 126 222
7 15 649 868 739 214
7 16 728 678 253 266
7 17 191 211 996 431
7 18 879 402 55 267
8 9 237 481 93 722
8 10 53 857 185 581
8 11 74 172 386 734
8 13 583 239 790 75
8 14 393 449 625 334
8 16 731 226 127 914
9 10 901 922 262 356
9 11 215 858 76 283
9 12 968 835 860 78
9 14 144 739 85 200
9 15 130 678 895 681
9 16 482 342 898 426
10 14 634 553 922 54
10 18 542 747 354 209
11 14 866 835 307 785
11 16 696 94 845 541
12 15 818 256 228 208
12 16 155 98 817 984
13 15 187 606 932 543
13 16 925 437 864 558
14 16 702 51 314 664
14 18 560 706 507 678
15 16 207 918 310 611
15 17 651 675 512 734
15 18 950 289 583 118
17 18 366 804 403 733
