19 4
0 1 316 596 692 68
0 3 133 372 774 131
0 5 277 142 900 362
0 10 341 151 655 784
0 18 151 608 668 804
1 2 918 737 533 266
1 4 864 870 681 872
1 6 431 412 749 560
1 7 813 418 772 299
1 12 364 370 823 254
1 13 789 560 817 165
1 16 144 172 321 852
2 5 520 266 931 156
2 9 591 803 367 955
2 10 65 899 169 614
2 11 849 680 840 964
2 18 209 569 519 804
3 7 209 300 922 170
3 15 841 429 347 682
3 17 945 964 536 728
3 18 477 291 428 890
4 6 803 346 646 321
4 11 917 489 764 323
4 12 878 179 505 208
4 16 550 536 398 669
4 18 726 139 444 184
5 16 458 370 973 423
5 18 193 115 424 876
6 12 734 407 509 975
6 13 546 688 880 779
6 17 821 488 155 442
7 8 651 785 108 117
7 11 570 723 192 270
7 18 728 520 369 63
8 13 538 739 407 181
9 11 925 625 237 502
9 16 783 398 351 510
10 11 872 735 688 444
11 16 599 304 602 585
12 14 428 614 192 966
12 15 321 105 180 366
13 17 939 640 426 623
14 15 358 562 338 302
17 18 509 678 646 419
