19 4
0 1 318 348 156 926
0 2 773 521 52 107
0 3 864 110 100 152
0 12 231 460 440 195
0 13 707 61 288 216
0 14 402 551 870 728
0 15 602 521 605 342
0 16 299 289 334 94
0 18 917 289 827 779
1 3 862 357 231 331
1 5 118 183 747 848
1 6 688 799 800 354
1 7 594 103 934 208
1 10 988 932 498 350
1 11 815 117 163 624
1 13 666 415 881 482
1 14 544 342 778 662
1 15 274 483 605 863
1 16 452 656 925 943
1 17 901 589 650 918
1 18 954 849 865 71
2 4 780 878 752 701
2 7 781 283 885 600
2 8 414 437 101 336
2 10 468 568 375 184
2 11 301 875 290 598
2 13 573 287 835 895
2 14 136 931 387 272
2 16 614 418 789 464
2 18 67 975 876 945
3 4 59 90 600 521
3 6 506 120 673 687
3 7 91 657 138 77
3 9 601 100 974 319
3 10 492 376 359 393
3 13 136 409 404 849
3 14 561 763 215 360
3 15 167 104 449 637
3 16 217 947 442 603
3 18 882 136 455 642
4 7 656 919 810 552
4 9 632 583 706 288
4 11 719 286 773 639
4 12 916 952 433 759
4 13 853 775 803 399
4 15 824 529 248 542
4 18 124 875 771 334
5 8 699 518 998 54
5 10 129 288 562 221
5 11 697 178 726 964
5 13 295 325 113 970
5 18 536 707 929 473
6 9 519 360 576 724
6 12 901 612 618 923
6 15 604 508 242 413
6 16 754 601 474 552
6 17 56 641 208 241
6 18 737 562 150 365
7 10 815 438 327 776
7 12 652 586 960 868
7 13 457 888 227 255
7 14 858 330 707 297
7 15 892 825 196 785
7 18 547 701 130 508
8 9 796 773 860 366
8 10 227 514 56 395
8 12 580 166 541 907
8 15 946 236 152 352
9 11 834 154 531 475
9 12 119 72 430 676
9 14 602 795 520 143
9 16 488 91 875 182
9 17 460 681 294 129
9 18 100 781 243 529
10 11 401 329 92 676
10 12 175 756 766 897
10 14 750 894 758 872
11 12 556 769 576 489
11 13 730 521 248 104
11 14 323 142 654 818
11 15 939 348 772 727
11 18 823 300 236 860
12 13 132 75 166 327
12 14 783 545 840 850
12 15 471 998 116 514
12 16 109 185 257 59
12 17 593 864 492 206
12 18 726 439 344 410
13 15 963 271 252 849
14 16 285 532 125 145
14 17 958 872 904 648
14 18 339 621 490 361
17 18 311 832 789 475
