20 2
0 1 648 275
0 2 357 897
0 4 662 388
0 5 482 71
0 6 89 993
0 14 437 389
0 16 254 637
0 17 897 637
0 18 580 570
1 3 777 113
1 4 718 659
1 5 608 886
1 6 329 462
1 7 570 971
1 8 295 929
1 11 526 279
1 12 259 339
1 13 828 587
1 14 560 515
1 15 929 438
1 16 863 867
1 17 371 577
1 18 267 989
1 19 716 702
2 3 337 252
2 4 128 243
2 5 639 368
2 6 748 321
2 8 475 991
2 9 672 315
2 10 190 548
2 11 659 840
2 12 952 213
2 13 958 879
2 14 439 689
2 15 189 647
2 16 800 902
2 18 699 748
2 19 985 92
3 4 957 689
3 5 746 88
3 6 506 492
3 7 604 584
3 8 859 706
3 9 182 639
3 10 491 689
3 12 471 371
3 13 63 234
3 14 963 980
3 15 612 422
3 16 108 735
3 17 447 711
3 18 777 567
3 19 748 885
4 5 352 69
4 6 784 774
4 7 89 316
4 8 689 818
4 9 891 204
4 10 772 698
4 11 115 216
4 12 419 908
4 13 783 520
4 15 109 610
4 16 595 635
4 17 124 637
4 19 534 947
5 6 678 598
5 7 401 138
5 8 481 312
5 9 332 481
5 10 997 844
5 12 411 253
5 13 141 480
5 14 396 409
5 15 372 873
5 16 748 436
5 18 383 559
5 19 509 785
6 7 503 389
6 8 716 929
6 10 234 792
6 11 935 207
6 12 575 983
6 13 451 660
6 14 264 408
6 15 652 184
6 17 857 242
6 18 975 562
6 19 771 741
7 8 933 476
7 9 115 136
7 10 511 916
7 12 964 628
7 14 463 614
7 15 306 657
7 16 573 807
7 18 260 431
7 19 369 886
8 9 757 438
8 11 159 357
8 16 910 104
8 18 63 514
9 10 139 781
9 13 677 460
9 14 95 896
9 15 388 89
9 16 826 76
9 17 645 163
9 18 785 999
9 19 990 717
10 11 895 600
10 12 805 289
10 13 95 208
10 14 348 761
10 16 612 693
10 19 757 538
11 12 60 202
11 15 761 233
11 16 748 156
11 17 472 654
12 13 751 707
12 14 778 160
12 15 131 542
12 16 582 978
12 17 980 942
12 18 714 135
12 19 595 244
13 14 528 578
13 15 946 278
13 16 390 668
13 19 201 329
14 15 146 542
14 17 275 582
14 18 779 646
14 19 393 806
15 16 210 748
15 18 447 219
15 19 176 117
16 17 935 253
16 18 261 474
16 19 67 529
17 18 794 60
17 19 684 208
18 19 63 258
