20 2
0 1 309 65
0 2 794 78
0 3 963 532
0 5 655 632
0 8 924 756
0 9 621 74
0 11 86 637
0 12 116 432
0 13 444 955
0 14 777 228
0 15 126 105
0 16 958 946
0 18 142 730
1 2 410 605
1 3 342 915
1 4 172 701
1 5 349 90
1 9 375 787
1 10 507 891
1 12 531 304
1 14 244 490
1 15 130 486
1 16 275 827
2 3 909 526
2 4 614 227
2 5 123 355
2 6 612 375
2 7 643 684
2 8 608 171
2 9 659 906
2 10 749 427
2 11 776 414
2 12 371 135
2 13 853 294
2 15 570 295
2 17 905 335
2 19 428 979
3 4 212 603
3 5 655 980
3 8 487 325
3 9 961 648
3 12 599 862
3 13 223 668
3 15 959 410
3 16 844 652
3 17 554 460
4 5 231 346
4 6 74 667
4 7 735 126
4 8 447 635
4 9 835 59
4 10 764 589
4 14 509 991
4 15 614 192
4 16 254 530
4 18 820 394
4 19 482 204
5 7 243 100
5 8 981 268
5 10 622 470
5 12 246 599
5 13 460 813
5 17 90 515
5 18 226 758
5 19 298 764
6 7 972 888
6 8 462 395
6 9 109 134
6 10 117 677
6 11 215 419
6 12 476 906
6 13 360 312
6 14 725 216
6 15 497 164
6 16 482 527
6 18 115 791
7 8 173 893
7 9 815 309
7 12 142 214
7 13 97 920
7 14 757 111
7 16 646 408
7 19 983 539
8 11 211 63
8 12 231 948
8 13 405 339
8 14 780 842
8 15 943 282
8 16 884 381
8 17 913 769
8 18 384 692
8 19 990 637
9 10 542 206
9 11 142 150
9 12 421 397
9 13 905 722
9 14 542 427
9 16 448 553
9 17 458 431
9 19 216 340
10 11 264 917
10 12 176 400
10 15 882 237
10 16 663 648
10 17 342 973
10 19 929 519
11 12 758 726
11 13 901 453
11 15 366 565
11 17 925 722
11 18 145 443
12 13 778 892
12 14 83 76
12 15 104 151
12 16 628 533
12 17 296 476
12 18 749 655
12 19 742 322
13 16 990 150
13 18 215 966
13 19 616 125
14 16 850 631
14 17 112 330
14 18 284 965
14 19 451 728
15 16 972 658
15 17 362 862
15 18 875 504
16 17 621 543
17 18 374 619
