20 2
0 2 888 852
0 3 813 555
0 6 809 313
0 7 115 635
0 8 82 734
0 10 332 205
0 12 486 498
0 13 652 171
0 14 56 593
0 16 955 483
1 2 990 334
1 5 175 944
1 6 522 355
1 10 364 845
1 12 297 287
1 14 172 382
1 16 115 200
1 17 674 209
1 18 318 771
1 19 221 74
2 4 888 208
2 5 108 452
2 10 169 941
2 14 893 190
2 15 295 444
2 16 173 329
2 17 245 957
3 4 423 418
3 7 247 677
3 8 557 813
3 10 157 771
3 11 420 358
3 15 512 263
3 16 670 62
3 18 397 820
4 5 158 966
4 7 720 77
4 8 605 59
4 9 629 473
4 10 820 705
4 12 76 309
4 13 727 583
4 15 637 800
4 19 164 571
5 7 556 743
5 8 775 912
5 12 862 484
5 14 444 978
5 16 709 451
6 7 122 693
6 8 410 915
6 9 852 543
6 14 113 90
6 15 112 569
6 16 741 555
6 18 149 804
7 8 303 336
7 16 648 748
7 18 559 260
7 19 57 104
8 9 915 904
8 10 864 545
8 12 480 558
8 14 324 443
8 16 769 63
8 17 416 857
8 18 525 135
8 19 249 773
9 10 318 956
9 11 587 747
9 12 700 572
9 13 201 381
9 15 51 999
9 16 329 789
9 17 210 401
10 11 282 644
10 15 546 96
10 17 103 111
11 13 115 93
11 15 116 368
11 18 484 482
12 14 358 428
12 15 944 885
12 17 856 569
13 14 303 336
13 16 333 95
13 18 534 482
13 19 521 60
14 16 847 531
14 17 314 541
15 16 350 290
15 17 858 332
15 18 123 829
15 19 731 181
16 19 148 255
17 18 149 585
18 19 340 440
