20 2
0 1 972 698
0 2 96 801
0 3 164 69
0 5 333 557
0 6 392 605
0 7 800 423
0 8 571 463
0 10 512 453
0 12 502 877
0 14 640 248
0 18 463 658
0 19 390 630
1 3 913 910
1 5 76 815
1 9 445 713
1 11 304 684
1 12 829 930
1 13 528 156
1 14 667 258
1 16 88 721
1 17 728 121
1 19 902 897
2 3 65 946
2 4 435 868
2 5 698 643
2 7 284 910
2 11 280 381
2 12 245 120
2 13 781 524
2 14 229 988
2 15 445 385
2 17 283 345
2 18 270 536
3 4 434 917
3 7 723 901
3 9 263 273
3 10 286 521
3 11 219 463
3 15 344 190
3 16 759 774
3 18 309 316
4 5 674 137
4 9 592 59
4 11 759 899
4 12 155 506
4 15 663 833
4 17 501 63
4 18 568 147
4 19 193 381
5 8 482 661
5 9 744 401
5 13 693 551
5 14 404 86
5 15 501 537
5 17 872 910
5 18 339 500
5 19 950 983
6 7 542 737
6 9 506 709
6 12 235 876
6 13 262 776
6 14 694 600
6 19 364 436
7 8 594 856
7 9 618 644
7 11 458 115
7 13 720 107
7 14 349 754
7 15 377 275
8 9 309 183
8 10 77 929
8 11 111 686
8 12 106 503
8 16 183 583
9 10 823 110
9 11 659 127
9 13 936 154
9 15 224 226
9 18 455 275
10 11 395 339
10 12 706 123
10 14 893 98
10 16 173 84
11 13 782 930
11 17 747 748
11 18 657 531
12 13 785 58
12 14 268 286
12 15 267 755
12 18 617 877
12 19 869 610
13 14 819 707
13 15 563 85
13 17 577 410
13 19 867 168
14 15 173 714
14 16 919 638
14 18 978 967
14 19 961 240
15 18 266 274
16 19 607 869
17 18 265 765
