20 2
0 1 818 443
0 2 690 730
0 3 150 96
0 4 660 745
0 5 72 633
0 7 857 800
0 8 992 774
0 10 850 952
0 12 886 515
0 14 617 531
0 15 913 668
0 16 799 235
0 17 480 689
0 19 649 628
1 2 341 438
1 4 380 482
1 5 437 56
1 8 133 284
1 9 957 57
1 10 104 836
1 11 513 699
1 12 660 211
1 13 743 423
1 14 503 945
1 16 417 623
1 17 585 75
1 18 247 465
1 19 293 788
2 4 686 762
2 7 630 120
2 10 441 102
2 11 949 542
2 12 366 906
2 13 183 684
2 14 772 939
2 15 996 250
2 16 274 914
2 17 271 552
2 18 621 361
3 4 197 852
3 5 856 900
3 6 719 526
3 7 888 202
3 8 211 240
3 10 851 282
3 11 618 52
3 12 723 127
3 13 102 835
3 14 503 647
3 15 701 451
3 16 838 517
3 17 688 433
3 18 621 921
3 19 339 188
4 6 287 488
4 9 338 528
4 10 63 993
4 11 493 219
4 12 161 886
4 13 131 964
4 15 351 410
4 16 940 162
4 17 491 724
4 18 328 538
4 19 108 685
5 6 169 85
5 7 465 690
5 8 977 997
5 9 349 459
5 10 385 650
5 12 764 134
5 13 254 540
5 14 306 150
5 15 68 876
5 16 475 823
5 17 433 871
5 18 943 856
5 19 867 382
6 7 240 775
6 8 692 267
6 9 803 548
6 10 759 588
6 11 312 607
6 13 81 611
6 14 891 390
6 16 341 688
6 18 57 161
7 8 685 983
7 9 589 695
7 10 972 498
7 11 776 603
7 14 928 717
7 15 163 319
7 16 176 542
7 17 909 229
7 18 725 913
7 19 90 381
8 9 855 173
8 10 193 94
8 11 848 459
8 13 854 730
8 15 149 617
8 16 310 513
8 17 94 806
8 18 676 412
8 19 113 703
9 10 847 794
9 11 682 309
9 12 629 73
9 13 300 166
9 16 168 789
9 17 495 370
9 19 124 404
10 11 494 637
10 12 147 455
10 13 878 991
10 14 511 679
10 15 271 576
10 16 794 700
10 19 572 823
11 12 762 632
11 13 447 299
11 14 503 790
11 15 108 195
11 16 447 931
11 18 632 527
11 19 605 662
12 13 365 308
12 14 739 192
12 15 892 649
12 16 957 217
12 18 617 736
13 14 240 693
13 16 925 779
13 17 793 365
13 18 90 391
13 19 511 577
14 15 639 592
14 16 681 318
14 18 762 675
14 19 616 215
15 16 893 665
15 17 618 99
15 18 426 307
15 19 732 356
16 18 548 747
16 19 129 844
17 19 797 632
18 19 910 934
