20 2
0 1 80 803
0 2 560 901
0 3 442 50
0 4 536 323
0 6 501 103
0 7 113 68
0 8 153 674
0 9 346 912
0 10 758 683
0 11 374 787
0 12 176 733
0 13 56 136
0 14 609 501
0 15 757 59
0 16 678 685
0 17 724 975
0 18 670 79
0 19 263 276
1 2 897 804
1 4 294 555
1 5 886 122
1 7 741 533
1 8 538 179
1 9 945 576
1 10 77 570
1 12 434 242
1 13 961 713
1 14 768 143
1 15 150 600
1 16 870 104
1 18 547 185
1 19 537 870
2 3 613 844
2 4 965 400
2 5 222 666
2 6 149 200
2 7 514 182
2 8 373 822
2 10 210 361
2 11 147 451
2 12 460 357
2 13 444 323
2 14 874 561
2 16 197 801
2 17 135 532
2 18 683 393
2 19 837 675
3 4 999 629
3 5 134 342
3 6 738 227
3 8 953 573
3 10 70 703
3 11 988 605
3 12 319 104
3 13 362 753
3 14 239 182
3 15 384 833
3 17 442 214
3 18 575 450
3 19 805 604
4 7 135 754
4 8 807 437
4 9 102 941
4 11 829 536
4 12 136 754
4 13 211 854
4 14 498 872
4 17 88 252
4 19 126 132
5 6 107 104
5 7 410 100
5 8 848 650
5 9 586 981
5 10 233 770
5 11 334 126
5 12 611 195
5 13 930 477
5 14 272 211
5 15 798 265
5 16 940 90
5 17 282 943
5 18 604 528
5 19 389 554
6 7 801 315
6 8 120 414
6 9 826 324
6 11 492 604
6 12 680 703
6 14 479 582
6 15 336 708
6 17 277 471
6 19 853 678
7 8 403 413
7 9 569 610
7 10 981 83
7 11 104 713
7 13 589 616
7 14 798 950
7 15 696 634
7 16 449 766
7 17 166 280
7 18 820 742
7 19 110 240
8 9 343 69
8 10 586 562
8 11 777 811
8 12 641 50
8 13 300 988
8 14 381 191
8 15 829 360
8 16 246 359
8 17 567 223
8 18 656 632
8 19 976 648
9 10 314 560
9 11 634 669
9 15 853 488
9 16 488 141
9 17 605 691
9 18 870 589
10 12 542 91
10 13 333 698
10 16 795 579
10 18 253 876
10 19 489 581
11 14 418 625
11 15 181 482
11 17 780 540
11 19 742 214
12 13 83 123
12 14 639 965
12 15 977 527
12 16 228 901
12 17 73 927
12 18 611 216
12 19 575 428
13 15 88 468
13 16 796 355
13 18 585 817
13 19 52 588
14 15 927 773
14 16 140 941
14 17 998 579
14 18 861 182
14 19 856 281
15 17 326 457
15 18 311 306
15 19 934 274
16 17 933 269
16 19 938 805
18 19 292 272
