20 2
0 1 969 761
0 2 863 220
0 3 205 912
0 5 721 734
0 7 805 430
0 11 183 295
0 13 218 652
0 14 927 69
0 17 73 159
0 18 762 791
0 19 518 624
1 2 863 598
1 3 870 479
1 5 724 955
1 9 796 601
1 11 904 240
1 12 921 889
1 17 904 646
2 3 703 533
2 7 749 523
2 8 337 470
2 9 813 621
2 15 246 741
2 17 678 766
2 19 579 553
3 8 427 470
3 9 421 968
3 10 796 202
3 11 672 222
3 15 526 596
3 18 888 539
3 19 233 693
4 5 592 832
4 6 684 319
4 7 679 181
4 9 964 813
4 12 781 474
4 13 553 674
4 15 304 438
4 19 167 97
5 9 994 909
5 10 584 488
5 12 647 568
5 13 233 190
5 15 273 94
5 17 380 953
5 19 810 707
6 9 71 129
6 10 361 799
6 11 606 204
6 12 93 84
6 13 569 115
6 16 56 906
6 17 216 112
7 10 974 168
7 11 736 82
7 12 763 541
7 15 628 988
7 18 632 211
8 9 804 293
8 10 926 803
8 14 840 936
8 15 866 489
8 16 309 592
8 19 193 643
9 13 78 546
9 14 863 289
9 16 898 933
9 18 337 776
10 18 220 607
11 12 335 440
11 13 74 946
11 16 966 578
11 19 912 968
12 15 458 469
12 16 886 176
12 18 683 89
13 15 476 213
13 19 748 712
14 15 173 791
14 19 99 54
15 17 367 517
15 18 183 213
17 18 506 721
