20 2
0 2 564 276
0 7 507 952
0 14 162 698
0 16 598 720
0 17 856 105
0 18 648 890
0 19 918 564
1 2 665 720
1 4 376 913
1 6 693 449
1 8 108 136
1 10 535 444
1 12 677 766
1 17 118 471
1 18 873 101
2 3 712 976
2 8 949 605
2 11 234 751
2 14 600 803
2 18 323 503
3 4 408 143
3 9 375 556
3 10 976 788
3 15 795 812
3 17 939 801
3 18 842 303
4 15 965 834
4 18 647 671
5 6 979 611
5 7 761 178
5 9 747 282
5 10 761 958
5 12 943 601
5 15 924 340
5 16 876 522
6 7 408 711
6 9 326 368
6 14 914 454
6 16 860 636
6 18 893 78
7 9 433 920
7 13 756 733
8 13 904 376
8 16 774 984
9 11 235 110
10 13 202 259
10 16 698 502
11 12 430 316
12 14 65 664
12 16 980 56
12 18 723 928
13 14 381 891
14 16 831 686
14 18 97 848
18 19 404 525
