20 2
0 1 70 591
0 4 492 174
0 5 592 773
0 7 337 535
0 8 739 55
0 9 72 734
0 14 894 717
0 16 55 503
0 17 202 255
0 18 982 624
0 19 107 992
1 2 956 390
1 4 662 388
1 7 94 821
1 8 791 923
1 9 886 581
1 10 887 91
1 13 960 701
1 14 423 418
1 15 797 907
1 16 973 932
1 17 72 560
1 18 784 250
1 19 418 752
2 4 956 539
2 7 69 878
2 8 167 942
2 9 223 385
2 10 139 79
2 12 407 225
2 14 94 375
2 15 564 397
2 16 318 199
2 17 102 754
2 19 345 347
3 4 641 906
3 7 428 405
3 8 990 715
3 9 116 393
3 10 542 317
3 11 888 68
3 12 753 282
3 14 610 186
3 16 965 240
3 17 258 371
3 18 198 723
3 19 234 880
4 5 432 828
4 6 525 577
4 7 303 845
4 10 548 639
4 11 311 468
4 12 974 796
4 13 263 260
4 14 53 382
4 15 398 446
4 16 349 186
4 17 565 724
4 19 713 155
5 6 168 198
5 7 170 190
5 8 570 125
5 9 691 994
5 10 303 785
5 12 505 462
5 14 809 956
5 15 54 973
5 17 103 523
5 18 180 494
5 19 669 233
6 7 805 548
6 8 216 102
6 9 461 246
6 10 374 959
6 11 359 364
6 13 649 741
6 14 985 733
6 15 152 993
6 16 257 304
6 17 399 382
6 18 598 149
6 19 933 376
7 8 637 434
7 9 809 937
7 10 75 765
7 11 293 923
7 13 441 541
7 14 725 897
7 15 672 464
7 17 559 912
7 18 673 754
7 19 881 597
8 9 717 142
8 10 411 485
8 12 342 155
8 13 410 494
8 14 719 844
8 16 213 113
8 17 269 417
8 18 772 86
8 19 717 127
9 11 502 243
9 12 341 875
9 13 534 909
9 14 247 65
9 15 401 256
9 16 295 899
9 17 586 596
9 18 439 807
9 19 367 591
10 11 912 110
10 12 300 866
10 13 111 657
10 14 823 208
10 15 626 461
10 16 336 131
10 19 509 349
11 12 66 84
11 13 606 726
11 15 162 522
11 16 379 444
11 17 672 840
12 13 533 234
12 14 664 843
12 16 298 887
12 17 593 473
12 18 173 802
12 19 279 662
13 15 571 613
13 16 816 451
13 17 283 976
14 15 588 838
14 16 534 824
14 17 806 768
14 18 66 649
15 16 404 930
15 17 81 861
15 19 776 280
16 19 844 663
17 18 231 558
17 19 602 560
18 19 246 570
