20 2
0 3 931 670
0 5 336 807
0 6 238 347
0 8 778 878
0 10 230 839
0 11 253 205
0 12 260 996
0 13 809 884
0 14 785 947
0 15 111 906
0 16 795 240
0 18 714 965
0 19 769 536
1 2 371 544
1 3 566 682
1 4 793 775
1 5 630 791
1 8 526 876
1 9 313 64
1 10 150 785
1 11 800 173
1 12 352 443
1 13 58 991
1 14 406 73
1 15 849 545
1 16 95 717
1 17 527 615
1 18 159 743
1 19 793 134
2 3 667 329
2 4 998 462
2 5 542 340
2 6 882 795
2 7 118 988
2 10 572 51
2 11 473 650
2 12 850 372
2 13 799 348
2 14 367 558
2 15 865 881
2 16 537 618
2 17 623 497
2 18 559 550
3 5 474 703
3 8 542 143
3 9 639 506
3 11 908 743
3 12 552 410
3 14 835 703
3 19 868 72
4 5 510 392
4 6 900 165
4 7 313 690
4 9 489 707
4 10 659 195
4 11 976 617
4 12 305 346
4 13 373 612
4 14 786 860
4 15 241 50
4 16 882 364
4 17 294 223
4 18 842 767
4 19 565 224
5 6 147 726
5 7 295 283
5 8 757 608
5 9 51 955
5 10 784 278
5 11 960 396
5 12 925 54
5 13 554 931
5 15 138 218
5 16 789 879
5 17 623 234
5 18 837 587
5 19 682 806
6 8 378 451
6 9 985 244
6 12 222 140
6 13 922 269
6 14 998 856
6 16 716 645
6 17 219 175
6 18 208 136
7 8 284 894
7 9 751 310
7 10 224 824
7 11 245 844
7 12 581 791
7 13 718 691
7 16 293 876
7 17 461 851
7 18 577 782
8 10 540 839
8 11 769 646
8 12 228 874
8 13 476 252
8 15 863 598
8 17 269 924
8 18 346 903
8 19 865 556
9 10 247 373
9 11 818 891
9 12 578 156
9 13 626 456
9 14 457 331
9 16 537 458
9 17 228 209
9 18 519 582
9 19 207 431
10 11 446 715
10 14 422 729
10 15 576 976
10 16 541 515
10 17 662 918
10 19 341 76
11 12 849 937
11 13 300 404
11 15 718 671
11 16 668 355
11 17 858 916
11 18 260 51
11 19 783 240
12 13 662 871
12 14 592 153
12 16 589 858
12 19 967 796
13 14 632 672
13 15 854 992
13 17 573 260
13 18 766 182
13 19 110 170
14 15 66 568
14 16 416 676
14 17 186 440
14 18 564 180
14 19 836 655
15 16 93 668
15 17 147 654
15 18 608 977
16 17 962 164
16 18 867 436
16 19 994 674
17 18 575 880
17 19 251 89
