20 2
0 1 128 303
0 2 697 392
0 3 813 220
0 4 576 428
0 8 637 970
0 10 703 450
0 12 440 372
0 13 181 984
0 16 577 98
0 17 52 325
1 3 901 147
1 7 979 424
1 9 832 257
1 11 796 211
1 14 833 560
1 15 906 389
1 18 968 329
1 19 335 653
2 4 68 471
2 5 586 924
2 7 549 502
2 8 702 617
2 12 390 722
2 13 684 219
2 17 208 174
2 18 909 244
3 4 562 916
3 6 331 604
3 9 702 77
3 14 334 656
3 15 591 214
3 18 53 708
4 5 442 304
4 8 536 982
4 10 366 290
4 11 802 430
4 12 482 766
4 13 320 764
4 14 53 412
4 15 144 643
4 19 946 767
5 7 806 559
5 8 347 518
5 9 67 461
5 11 60 855
5 13 206 448
5 17 626 347
5 19 841 76
6 7 340 713
6 9 327 700
6 11 934 370
6 12 653 320
6 15 196 875
6 16 644 202
6 17 576 437
7 8 632 156
7 9 101 320
7 10 197 701
7 11 187 350
7 12 721 733
7 15 938 903
7 16 209 804
8 11 297 245
8 14 507 307
8 15 792 133
8 19 473 154
9 10 302 169
9 13 780 101
9 14 321 619
9 15 575 679
9 17 753 882
10 11 596 108
10 14 689 609
10 15 291 142
10 17 893 494
10 18 799 854
11 12 729 317
11 14 305 601
11 15 113 289
11 16 146 113
11 18 953 496
12 14 515 933
12 16 656 936
12 17 244 76
12 19 427 796
13 14 779 354
13 15 828 728
14 18 730 372
15 17 435 711
16 17 791 604
16 18 770 314
16 19 722 409
17 18 486 306
