20 3
0 5 371 438 420
0 7 801 918 984
0 8 973 741 657
0 9 255 916 807
0 13 89 80 720
0 16 278 730 481
1 7 689 884 613
1 9 638 708 347
1 13 664 241 250
1 16 956 270 220
1 18 972 56 818
2 9 783 342 406
2 10 695 397 216
2 12 427 734 189
2 14 515 447 87
2 18 328 900 609
3 6 329 519 787
3 7 472 573 101
3 14 178 589 414
3 16 467 932 707
4 6 74 556 375
4 7 625 122 336
4 9 952 327 920
4 11 697 891 642
5 19 707 487 951
6 12 475 914 734
6 14 184 546 984
6 19 163 111 318
7 11 785 420 119
7 12 75 758 743
8 9 196 309 233
8 11 742 443 181
8 18 511 918 124
8 19 949 417 679
9 13 484 560 958
10 11 118 671 744
10 13 313 565 718
10 14 137 918 121
10 16 889 372 520
10 17 959 347 727
10 18 195 693 128
10 19 858 105 646
11 13 929 753 791
11 14 849 425 727
11 15 812 361 920
11 17 330 758 703
11 19 837 660 437
12 15 111 421 892
12 16 663 435 323
13 15 528 865 966
13 16 397 841 137
13 19 183 553 609
14 15 378 288 845
14 17 518 592 947
16 18 950 937 855
