20 3
0 7 786 280 387
0 10 817 672 681
0 14 66 91 189
0 18 530 589 455
1 3 932 293 413
1 4 431 318 621
1 8 529 129 831
1 16 225 145 879
1 19 251 104 897
2 8 71 743 61
2 9 398 736 408
2 10 450 752 655
3 8 947 558 55
3 12 160 92 677
3 13 308 972 471
3 16 524 914 880
3 17 407 503 569
4 5 250 835 342
4 9 617 462 405
4 13 555 182 283
5 13 120 724 591
5 17 770 635 517
6 11 515 311 354
6 14 119 751 394
7 12 306 219 170
7 14 534 281 351
7 18 645 395 93
7 19 562 987 112
8 11 245 809 901
8 12 462 728 648
8 13 694 133 462
8 14 619 67 69
9 12 682 689 807
9 18 985 517 645
10 12 731 607 277
10 18 866 892 583
11 12 859 687 730
11 15 759 618 567
11 17 833 701 755
11 18 969 791 233
11 19 528 519 980
12 17 315 863 223
13 14 763 801 869
14 16 603 594 133
15 16 919 783 506
15 19 476 888 923
