20 3
0 1 653 649 212
0 5 903 404 458
0 6 462 761 628
0 8 555 88 75
0 11 871 214 934
0 12 740 438 410
0 16 228 219 808
0 18 383 449 771
1 2 388 782 266
1 3 105 609 85
1 4 895 439 516
1 5 996 490 995
1 6 192 648 75
1 8 733 632 976
1 9 373 691 433
1 12 652 923 215
1 15 106 565 655
1 16 404 449 597
1 17 968 99 420
1 18 422 889 670
1 19 272 975 932
2 3 658 494 378
2 5 205 261 111
2 6 69 675 179
2 10 811 355 661
2 13 910 560 305
2 15 912 575 589
2 18 714 974 177
3 8 743 196 69
3 9 102 843 658
3 11 278 50 305
3 13 527 613 986
3 14 821 754 484
3 15 552 607 824
3 16 877 545 744
3 18 631 881 766
3 19 500 828 262
4 6 872 261 997
4 8 677 331 359
4 9 185 452 188
4 10 900 520 736
4 11 207 289 81
4 12 930 974 520
4 14 660 971 298
4 15 776 924 261
4 17 188 674 902
5 9 866 712 848
5 11 587 543 656
5 12 841 105 949
5 16 869 492 161
5 18 388 651 540
6 7 466 648 721
6 8 109 58 166
6 11 67 139 911
6 12 848 562 428
6 18 331 785 966
6 19 620 621 146
7 8 169 357 426
7 9 820 54 372
7 10 323 790 376
7 11 184 576 868
7 12 835 137 739
7 15 449 787 815
7 17 593 79 672
8 10 260 58 637
8 11 442 547 326
8 13 555 804 999
8 14 904 200 812
8 15 549 269 597
8 16 619 500 949
8 17 460 630 474
8 18 715 299 853
9 12 112 231 819
9 15 292 956 290
10 11 385 352 278
10 13 457 251 317
10 15 811 536 883
10 16 480 344 373
10 18 244 682 735
10 19 333 256 364
11 12 628 603 891
11 14 367 614 348
11 15 627 335 409
11 16 436 115 299
11 17 551 864 513
11 19 800 414 162
12 13 225 280 665
12 14 102 263 238
12 16 764 410 769
12 17 322 345 892
12 18 387 879 229
12 19 180 304 579
13 14 976 423 903
13 15 916 133 708
13 18 460 610 196
13 19 905 214 369
14 17 385 566 129
14 18 385 746 162
15 17 151 986 248
15 19 797 974 376
18 19 65 291 125
