20 3
0 2 500 144 663
0 3 718 192 273
0 5 410 120 334
0 8 637 565 437
0 10 412 986 495
0 13 436 907 968
0 14 930 410 562
0 16 677 595 655
0 18 423 849 636
1 5 422 902 270
1 12 717 797 486
1 17 993 387 257
2 3 529 537 496
2 6 193 554 826
2 9 215 141 120
2 16 328 479 485
2 17 88 540 550
2 19 744 642 440
3 7 996 983 743
3 9 335 973 861
3 13 731 965 356
3 16 463 977 913
4 17 919 672 913
4 19 454 810 102
5 7 295 491 722
5 14 386 738 311
5 17 231 286 683
5 18 528 364 641
5 19 151 487 392
6 7 130 457 270
6 8 792 812 958
6 10 245 725 784
6 12 529 285 805
6 14 415 520 201
6 15 422 807 528
6 18 171 349 697
7 15 973 994 511
7 18 862 309 231
7 19 175 72 888
8 14 392 188 235
8 19 153 500 392
9 12 131 358 796
9 14 692 413 167
9 15 767 184 231
9 17 399 920 645
10 16 519 133 218
10 19 69 998 205
11 12 798 323 947
11 13 582 468 667
11 18 89 832 753
11 19 350 262 856
12 13 355 897 209
13 17 88 772 64
14 15 724 550 235
14 17 314 444 563
15 16 616 468 685
16 17 675 993 476
16 18 916 941 813
