20 3
0 1 722 345 343
0 3 937 256 238
0 4 631 903 177
0 5 926 174 590
0 6 696 319 893
0 7 249 67 545
0 8 354 288 926
0 9 998 721 260
0 10 220 349 732
0 11 83 987 937
0 12 227 527 233
0 13 846 716 820
0 14 638 54 707
0 15 472 324 248
0 16 835 505 872
0 17 370 948 76
0 18 635 818 82
0 19 950 867 995
1 2 820 659 904
1 4 618 504 282
1 5 247 768 874
1 6 455 370 167
1 8 985 928 881
1 9 548 715 173
1 10 567 366 591
1 11 625 257 258
1 12 251 850 66
1 13 847 999 726
1 14 927 126 988
1 15 577 955 695
1 16 198 279 67
1 17 127 77 172
1 18 792 338 925
1 19 519 765 400
2 3 558 744 120
2 4 792 274 452
2 5 930 462 857
2 6 768 200 325
2 7 124 239 210
2 8 136 440 299
2 9 214 581 289
2 10 228 310 882
2 11 99 361 554
2 12 632 975 899
2 13 908 822 142
2 14 165 350 73
2 15 179 671 861
2 16 845 196 617
2 18 938 316 950
2 19 114 416 194
3 4 167 704 90
3 5 877 182 72
3 6 183 811 697
3 7 910 843 771
3 8 203 62 413
3 10 237 72 597
3 13 560 556 658
3 14 942 401 486
3 15 678 796 757
3 16 976 557 969
3 17 307 433 84
3 18 452 867 434
3 19 130 764 254
4 7 531 588 518
4 8 536 137 642
4 9 667 374 180
4 10 630 611 840
4 13 913 95 750
4 15 413 341 667
4 19 570 218 494
5 6 596 372 822
5 7 191 751 79
5 8 917 421 128
5 9 907 553 646
5 10 501 59 857
5 11 377 373 256
5 12 119 153 235
5 13 572 98 250
5 14 389 271 142
5 15 97 336 170
5 16 591 935 748
5 17 703 241 851
5 18 721 584 459
5 19 764 131 292
6 7 443 565 878
6 8 374 749 170
6 9 102 428 528
6 10 449 917 588
6 11 276 96 194
6 12 917 293 526
6 14 946 929 355
6 16 729 358 896
6 17 61 479 164
6 19 836 207 692
7 8 670 260 440
7 10 791 558 880
7 14 290 964 314
7 15 148 773 324
7 16 590 493 247
7 18 712 951 931
7 19 921 306 579
8 9 790 62 167
8 10 842 907 375
8 11 956 685 192
8 12 658 781 668
8 13 133 412 621
8 14 521 719 602
8 15 625 650 633
8 16 111 111 258
8 17 838 245 629
9 10 942 444 472
9 11 201 521 675
9 13 115 523 528
9 15 939 607 918
9 16 838 358 108
9 17 886 922 782
9 18 217 831 678
9 19 159 823 267
10 11 459 749 374
10 12 721 494 263
10 13 958 553 545
10 14 704 165 521
10 15 214 521 192
10 19 254 295 853
11 13 688 343 151
11 14 863 51 592
11 15 513 288 534
11 16 64 795 215
11 17 360 940 233
11 18 594 270 986
11 19 210 376 806
12 13 182 533 890
12 14 163 624 539
12 15 848 656 769
12 16 257 552 577
12 17 687 946 181
12 18 876 706 902
12 19 333 394 985
13 14 439 735 754
13 16 788 276 975
13 17 334 782 479
13 18 195 292 369
14 15 204 417 127
14 16 791 80 840
14 18 325 133 523
15 16 67 137 839
15 18 418 493 707
15 19 941 397 966
16 18 338 888 491
16 19 73 676 585
17 18 893 545 393
