20 3
0 1 832 501 431
0 2 562 950 496
0 3 91 116 923
0 4 440 769 173
0 5 276 660 356
0 6 437 953 469
0 7 708 161 742
0 8 221 218 697
0 12 472 539 106
0 13 270 374 629
0 15 694 108 998
0 16 905 132 625
0 18 867 114 257
1 3 95 534 578
1 4 87 382 248
1 6 877 56 694
1 7 536 363 652
1 8 357 908 209
1 9 485 103 924
1 10 495 383 90
1 11 160 471 791
1 12 93 427 83
1 13 757 58 62
1 14 751 910 456
1 15 711 698 413
1 16 683 263 57
1 17 752 160 808
1 18 295 578 990
2 3 222 707 978
2 4 472 530 436
2 5 316 112 412
2 6 250 788 943
2 7 424 234 940
2 8 853 811 811
2 9 251 394 801
2 10 310 234 953
2 11 452 266 433
2 13 781 315 701
2 14 574 390 288
2 15 544 310 335
2 17 550 286 777
2 18 632 955 558
3 5 981 912 488
3 6 756 614 449
3 7 370 696 270
3 8 921 371 942
3 10 962 506 324
3 11 865 441 204
3 12 643 585 502
3 13 516 553 458
3 14 217 700 992
3 15 298 688 974
3 16 936 614 866
3 17 808 92 314
3 18 423 718 612
3 19 334 757 386
4 5 297 969 343
4 6 493 487 290
4 9 617 730 292
4 10 330 734 576
4 12 440 623 892
4 13 916 573 499
4 14 209 222 750
4 15 439 639 643
4 16 369 847 883
4 17 403 271 637
4 19 177 462 592
5 7 907 254 684
5 8 792 426 422
5 9 60 897 152
5 10 417 632 780
5 12 997 510 699
5 13 820 299 503
5 14 952 377 878
5 16 608 981 766
5 17 971 636 818
5 18 753 646 210
5 19 533 772 306
6 7 332 696 645
6 8 873 401 634
6 9 477 950 668
6 12 635 771 154
6 14 324 200 545
6 15 443 947 875
6 17 777 892 851
6 18 175 412 880
6 19 472 420 662
7 8 604 829 808
7 9 478 916 405
7 10 813 259 987
7 11 905 535 377
7 12 606 193 888
7 14 732 795 482
7 15 129 948 703
7 16 533 178 654
7 17 274 204 309
8 9 325 156 253
8 10 202 984 857
8 11 491 590 937
8 12 574 367 235
8 13 627 450 951
8 14 908 884 288
8 15 895 511 602
8 16 979 247 563
8 18 778 750 686
8 19 173 403 600
9 10 887 638 827
9 11 896 749 465
9 12 795 172 988
9 14 483 675 86
9 15 201 520 189
9 16 421 642 191
9 17 275 305 185
9 18 397 512 120
9 19 433 250 544
10 11 602 298 719
10 13 963 529 459
10 14 369 487 783
10 15 440 936 333
10 16 620 650 706
10 17 742 223 169
10 19 71 801 471
11 12 861 514 769
11 16 406 102 771
11 17 667 745 512
11 19 250 181 462
12 13 721 267 529
12 14 62 380 172
12 16 714 462 613
12 18 55 484 991
12 19 757 884 395
13 16 219 169 614
13 17 351 501 997
13 18 476 773 284
13 19 226 512 89
14 16 372 319 367
14 17 663 610 379
14 18 466 438 817
14 19 529 346 385
15 16 833 783 131
15 17 654 122 247
15 18 292 108 567
15 19 431 259 833
16 17 960 289 894
16 18 660 627 431
16 19 851 804 589
17 19 507 761 925
18 19 623 199 774
