20 3
0 3 803 818 654
0 6 831 893 570
0 8 927 810 794
0 10 546 778 105
0 12 284 851 175
0 16 620 181 885
0 19 313 704 982
1 5 755 465 344
1 6 708 448 667
1 8 940 530 742
1 11 291 237 861
1 16 686 170 255
2 10 157 978 863
2 12 191 469 54
2 19 327 71 198
3 4 497 870 622
3 15 332 289 978
3 16 760 433 144
4 6 605 933 828
4 8 237 683 155
4 11 408 278 731
4 12 457 911 262
4 13 269 536 445
4 16 383 201 859
5 7 966 314 468
5 9 185 819 504
5 11 460 320 437
5 12 564 311 610
5 15 154 83 987
5 17 113 100 457
5 19 891 735 215
6 18 432 538 518
7 9 685 405 743
7 10 673 576 225
7 13 754 625 526
7 17 605 51 274
7 19 620 943 942
8 9 999 253 321
8 10 650 99 457
8 13 891 910 113
8 14 425 336 123
8 16 622 748 745
8 19 65 231 132
9 12 585 462 309
9 17 573 748 411
10 17 880 706 285
13 15 633 646 945
13 19 440 757 894
14 16 133 203 508
14 19 872 415 953
15 19 868 456 327
16 18 364 914 506
