20 3
0 1 856 565 76
0 2 894 810 611
0 3 678 866 995
0 4 141 298 795
0 5 244 377 563
0 8 701 387 568
0 9 796 388 488
0 10 571 421 354
0 11 595 67 132
0 13 867 672 424
0 14 160 67 568
0 15 516 416 350
0 16 207 237 217
0 17 88 167 696
0 18 558 895 832
0 19 717 128 479
1 3 324 229 777
1 4 971 533 919
1 5 729 692 583
1 7 889 88 945
1 8 211 586 706
1 10 816 65 808
1 11 90 180 89
1 12 107 548 813
1 13 984 755 900
1 14 944 366 659
1 16 881 61 187
1 17 298 306 487
2 4 846 879 906
2 5 531 189 978
2 6 275 671 994
2 7 717 728 872
2 8 835 826 768
2 13 631 794 544
2 14 517 886 965
2 15 837 904 184
2 16 502 915 638
2 17 515 68 87
2 18 685 849 684
2 19 54 187 248
3 5 306 831 740
3 6 182 545 465
3 7 733 50 638
3 8 794 286 718
3 10 226 218 53
3 12 223 132 211
3 13 94 249 566
3 14 976 52 967
3 17 998 851 249
4 6 906 545 580
4 7 804 371 95
4 8 286 975 484
4 10 448 436 466
4 11 929 919 104
4 12 775 876 667
4 14 942 407 512
4 15 480 927 412
4 16 901 459 626
4 17 793 964 359
4 18 126 259 521
4 19 202 695 249
5 6 778 910 903
5 7 230 79 413
5 8 762 657 909
5 9 435 785 135
5 10 525 788 693
5 11 689 702 478
5 12 503 848 509
5 13 765 309 543
5 14 412 174 249
5 16 477 326 257
5 17 720 134 565
5 19 754 118 512
6 7 902 774 993
6 8 120 766 693
6 9 897 79 123
6 10 633 382 781
6 11 787 528 512
6 12 357 288 443
6 13 836 887 499
6 15 579 805 237
6 16 614 660 743
6 17 790 461 101
6 18 552 498 61
6 19 107 786 872
7 8 406 555 693
7 9 865 128 228
7 10 210 498 355
7 11 362 642 162
7 12 578 179 525
7 13 402 874 552
7 15 61 339 393
7 16 110 594 855
7 17 67 99 55
7 18 155 361 966
8 9 778 469 953
8 10 555 405 696
8 11 147 698 402
8 12 208 449 516
8 13 720 803 195
8 14 420 643 388
8 15 482 189 279
8 16 192 882 320
8 17 253 335 927
8 18 679 501 948
8 19 814 915 903
9 10 438 53 172
9 11 163 587 220
9 12 403 887 388
9 13 518 597 848
9 14 362 468 975
9 15 445 295 752
9 16 854 591 485
9 17 402 158 431
9 18 490 887 832
9 19 993 69 815
10 11 378 534 563
10 12 131 90 735
10 13 813 90 379
10 15 892 68 674
10 17 209 268 711
10 19 570 56 284
11 12 833 497 443
11 13 941 179 608
11 14 65 877 895
11 15 220 155 636
11 16 657 554 800
11 18 557 396 909
11 19 557 87 351
12 13 515 131 911
12 15 478 144 602
12 16 419 536 548
12 17 977 793 622
12 18 856 833 324
12 19 527 202 368
13 16 118 975 304
13 19 192 754 280
14 15 691 650 467
14 16 616 922 660
14 17 114 851 808
14 18 573 826 892
15 16 608 315 556
15 17 683 853 215
15 18 909 282 755
15 19 944 560 342
16 17 793 510 911
16 18 115 579 459
17 18 719 624 924
17 19 741 570 518
18 19 252 532 304
