20 3
0 3 791 53 270
0 6 914 309 358
0 9 918 922 399
0 18 549 612 954
0 19 52 857 124
1 5 979 674 573
1 16 842 108 613
1 18 588 540 59
2 8 704 121 653
2 10 631 190 344
3 4 321 841 953
3 11 771 879 377
3 15 961 954 187
3 17 412 643 989
3 19 607 352 882
4 8 166 643 405
4 17 543 925 115
4 19 128 831 685
5 10 414 739 729
5 12 727 488 508
5 13 831 281 260
6 8 797 668 729
6 13 954 709 283
6 15 371 693 78
6 16 866 378 591
6 17 648 843 912
6 18 718 938 680
7 10 761 571 158
7 12 275 89 741
7 14 85 271 874
7 15 642 276 563
8 14 931 874 780
8 15 490 220 287
8 18 746 520 478
9 13 449 966 137
9 15 285 856 966
10 16 335 383 766
11 12 828 918 651
11 18 641 291 935
11 19 647 356 746
12 13 707 854 707
12 14 698 719 482
13 15 388 914 168
13 16 937 692 82
13 17 473 664 174
13 18 996 518 636
14 15 179 363 634
14 18 391 728 231
15 16 859 459 801
