20 3
0 1 153 372 120
0 2 90 833 124
0 3 925 936 224
0 4 280 640 175
0 5 938 202 685
0 6 378 166 424
0 7 834 886 799
0 8 90 688 741
0 9 904 415 247
0 11 478 850 749
0 12 205 597 307
0 13 779 529 749
0 14 331 266 187
0 16 139 678 666
0 17 61 406 202
0 19 843 507 775
1 2 135 128 483
1 3 770 431 918
1 4 603 702 243
1 5 639 713 942
1 6 219 150 970
1 7 74 105 639
1 8 188 404 191
1 9 646 107 423
1 10 666 601 828
1 11 190 471 159
1 13 297 337 453
1 14 801 876 582
1 15 286 892 992
1 17 595 479 119
1 18 890 962 451
1 19 407 576 260
2 3 473 522 592
2 4 884 212 984
2 5 362 881 939
2 6 485 314 123
2 7 214 392 84
2 8 307 295 750
2 9 959 383 512
2 10 784 930 870
2 11 129 987 945
2 12 988 194 433
2 13 760 357 213
2 14 940 56 473
2 15 517 852 639
2 17 597 438 806
2 18 348 594 324
2 19 219 683 65
3 4 380 557 836
3 5 982 515 162
3 6 650 886 469
3 7 428 718 310
3 8 721 201 220
3 10 995 510 619
3 11 175 556 539
3 12 474 914 382
3 13 204 108 133
3 14 910 770 605
3 17 318 545 399
3 18 135 897 983
4 5 606 621 940
4 7 315 344 643
4 8 119 829 570
4 9 793 514 655
4 10 641 455 302
4 11 298 215 101
4 12 734 148 834
4 13 652 809 902
4 14 351 944 275
4 15 405 107 349
4 16 726 492 675
4 17 480 616 672
4 18 673 759 509
4 19 462 409 951
5 6 200 400 224
5 7 853 814 464
5 8 659 190 891
5 9 111 247 254
5 10 486 913 415
5 12 430 930 527
5 13 310 808 92
5 14 194 335 747
5 15 985 558 359
5 16 492 258 262
5 17 907 927 213
5 18 606 386 582
5 19 729 988 131
6 8 152 104 121
6 9 819 306 341
6 10 395 211 668
6 11 425 934 608
6 12 310 841 118
6 13 949 288 295
6 14 621 205 351
6 15 584 458 958
6 16 481 740 400
6 17 672 740 881
6 18 444 361 161
6 19 792 160 970
7 8 541 616 389
7 9 984 189 171
7 11 881 732 137
7 12 123 836 202
7 13 85 297 927
7 14 79 748 851
7 15 85 246 572
7 16 985 495 368
7 17 107 345 687
7 18 997 559 370
7 19 727 773 151
8 10 500 962 549
8 12 610 611 775
8 13 102 323 576
8 14 683 971 219
8 15 309 780 617
8 16 898 629 497
8 17 989 579 96
8 18 769 451 878
8 19 274 400 454
9 10 394 65 817
9 11 520 632 786
9 13 489 852 743
9 14 668 637 490
9 15 982 403 298
9 17 414 376 945
9 18 777 371 326
9 19 208 988 614
10 11 970 804 559
10 12 379 106 823
10 13 394 413 804
10 15 900 224 966
10 16 513 77 556
10 17 449 921 299
10 18 166 750 923
10 19 317 458 361
11 13 659 740 557
11 16 777 102 142
11 18 456 217 484
12 13 643 593 690
12 14 845 895 740
12 15 483 499 741
12 17 351 949 804
12 18 201 383 557
12 19 925 969 906
13 14 406 390 121
13 15 869 698 822
13 16 185 772 474
13 17 613 547 953
13 18 533 319 483
13 19 170 966 292
14 15 206 856 101
14 16 463 410 890
14 18 271 830 474
14 19 521 367 298
15 16 442 144 457
15 17 816 396 417
15 18 314 592 249
15 19 747 210 791
16 18 825 139 927
16 19 536 441 926
17 18 689 444 946
17 19 961 894 273
