20 3
0 7 102 51 601
0 9 436 631 582
0 19 657 84 139
1 3 609 918 746
1 9 962 82 223
1 12 992 584 305
1 15 451 961 207
1 17 842 648 858
2 3 400 86 769
2 14 88 190 712
2 15 807 679 156
2 17 547 217 190
3 6 562 776 898
3 8 446 118 58
3 9 664 454 514
3 19 624 53 341
4 5 741 871 204
5 8 857 489 123
5 13 931 521 85
5 16 772 791 431
5 19 913 426 827
6 11 878 440 887
6 12 82 999 76
7 11 154 971 709
7 12 778 435 435
7 13 368 562 781
7 17 157 253 742
7 19 88 883 606
8 17 176 986 586
9 11 674 381 338
9 12 243 710 972
9 13 277 95 510
9 18 454 93 217
10 12 213 641 69
10 13 93 403 685
11 14 111 417 575
11 15 219 148 107
11 18 611 338 821
12 14 391 946 159
12 15 829 66 408
12 19 485 691 251
13 18 831 368 907
13 19 967 359 409
14 17 846 606 581
14 18 137 870 496
