20 3
0 6 938 584 457
0 7 365 842 623
0 9 566 827 659
0 11 222 572 538
0 12 624 511 463
0 13 620 646 909
0 14 602 767 895
0 18 303 293 172
1 2 306 603 584
1 3 354 797 598
1 4 930 168 143
1 7 923 239 134
1 9 983 315 852
1 13 875 156 333
1 16 539 272 347
1 17 990 479 397
2 3 743 454 365
2 4 299 323 856
2 11 608 642 385
2 12 229 763 349
2 13 422 723 573
2 15 515 372 744
2 16 321 523 577
2 17 938 592 568
2 19 778 770 409
3 6 723 456 406
3 7 176 847 325
3 15 722 663 977
3 18 771 605 384
4 5 930 231 253
4 9 808 486 389
4 11 407 269 699
4 12 812 480 878
4 14 692 170 935
4 15 411 955 291
4 17 638 762 854
4 19 784 231 896
5 7 527 436 399
5 10 955 952 643
5 11 449 360 190
5 12 953 637 756
5 14 981 799 966
5 16 894 261 496
5 17 386 945 885
5 18 130 554 814
5 19 646 944 948
6 9 449 757 736
6 14 783 331 646
6 17 622 88 340
6 18 513 334 604
6 19 643 329 964
7 12 923 567 940
7 15 169 682 985
7 17 885 150 542
8 10 932 392 214
8 11 299 305 124
8 12 422 802 946
8 14 909 82 461
8 15 710 829 202
8 18 246 76 546
9 10 379 485 735
9 12 869 588 376
9 16 931 797 326
9 18 182 777 86
9 19 280 674 981
10 11 238 325 562
10 13 739 849 461
10 14 387 507 808
10 16 973 425 379
10 17 714 823 487
11 12 598 466 786
11 14 594 66 159
11 19 429 964 162
12 14 439 383 416
12 15 406 413 51
12 16 512 281 636
12 18 720 427 595
13 14 991 674 102
13 15 556 771 176
13 17 559 419 925
13 19 645 867 192
14 15 361 55 370
14 17 891 964 143
14 19 442 422 849
15 16 782 144 977
15 17 639 720 426
15 18 620 589 182
15 19 749 135 416
16 17 509 426 789
16 19 227 399 650
17 18 305 628 276
18 19 606 525 579
