20 3
0 6 881 110 996
0 12 230 228 940
0 16 465 457 543
1 2 624 840 906
1 4 880 782 164
1 7 403 113 944
1 11 215 378 539
1 18 356 992 402
1 19 686 209 410
2 4 959 826 319
2 9 945 383 965
2 14 931 809 650
3 5 668 402 959
3 7 546 753 370
3 8 810 938 474
3 9 119 213 881
3 10 229 337 415
3 11 435 813 705
4 7 727 312 484
4 8 573 70 409
4 9 691 123 899
4 12 737 959 457
4 15 972 244 682
5 7 852 88 179
5 12 856 806 295
5 18 995 553 314
6 16 426 686 290
7 14 640 565 763
7 16 678 629 946
7 18 760 64 723
8 10 166 752 668
8 16 311 363 724
9 14 458 707 703
9 17 266 370 857
9 18 587 871 205
9 19 815 542 63
10 14 350 672 613
10 15 531 777 975
10 18 422 507 237
12 14 79 92 815
12 18 943 598 373
12 19 736 304 822
13 15 285 188 990
13 18 86 716 536
14 15 635 878 583
14 16 520 54 829
14 19 450 893 810
15 17 889 388 343
15 18 839 687 92
