20 3
0 6 323 665 379
0 9 91 931 886
0 10 707 912 853
0 14 420 422 56
0 15 998 422 613
0 17 67 857 186
0 18 308 629 499
1 3 367 964 238
1 5 116 208 585
1 7 382 989 596
1 8 833 489 361
1 9 112 775 524
1 10 778 423 730
1 14 942 871 603
1 15 176 704 936
1 16 506 465 946
2 4 689 278 990
2 5 67 377 412
2 6 601 999 484
2 7 130 489 713
2 8 429 604 108
2 9 180 162 618
2 10 223 696 861
2 12 368 230 428
2 17 210 743 546
2 19 207 494 874
3 5 675 421 434
3 6 807 844 219
3 8 887 770 276
3 13 709 921 836
3 14 235 498 284
3 15 171 895 377
3 17 619 860 594
3 18 569 63 584
4 5 961 499 355
4 6 561 552 676
4 7 643 773 141
4 9 674 195 335
4 10 969 653 110
4 11 841 327 182
4 13 383 531 503
4 17 859 941 348
5 6 737 242 534
5 7 885 216 754
5 8 583 813 534
5 12 943 867 840
5 13 368 403 386
5 16 951 640 307
6 7 125 591 706
6 9 654 553 780
6 10 620 451 383
6 13 163 600 269
6 14 822 535 982
6 15 122 334 689
6 16 991 744 357
6 17 876 769 389
7 11 998 900 194
7 15 297 457 573
7 17 791 207 625
7 18 894 423 101
7 19 781 528 852
8 9 641 711 676
8 10 302 874 463
8 11 579 421 250
8 12 613 831 250
8 14 220 910 850
8 18 301 118 184
9 10 181 296 336
9 11 593 620 116
9 13 886 810 177
9 14 800 223 781
9 16 701 909 497
9 17 193 493 870
9 19 617 786 223
10 12 953 954 464
10 13 651 763 931
10 18 226 150 521
11 13 941 743 489
11 14 663 640 899
11 15 98 82 717
11 17 734 691 317
11 18 435 360 645
11 19 378 671 391
12 13 998 185 693
12 14 841 439 378
12 17 821 69 628
12 18 854 522 238
13 14 892 262 499
13 18 326 572 490
13 19 399 919 811
14 15 541 453 154
14 17 706 644 374
14 18 805 723 776
15 17 839 472 428
15 18 867 731 647
15 19 326 887 503
16 17 926 998 196
16 18 932 110 696
18 19 235 165 812
