20 3
0 3 531 494 849
0 4 678 180 669
0 11 61 850 316
0 15 301 519 661
1 11 391 912 670
1 12 755 479 332
1 19 650 256 578
2 4 87 600 85
2 6 231 386 447
2 8 714 696 615
2 9 757 905 119
2 10 269 632 323
2 11 976 302 471
2 16 132 276 679
2 19 219 984 614
3 5 440 888 550
3 12 804 394 141
3 14 612 446 222
3 15 589 685 687
3 16 646 542 244
3 18 409 723 346
4 7 649 386 900
4 8 617 905 584
4 13 533 891 889
4 14 454 934 432
4 16 655 333 691
4 17 414 713 467
4 18 672 654 289
5 11 529 201 546
6 12 130 601 660
6 17 561 807 890
7 11 407 117 106
7 13 165 98 247
7 18 343 931 315
8 11 397 72 483
9 10 500 186 981
9 11 728 878 740
9 16 683 515 673
9 17 765 436 757
11 15 980 952 745
11 18 385 298 665
12 13 770 408 268
12 14 784 192 171
12 19 183 94 97
14 15 336 254 800
15 16 701 386 410
15 19 157 604 605
16 17 443 911 718
16 18 376 87 916
17 18 651 501 348
17 19 987 803 777
