20 3
0 3 849 606 278
0 6 114 540 331
0 8 73 287 376
0 13 930 827 636
0 15 896 939 818
1 4 997 84 259
1 9 191 115 487
1 10 655 607 62
1 11 832 127 170
1 13 190 699 609
1 19 972 848 504
2 3 840 615 872
2 8 562 962 306
2 10 465 974 868
2 11 529 402 147
2 13 867 697 669
2 16 328 271 879
2 17 405 765 875
2 18 217 905 278
3 4 478 252 343
3 13 668 459 297
3 15 683 278 222
3 18 471 731 249
3 19 872 712 222
4 5 817 866 211
5 13 372 681 319
6 8 609 681 961
6 12 566 817 305
6 14 257 249 501
6 17 83 424 426
7 10 753 290 286
7 11 849 165 451
7 12 102 348 368
7 18 505 867 565
7 19 257 53 132
8 16 858 755 983
9 14 394 152 619
10 16 401 618 371
11 14 134 452 553
11 18 79 912 792
11 19 779 428 188
12 13 631 85 625
12 19 97 818 979
13 14 639 144 958
14 19 431 356 135
17 18 887 961 59
