20 3
0 1 899 82 284
0 2 331 819 70
0 4 130 125 970
0 5 583 268 614
0 8 320 195 57
0 9 465 182 338
0 11 540 98 439
0 12 568 445 898
0 14 764 629 410
0 16 129 403 294
0 17 486 987 318
0 18 291 54 996
1 2 186 947 920
1 3 350 225 874
1 5 75 508 434
1 6 518 752 697
1 7 807 372 680
1 8 580 541 524
1 9 438 425 156
1 10 652 53 244
1 12 715 803 885
1 14 677 579 533
1 15 88 370 72
1 17 234 716 835
1 18 481 616 206
1 19 490 161 953
2 5 74 348 90
2 6 249 766 516
2 7 393 852 727
2 8 391 654 698
2 9 864 567 128
2 10 250 961 759
2 11 591 639 610
2 15 350 974 772
2 16 319 787 512
2 17 467 645 696
2 18 732 94 833
2 19 575 267 568
3 4 244 600 112
3 7 789 695 342
3 8 730 638 347
3 9 708 703 813
3 10 746 826 954
3 11 739 185 636
3 12 306 158 334
3 13 309 177 728
3 14 810 61 780
3 16 261 68 52
3 18 54 61 239
3 19 890 408 294
4 7 672 534 185
4 8 289 320 284
4 10 579 248 255
4 11 386 303 886
4 12 982 398 756
4 13 633 781 652
4 14 961 985 313
4 15 98 131 983
4 17 971 690 804
4 18 670 908 412
4 19 56 286 154
5 6 324 704 371
5 7 286 244 435
5 8 924 884 298
5 10 95 361 340
5 12 751 307 690
5 13 930 469 212
5 14 932 761 893
5 15 974 678 322
5 16 614 733 510
5 17 640 208 840
5 18 811 942 437
6 7 76 602 875
6 8 683 732 346
6 9 145 405 994
6 10 702 757 794
6 11 53 544 775
6 13 322 902 938
6 15 805 671 227
6 16 738 295 402
6 17 319 978 621
6 19 676 405 71
7 8 575 519 800
7 9 796 216 338
7 10 328 589 928
7 11 591 103 575
7 15 313 811 592
7 16 746 972 782
7 18 51 353 415
7 19 565 530 242
8 9 341 281 916
8 10 217 993 114
8 11 126 665 996
8 13 77 637 358
8 16 382 138 640
8 18 299 447 842
8 19 980 797 66
9 10 294 329 688
9 11 902 179 726
9 12 303 753 115
9 13 510 704 948
9 14 231 199 106
9 15 124 252 995
9 16 269 201 230
9 17 985 219 846
10 12 155 500 395
10 13 95 508 740
10 14 905 888 445
10 15 721 414 604
10 16 958 776 915
10 19 239 835 500
11 12 888 50 75
11 13 337 681 890
11 16 820 515 85
11 17 817 781 344
11 18 614 874 220
12 15 222 388 558
12 16 512 315 794
12 17 301 780 188
12 18 285 598 880
12 19 218 546 207
13 16 368 522 969
13 17 365 930 685
13 18 798 990 818
13 19 186 458 59
14 15 946 491 762
14 16 442 795 673
14 18 228 297 556
14 19 951 698 409
15 16 348 314 153
15 17 319 983 597
15 19 734 141 880
16 18 372 557 410
16 19 344 915 967
17 18 353 555 373
17 19 410 180 257
18 19 386 217 688
