20 3
0 2 234 95 309
0 3 239 501 328
0 4 949 703 244
0 6 845 825 192
0 8 487 797 719
0 10 697 410 702
0 11 845 519 996
0 12 635 940 613
0 13 808 606 762
0 14 347 647 508
0 15 612 948 815
0 16 840 551 556
0 19 966 966 210
1 3 666 594 86
1 5 322 932 638
1 6 402 711 891
1 7 731 575 382
1 8 792 643 195
1 9 624 572 366
1 10 785 84 576
1 11 175 823 784
1 12 395 860 890
1 14 697 187 502
1 15 630 296 777
1 16 299 923 182
1 17 604 605 362
1 18 723 705 657
2 3 57 848 538
2 4 197 56 950
2 5 729 765 426
2 6 608 501 386
2 7 143 649 698
2 8 250 417 769
2 10 680 703 502
2 12 71 820 411
2 13 469 388 404
2 14 740 818 205
2 15 908 79 739
2 16 941 401 433
2 17 821 148 300
2 18 78 734 390
2 19 709 82 454
3 4 922 826 422
3 5 962 120 701
3 8 451 812 453
3 10 743 922 888
3 12 833 522 789
3 14 701 258 316
3 16 736 262 440
3 19 266 558 591
4 5 856 616 274
4 7 466 471 784
4 9 248 216 257
4 10 69 549 665
4 11 405 829 504
4 12 439 327 405
4 14 852 123 798
4 15 761 354 103
4 17 655 196 224
4 18 707 407 490
4 19 261 711 236
5 6 930 68 448
5 7 247 130 517
5 8 691 552 110
5 9 222 576 204
5 10 810 558 480
5 12 723 725 284
5 13 645 311 800
5 18 610 783 74
5 19 174 774 100
6 9 707 663 445
6 10 670 207 746
6 11 605 552 175
6 13 269 935 754
6 14 831 202 847
6 15 769 986 404
6 17 218 892 859
7 8 98 468 169
7 10 227 976 868
7 11 905 997 467
7 12 259 198 596
7 13 753 257 441
7 14 631 756 392
7 15 870 509 598
7 16 540 876 709
7 17 481 996 887
7 19 429 498 112
8 11 687 642 965
8 12 293 571 337
8 13 110 880 905
8 14 142 278 196
8 16 185 720 601
8 17 362 845 800
8 19 405 145 992
9 10 232 79 616
9 11 255 780 124
9 12 428 681 189
9 13 647 262 625
9 14 724 736 734
9 15 219 883 892
9 16 892 105 365
9 17 584 596 916
10 12 661 87 716
10 13 134 906 810
10 14 937 607 880
10 15 818 717 277
10 16 412 350 173
10 18 866 737 697
10 19 574 229 469
11 12 185 573 312
11 13 869 362 949
11 16 84 530 427
11 17 995 387 430
11 18 871 429 304
11 19 835 491 357
12 13 564 160 305
12 14 363 728 898
12 16 761 972 705
12 17 818 272 175
12 19 97 613 888
13 14 309 586 623
13 16 98 431 777
13 17 264 276 74
13 18 421 482 627
13 19 645 433 910
14 15 839 125 466
14 16 792 795 923
14 17 401 770 828
14 18 135 584 797
14 19 917 872 391
15 16 393 50 285
15 17 482 281 892
15 18 384 226 895
15 19 803 554 393
16 17 822 264 670
16 18 280 733 466
16 19 398 315 301
17 19 244 99 948
