20 3
0 1 62 207 665
0 2 463 173 399
0 4 120 873 624
0 5 64 110 207
0 7 297 703 669
0 8 961 213 409
0 9 401 798 234
0 10 384 464 868
0 11 108 585 291
0 12 740 829 452
0 13 659 824 63
0 14 737 716 702
0 15 309 346 72
0 16 230 431 559
1 2 860 652 858
1 3 59 652 88
1 4 103 482 653
1 5 401 253 519
1 6 446 165 991
1 7 689 752 983
1 8 753 379 441
1 9 910 371 382
1 10 138 921 91
1 11 308 900 399
1 12 854 849 926
1 13 537 868 457
1 14 574 929 766
1 15 477 98 168
1 16 379 801 77
1 17 905 432 254
1 18 215 799 606
1 19 273 491 255
2 3 274 938 576
2 5 269 418 141
2 7 879 825 763
2 8 317 861 643
2 10 333 388 932
2 11 366 660 128
2 12 631 925 577
2 13 324 534 890
2 14 332 70 305
2 16 821 537 60
2 17 884 504 409
2 18 855 737 281
3 4 104 957 362
3 5 607 708 978
3 6 897 941 917
3 8 775 682 93
3 10 240 318 981
3 11 843 441 845
3 12 56 71 499
3 14 177 69 842
3 15 753 640 548
3 17 712 373 915
3 18 577 547 536
3 19 168 623 200
4 5 956 720 144
4 6 546 90 552
4 8 627 733 524
4 9 425 595 732
4 11 429 834 507
4 12 945 876 782
4 15 350 271 756
4 16 728 473 370
4 18 553 144 658
5 6 621 89 387
5 7 368 896 393
5 9 914 846 888
5 12 906 981 747
5 13 532 577 679
5 14 165 603 57
5 16 324 97 576
5 17 332 885 235
5 18 158 205 577
5 19 560 253 713
6 8 366 457 161
6 9 754 348 728
6 10 662 528 882
6 11 251 616 727
6 12 280 982 242
6 13 895 931 880
6 14 454 690 154
6 15 261 368 422
6 16 401 210 715
6 17 772 321 74
6 18 394 576 370
6 19 651 100 378
7 8 328 551 631
7 9 936 589 475
7 11 607 953 635
7 12 112 86 172
7 13 543 625 642
7 14 541 173 86
7 16 359 365 586
7 18 169 673 584
7 19 746 555 574
8 9 573 982 351
8 10 572 931 299
8 11 981 300 183
8 12 923 538 404
8 13 811 616 760
8 14 94 765 914
8 15 920 866 573
8 16 516 756 305
8 18 365 465 182
8 19 709 615 251
9 10 805 628 98
9 11 72 659 381
9 12 896 507 800
9 13 540 486 654
9 15 113 559 436
9 16 890 311 75
9 17 633 85 420
10 11 461 106 792
10 12 448 915 495
10 13 760 660 550
10 14 243 142 531
10 15 688 794 223
10 16 244 857 899
10 19 134 359 406
11 12 717 651 217
11 13 580 406 61
11 14 639 394 427
11 15 854 143 777
11 16 389 600 285
11 17 234 595 763
11 18 391 233 428
11 19 724 606 880
12 14 947 86 693
12 15 638 827 969
12 16 311 446 640
12 17 679 187 148
13 15 564 789 818
13 16 533 217 406
13 17 122 944 463
13 18 871 320 558
13 19 874 657 649
14 15 705 884 576
14 16 291 793 734
14 17 451 765 244
14 18 951 273 883
14 19 163 397 487
15 16 460 248 86
15 17 346 213 576
15 18 717 189 270
15 19 487 309 297
16 17 52 115 742
16 18 328 771 851
16 19 904 413 227
17 19 479 762 898
18 19 189 135 850
