20 3
0 3 449 161 585
0 4 732 622 963
0 5 597 983 409
0 6 822 662 553
0 9 721 829 926
0 10 910 199 386
0 11 360 545 556
0 12 528 449 147
0 13 788 330 359
0 14 149 981 870
0 15 268 590 454
0 16 573 630 438
0 17 214 155 847
0 18 834 803 450
0 19 972 978 670
1 2 620 954 308
1 3 70 131 225
1 5 260 360 611
1 7 532 388 846
1 8 896 602 814
1 9 812 458 227
1 11 344 992 137
1 14 328 392 601
1 15 87 135 309
1 17 127 669 173
1 18 172 595 863
2 3 373 593 617
2 4 195 594 598
2 6 153 408 891
2 7 799 119 985
2 8 106 590 426
2 9 779 400 815
2 10 806 872 230
2 11 639 125 724
2 12 213 998 171
2 13 497 550 110
2 14 441 218 568
2 15 98 475 917
2 16 81 557 469
3 4 991 930 201
3 5 111 550 664
3 6 524 157 851
3 7 950 493 292
3 8 501 118 358
3 9 299 523 185
3 10 255 188 821
3 12 392 564 248
3 13 906 62 404
3 15 183 697 301
3 16 483 818 202
3 19 984 314 359
4 5 637 696 223
4 6 532 442 574
4 7 194 633 891
4 8 540 615 834
4 9 952 55 240
4 10 790 225 148
4 13 108 677 635
4 14 733 939 290
4 15 994 563 103
4 16 319 457 427
4 17 161 286 521
4 19 464 788 944
5 6 472 669 828
5 7 745 149 291
5 8 411 577 310
5 9 539 719 758
5 12 248 83 225
5 13 129 649 658
5 14 156 790 913
5 15 548 265 122
5 17 71 853 154
5 19 58 619 104
6 8 272 78 508
6 9 302 552 883
6 10 174 676 911
6 11 816 398 572
6 12 590 162 926
6 13 458 884 174
6 15 819 589 206
6 16 458 88 257
6 17 611 714 375
6 18 298 136 551
7 9 265 119 87
7 10 686 278 496
7 11 810 699 965
7 14 653 867 878
7 15 405 663 514
7 16 264 242 859
7 17 855 988 937
7 18 350 680 987
7 19 131 920 906
8 10 192 597 56
8 11 310 745 321
8 12 373 745 735
8 13 365 508 92
8 14 617 983 337
8 16 525 329 169
8 18 703 851 845
8 19 874 395 916
9 10 956 253 423
9 11 856 557 501
9 12 568 663 877
9 13 640 807 120
9 14 355 544 275
9 16 619 87 238
9 17 504 666 646
9 18 266 467 811
9 19 674 397 326
10 11 389 319 624
10 12 403 832 455
10 14 753 295 225
10 15 149 923 708
10 16 737 366 505
10 17 668 90 806
10 18 166 97 539
10 19 296 514 943
11 12 792 898 551
11 14 905 999 238
11 15 447 96 676
11 16 785 762 832
11 17 577 826 482
11 18 852 372 746
11 19 827 121 934
12 13 811 269 975
12 14 509 715 280
12 15 626 687 872
12 16 188 130 179
12 17 208 480 398
12 19 673 253 927
13 14 522 616 714
13 16 440 918 99
14 15 970 164 177
14 16 126 328 791
14 18 903 423 871
14 19 979 374 756
15 16 490 650 553
15 17 194 300 798
15 19 556 506 991
16 18 205 310 714
16 19 777 359 957
17 18 478 511 263
17 19 592 256 132
