20 3
0 5 285 551 753
0 11 125 433 646
1 3 72 314 255
1 9 637 381 501
1 12 555 687 215
1 14 651 965 378
1 16 819 791 556
1 17 77 407 951
2 4 994 480 298
2 13 270 651 633
2 14 225 773 828
3 7 583 869 409
3 8 77 240 55
3 9 427 816 97
3 11 52 886 282
3 15 613 103 943
4 5 580 634 901
5 9 763 856 75
5 13 727 225 941
5 18 536 668 665
6 9 666 868 980
6 10 988 242 69
6 11 304 786 779
6 19 564 734 734
7 8 802 397 963
7 13 336 661 804
7 17 102 857 564
7 19 753 261 522
8 17 280 782 968
9 13 200 511 394
9 15 141 923 538
10 12 240 301 313
10 16 884 542 135
10 18 995 333 73
12 14 109 689 762
12 19 994 256 714
13 16 295 94 771
13 17 416 811 337
13 19 466 139 405
14 15 374 578 769
14 16 373 151 86
14 18 357 325 614
14 19 159 209 71
16 18 829 80 129
