20 3
0 2 749 337 947
0 9 251 327 114
0 12 970 832 460
0 14 720 276 215
0 18 273 463 438
1 10 999 276 867
1 18 905 172 175
2 8 320 978 567
2 11 309 959 600
2 18 155 336 494
3 4 612 750 599
3 5 375 524 177
3 6 443 680 111
3 16 989 677 995
4 5 299 188 975
4 7 345 188 847
4 10 970 798 310
4 12 308 435 922
4 16 729 688 260
5 9 451 151 126
5 12 985 178 868
5 13 180 823 354
5 15 559 831 611
5 17 326 739 309
6 12 53 689 391
6 13 898 534 279
6 14 602 792 677
6 16 756 561 303
7 8 88 123 850
7 9 171 342 845
7 14 555 963 681
7 17 152 181 406
8 14 209 760 241
8 15 100 444 747
8 17 394 652 961
9 15 921 453 717
10 11 605 526 527
10 14 374 820 608
10 18 236 560 239
11 15 79 299 133
11 19 669 875 645
14 16 151 552 371
15 16 124 290 567
15 19 674 882 474
16 19 661 340 466
17 18 960 821 936
18 19 214 682 864
