20 3
0 2 706 227 109
0 3 675 620 355
0 5 70 653 428
0 7 555 495 883
0 8 860 851 130
0 10 383 300 827
0 12 262 992 531
0 15 660 409 740
0 16 80 77 372
0 17 484 758 587
0 19 924 597 257
1 3 919 984 464
1 4 917 930 833
1 6 75 468 637
1 8 280 842 736
2 3 981 307 442
2 6 794 407 752
2 7 842 458 977
2 9 738 155 882
2 10 202 205 377
2 12 721 844 308
2 13 932 235 646
2 15 60 735 317
2 16 572 704 66
2 18 383 586 76
3 4 500 397 100
3 6 229 722 237
3 10 819 882 869
3 16 177 909 895
3 18 847 697 686
4 5 609 440 928
4 6 240 865 802
4 8 563 747 982
4 12 705 575 551
4 15 432 149 625
4 16 988 856 347
5 10 947 304 510
5 17 133 937 77
5 19 129 863 230
6 9 730 989 551
6 13 832 624 733
6 14 449 125 921
6 16 362 785 586
6 17 103 902 692
6 18 82 389 975
6 19 847 235 247
7 8 534 954 92
7 9 250 191 718
7 11 945 985 772
7 13 775 750 997
7 15 371 358 197
7 17 718 160 605
7 19 752 749 273
8 10 213 198 784
8 12 399 687 181
8 13 348 608 578
8 14 504 460 959
8 16 154 414 711
8 17 581 244 140
9 12 460 251 766
9 13 983 236 421
9 14 827 602 358
9 17 210 844 406
9 19 813 884 533
10 12 167 625 88
10 13 437 730 210
10 14 374 948 790
10 18 644 536 639
10 19 263 85 703
11 14 301 887 162
11 15 389 902 614
11 17 868 187 534
12 15 630 832 312
12 17 589 378 488
12 19 823 147 86
13 14 956 892 157
13 15 438 129 57
13 16 674 825 294
13 17 461 780 730
13 18 960 388 187
13 19 606 469 641
15 17 562 158 56
15 19 876 918 566
16 17 383 802 186
16 18 467 761 888
16 19 809 785 585
17 18 858 128 861
17 19 512 53 958
18 19 155 640 360
