20 3
0 1 346 88 577
0 10 491 415 208
0 11 603 338 54
0 14 361 610 423
0 15 689 188 652
0 17 800 561 228
0 19 786 678 951
1 2 933 385 355
1 4 318 387 468
1 5 618 729 376
1 6 548 869 742
1 8 160 584 696
1 10 620 616 126
1 11 240 954 383
1 12 155 851 868
1 13 690 415 306
1 16 484 288 739
1 17 616 953 826
1 18 164 637 803
2 3 999 718 539
2 8 571 887 451
2 11 400 935 399
2 13 747 606 276
2 14 343 662 65
2 15 673 59 513
2 16 834 534 211
2 17 555 616 896
2 19 836 540 465
3 7 838 92 386
3 8 684 968 208
3 11 975 166 991
3 14 286 71 923
3 15 118 160 796
3 16 311 220 874
3 17 835 819 883
4 9 405 845 593
4 11 901 348 221
4 15 346 518 343
4 16 834 515 781
5 6 676 128 154
5 7 971 581 939
5 10 871 260 875
5 13 909 128 60
5 14 225 336 264
5 15 336 407 540
5 16 584 339 616
5 17 276 759 746
5 18 479 403 683
6 8 881 596 342
6 9 541 614 81
6 10 386 883 677
6 13 662 125 855
6 15 708 76 430
6 16 107 625 682
6 19 469 393 598
7 11 528 962 441
7 14 892 490 485
7 15 673 811 323
7 17 973 124 571
8 9 250 199 412
8 10 636 107 414
8 12 784 941 88
8 14 118 693 639
8 15 115 383 888
8 18 917 706 894
8 19 789 873 728
9 10 774 404 474
9 12 357 314 376
9 18 269 407 274
10 17 952 974 516
11 12 957 601 816
11 14 51 165 857
11 17 678 110 702
11 18 923 927 378
12 14 716 274 694
12 19 626 508 848
14 16 660 716 734
14 18 426 100 248
15 17 571 396 592
15 19 182 336 104
