20 3
0 1 744 378 186
0 2 697 447 70
0 4 251 557 521
0 8 752 470 215
0 10 436 613 576
0 11 960 966 751
0 12 620 568 268
0 14 898 977 157
0 15 729 406 551
0 17 624 797 99
1 6 523 577 255
1 9 777 417 921
1 15 128 943 998
1 17 498 366 892
2 9 291 64 717
2 10 64 609 153
2 11 584 209 303
2 15 405 945 196
2 16 788 320 327
3 14 78 232 519
4 8 166 52 139
4 12 218 181 99
4 13 302 904 66
5 11 156 694 931
5 13 935 714 487
5 16 659 790 61
5 18 865 866 73
6 7 890 581 393
6 12 544 435 220
6 13 209 896 94
7 11 559 195 318
7 14 543 437 651
7 15 886 804 949
8 13 88 216 357
8 14 423 488 950
9 14 298 983 653
9 19 767 929 908
10 16 968 727 903
11 13 252 429 245
11 15 108 429 613
11 17 209 708 497
12 13 968 428 995
13 15 808 937 405
13 18 249 189 544
13 19 343 964 740
14 15 973 843 438
15 16 153 799 438
15 19 904 413 304
16 18 510 430 919
17 18 670 271 503
