20 3
0 1 117 628 222
0 2 942 541 186
0 3 814 437 435
0 4 561 973 94
0 5 916 862 577
0 6 831 107 170
0 7 871 617 172
0 9 316 925 727
0 12 130 653 851
0 14 187 522 800
0 16 933 111 698
0 17 357 422 935
0 18 810 532 926
1 2 485 206 237
1 3 611 62 553
1 4 334 211 983
1 5 999 328 161
1 6 467 976 576
1 7 794 86 807
1 9 385 539 722
1 10 263 142 944
1 13 976 162 869
1 14 275 647 201
1 15 945 970 614
1 16 84 402 299
1 18 314 515 276
1 19 340 623 475
2 3 214 175 640
2 4 990 468 397
2 6 831 985 666
2 7 907 769 690
2 8 568 994 555
2 10 492 684 845
2 11 148 625 353
2 12 474 162 288
2 14 450 735 83
2 15 841 725 957
2 16 294 367 774
2 18 475 447 162
2 19 896 683 805
3 4 730 774 956
3 6 708 260 314
3 7 532 120 867
3 8 702 836 845
3 11 198 363 81
3 12 126 162 864
3 13 838 897 577
3 14 466 630 370
3 16 856 348 985
3 17 656 537 67
3 18 458 119 819
3 19 76 621 515
4 5 211 643 72
4 6 403 478 685
4 7 449 792 183
4 9 341 817 201
4 11 808 846 357
4 12 114 341 592
4 13 241 610 321
4 14 671 101 215
4 16 285 604 472
4 17 746 869 357
4 18 545 138 108
4 19 443 523 911
5 6 660 462 764
5 7 311 712 649
5 9 996 337 198
5 12 773 858 293
5 13 796 644 792
5 14 800 259 600
5 15 328 419 660
5 16 615 662 972
5 17 907 275 431
5 19 759 519 416
6 7 908 901 892
6 8 746 263 893
6 10 480 882 634
6 11 478 60 873
6 12 81 328 969
6 13 765 977 657
6 14 239 377 699
6 15 98 806 993
6 17 464 249 814
6 18 904 550 149
6 19 894 665 566
7 8 797 414 602
7 9 535 737 511
7 10 992 81 281
7 12 547 184 78
7 13 162 500 478
7 14 204 68 205
7 15 472 758 896
7 17 362 834 248
7 19 434 537 464
8 9 616 768 227
8 10 313 88 139
8 11 771 544 886
8 12 500 59 987
8 14 350 628 106
8 15 431 539 455
8 16 781 674 295
8 17 769 593 655
8 18 887 873 442
8 19 827 963 124
9 10 71 624 558
9 12 257 810 290
9 14 418 821 895
9 16 862 596 82
9 17 916 536 618
9 18 624 610 932
9 19 317 396 758
10 11 99 508 600
10 12 339 923 936
10 15 461 783 846
10 16 253 179 147
10 17 381 529 936
10 18 935 882 309
10 19 84 855 113
11 13 388 626 568
11 14 894 110 398
11 15 64 282 665
11 16 601 164 982
11 17 68 617 875
11 18 917 935 634
11 19 782 84 913
12 13 126 685 210
12 14 669 297 889
12 16 381 372 177
12 17 58 329 397
12 19 68 78 243
13 14 389 935 152
13 18 684 97 464
14 15 91 189 597
14 16 250 765 524
14 17 714 505 166
14 18 922 800 198
14 19 705 462 498
15 16 484 210 325
15 17 832 985 145
15 18 591 793 293
15 19 762 724 975
16 18 429 493 856
16 19 488 226 766
17 19 931 139 512
