20 3
0 1 373 583 984
0 2 994 986 974
0 3 414 130 207
0 5 670 802 764
0 6 153 776 330
0 7 408 548 878
0 9 70 420 248
0 15 624 136 714
0 16 471 61 157
0 18 611 121 263
0 19 728 425 476
1 2 62 870 261
1 3 754 184 798
1 6 643 389 972
1 7 976 969 364
1 11 872 765 515
1 12 913 87 347
1 17 461 982 443
1 18 452 671 480
2 5 841 695 973
2 7 720 430 692
2 8 114 109 60
2 10 286 810 346
2 12 507 152 367
2 15 222 262 704
2 17 620 551 625
2 19 530 487 574
3 4 807 823 313
3 5 608 289 957
3 6 587 230 523
3 7 354 806 461
3 14 116 901 602
3 15 781 169 824
3 19 438 397 478
4 6 684 428 650
4 9 801 530 876
4 10 915 946 724
4 13 505 552 668
4 18 695 821 206
4 19 751 328 864
5 8 811 240 77
5 9 812 901 280
5 10 429 350 994
5 12 877 959 611
5 13 336 72 991
5 14 264 387 93
5 16 682 298 652
5 17 851 434 436
5 19 442 577 195
6 7 877 473 983
6 9 69 349 504
6 10 69 84 903
6 12 242 277 746
6 15 511 113 993
6 16 709 887 676
6 17 732 225 665
6 19 691 346 953
7 8 761 230 723
7 10 557 663 452
7 11 901 188 621
7 15 279 494 987
8 10 348 431 315
8 12 251 779 418
8 15 321 808 211
8 16 401 282 290
8 17 378 640 202
8 19 60 545 348
9 10 756 819 695
9 12 476 482 662
9 18 350 246 265
9 19 496 270 595
10 11 363 236 386
10 12 560 547 326
10 18 616 412 246
10 19 538 693 833
11 13 940 954 711
11 15 373 243 661
11 16 781 261 500
11 17 57 995 61
12 13 629 943 676
12 14 640 730 646
12 15 523 578 109
12 17 718 410 970
12 18 191 799 680
13 15 293 817 972
13 16 75 756 914
13 19 313 938 922
14 16 630 164 822
14 17 734 291 469
14 18 585 995 294
15 18 258 675 603
15 19 218 358 740
16 18 266 241 540
16 19 927 474 923
18 19 993 998 737
