20 3
0 1 359 267 776
0 2 814 654 571
0 5 824 79 999
0 9 793 876 835
0 11 179 289 110
0 14 317 334 825
0 15 415 413 883
1 2 155 469 304
1 3 878 605 865
1 5 56 238 347
1 6 553 940 188
1 7 787 730 365
1 8 355 131 508
1 10 546 605 141
1 12 67 449 120
1 13 411 653 602
1 14 687 659 738
1 17 406 967 548
2 3 865 822 220
2 4 152 897 942
2 5 534 873 439
2 8 823 527 943
2 10 731 304 884
2 11 291 238 285
2 14 51 724 255
2 15 675 938 508
2 17 154 643 900
3 7 966 479 394
3 8 892 319 600
3 9 563 190 965
3 10 226 669 580
3 12 709 313 327
3 15 222 627 270
3 17 810 932 462
3 18 906 881 135
3 19 796 370 763
4 5 567 244 480
4 7 499 654 626
4 8 256 52 487
4 9 312 126 192
4 10 310 827 672
4 11 371 363 366
4 12 974 173 790
4 14 697 259 924
4 15 974 780 733
4 19 546 722 333
5 8 584 811 831
5 9 145 953 605
5 12 275 912 908
5 13 299 176 245
5 16 220 244 697
5 17 502 499 901
5 18 50 245 484
5 19 81 689 772
6 9 869 223 569
6 10 560 646 734
6 11 95 436 145
6 13 442 254 657
6 16 871 806 324
6 18 499 507 958
6 19 505 269 490
7 9 381 609 817
7 10 487 561 322
7 11 890 265 74
7 17 891 153 574
7 18 403 934 147
7 19 753 518 513
8 9 64 348 306
8 10 612 963 731
8 12 408 819 448
8 13 777 204 828
8 15 963 989 583
8 16 99 699 760
8 19 499 635 128
9 11 394 129 497
9 14 290 304 764
9 15 916 851 975
9 17 863 806 112
9 18 94 437 412
10 11 916 208 828
10 13 687 340 969
10 17 932 433 391
11 13 990 981 173
11 14 339 323 186
11 15 877 836 283
11 17 948 519 921
11 18 347 479 542
12 13 322 771 407
12 15 506 136 234
12 19 219 665 642
13 15 625 786 442
14 15 533 681 162
14 16 188 215 231
14 18 612 122 903
15 18 474 442 307
16 18 993 730 703
16 19 206 382 103
