20 3
0 2 591 425 540
0 3 586 87 173
0 6 728 863 68
0 9 750 273 276
0 10 602 86 339
0 11 306 803 846
0 14 402 705 639
0 15 175 298 924
0 16 296 362 872
0 18 868 536 616
0 19 902 893 136
1 3 849 871 729
1 4 242 778 95
1 5 871 830 427
1 6 701 738 647
1 7 61 346 501
1 8 412 171 869
1 9 637 666 278
1 11 306 945 625
1 12 584 273 82
1 13 661 144 504
1 15 423 73 739
1 16 674 357 925
1 18 807 526 941
2 4 797 670 90
2 5 836 740 494
2 6 440 651 874
2 7 168 505 74
2 8 283 455 499
2 9 141 183 123
2 13 635 638 646
2 14 503 911 545
2 15 404 828 97
3 5 138 772 954
3 6 919 58 300
3 9 101 629 991
3 10 560 983 994
3 11 728 661 684
3 13 580 840 455
3 14 584 878 216
3 15 113 372 58
4 7 604 251 165
4 8 55 308 816
4 14 159 421 699
4 15 116 701 145
4 16 657 230 974
4 18 744 292 637
4 19 549 92 249
5 6 219 576 54
5 7 858 595 642
5 9 202 408 877
5 10 165 949 794
5 13 368 859 206
5 14 768 173 137
5 16 764 377 681
5 18 398 70 144
6 9 824 604 541
6 10 538 485 830
6 11 134 70 278
6 12 244 160 761
6 13 743 995 535
6 15 458 831 957
6 16 117 446 822
6 17 454 761 506
6 18 371 426 836
7 9 981 276 112
7 10 530 985 443
7 14 794 348 534
7 15 806 75 857
7 16 234 588 246
7 17 74 679 909
7 18 847 64 753
8 11 134 622 313
8 15 74 853 228
8 16 485 599 778
8 17 823 675 460
8 19 908 265 163
9 10 178 261 509
9 11 786 50 146
9 12 364 407 211
9 13 144 798 85
9 16 74 843 361
9 18 403 290 800
9 19 620 577 673
10 11 820 175 193
10 14 845 346 923
10 15 914 106 954
10 16 599 700 554
10 17 805 473 359
10 19 871 90 615
11 12 976 238 754
11 16 648 571 650
11 19 455 157 865
12 13 640 612 601
12 15 863 113 919
12 16 774 630 796
12 17 466 383 888
13 17 719 267 349
13 19 191 370 604
14 17 324 488 538
14 18 804 746 851
15 19 645 337 208
16 18 336 453 234
16 19 410 880 168
17 19 723 521 180
18 19 607 790 862
