20 3
0 1 718 134 735
0 5 506 597 611
0 7 737 584 968
0 9 978 725 701
0 10 946 593 90
0 11 321 714 197
0 13 567 960 885
0 17 425 706 631
0 18 223 383 90
1 2 192 386 242
1 6 443 426 705
1 7 196 587 84
1 10 127 380 829
1 16 879 900 500
1 17 604 220 359
1 18 192 979 416
2 4 494 515 619
2 8 588 991 70
2 9 248 126 350
2 10 54 562 177
2 12 908 682 890
2 15 939 91 792
3 5 318 85 82
3 10 552 247 56
3 11 660 905 550
3 12 525 412 524
3 13 800 533 427
3 14 717 780 367
3 15 446 174 651
3 19 748 892 797
4 6 650 323 413
4 8 385 72 615
4 9 291 453 860
4 12 50 450 539
4 13 595 880 174
4 15 891 950 582
4 17 840 879 768
4 18 864 463 293
4 19 770 76 201
5 7 103 844 129
5 14 952 858 742
5 15 411 654 374
5 16 845 608 338
5 17 889 876 874
5 18 52 520 441
6 11 373 70 263
6 12 828 689 747
6 13 694 644 976
6 14 276 237 421
6 16 860 269 371
6 17 66 829 203
7 9 256 90 608
7 10 180 536 124
7 11 849 474 466
7 12 403 622 522
7 13 664 643 329
7 15 993 708 643
7 16 386 385 747
7 18 374 160 284
7 19 398 624 431
8 10 548 510 243
8 11 927 63 129
8 12 295 155 493
8 13 442 502 692
8 14 70 993 608
9 12 973 306 556
9 14 185 493 265
9 17 534 873 131
9 18 355 240 68
10 11 110 104 637
10 12 223 98 68
10 14 174 783 281
10 15 599 354 861
10 19 822 883 227
11 12 308 199 595
11 14 880 641 152
11 15 618 83 793
11 18 126 191 446
12 13 675 308 87
12 16 181 911 435
12 18 988 870 554
13 15 334 309 229
13 18 273 578 362
13 19 353 134 954
14 15 636 389 961
14 16 638 147 389
14 17 352 256 930
16 17 486 994 615
16 18 563 701 801
16 19 812 76 835
17 18 617 785 577
17 19 570 768 762
18 19 850 184 189
