20 3
0 4 314 699 143
0 6 209 662 97
0 7 319 716 437
0 8 667 166 890
0 9 553 145 524
0 10 740 807 575
0 14 378 856 583
1 2 770 745 110
1 10 934 832 295
1 11 786 630 598
1 14 327 421 834
1 15 222 110 658
2 3 270 640 603
2 9 947 210 535
2 10 275 728 325
2 13 79 147 534
2 15 950 51 211
2 19 844 929 738
3 7 852 341 660
3 11 632 90 397
3 12 619 330 611
4 7 585 283 85
4 12 715 131 310
4 15 299 924 429
5 7 860 157 851
5 12 107 600 976
5 14 204 336 431
5 15 682 267 511
5 17 246 889 691
6 16 851 482 391
7 11 346 367 434
7 12 240 996 82
7 18 419 525 69
8 11 434 695 561
8 12 809 156 530
9 10 253 861 662
10 14 341 817 489
11 15 725 874 587
13 15 83 336 994
13 19 958 436 147
14 18 627 149 583
