20 3
0 1 400 62 925
0 2 575 848 393
0 3 63 788 729
0 4 920 59 182
0 5 200 62 311
0 6 905 511 958
0 8 630 723 174
0 9 796 374 434
0 11 509 201 968
0 12 324 362 433
0 13 208 692 547
0 14 831 551 629
0 15 81 742 672
0 16 910 737 597
0 17 734 997 274
0 18 307 487 333
0 19 823 927 90
1 2 606 269 528
1 3 598 767 665
1 4 659 351 231
1 5 743 166 797
1 8 427 130 883
1 12 633 936 768
1 13 60 606 827
1 14 393 223 572
1 16 930 798 143
1 17 753 496 637
1 18 388 669 341
1 19 989 983 958
2 3 945 485 243
2 4 960 552 972
2 7 549 90 555
2 8 598 90 301
2 9 923 435 272
2 10 144 922 671
2 11 863 93 802
2 12 891 739 307
2 13 628 664 953
2 14 536 615 140
2 16 921 59 258
2 18 895 162 104
2 19 140 453 756
3 4 569 79 954
3 6 278 958 907
3 7 269 936 861
3 8 319 445 910
3 9 544 124 79
3 10 215 261 402
3 12 280 489 958
3 13 841 901 177
3 15 372 634 199
3 19 462 613 868
4 5 636 615 307
4 7 105 515 96
4 9 491 471 334
4 10 914 110 409
4 11 727 880 269
4 12 467 938 179
4 13 919 444 502
4 14 348 828 939
4 15 648 929 126
4 16 179 933 499
4 17 131 735 449
4 19 86 422 904
5 7 802 100 877
5 8 89 166 864
5 9 608 656 331
5 12 112 66 559
5 13 616 257 241
5 14 144 495 66
5 15 195 369 350
5 16 782 780 218
5 18 353 749 258
5 19 827 679 866
6 9 335 630 380
6 10 819 870 598
6 11 839 541 97
6 12 288 803 348
6 13 958 478 505
6 14 419 470 301
6 16 443 757 80
6 17 222 124 215
6 18 361 617 699
6 19 163 546 985
7 8 871 660 539
7 10 313 150 468
7 11 732 513 122
7 12 640 269 380
7 13 822 574 179
7 16 813 693 229
7 17 809 488 922
7 18 670 719 260
7 19 928 437 386
8 9 206 598 457
8 10 267 778 836
8 11 199 111 593
8 14 418 386 314
8 15 635 53 64
8 16 842 708 251
8 17 223 272 984
8 18 673 304 826
8 19 410 476 375
9 11 614 251 526
9 12 644 256 382
9 13 410 460 61
9 14 767 694 63
9 16 764 547 377
9 18 758 710 548
9 19 86 549 277
10 14 741 501 577
10 17 255 942 553
10 19 783 477 458
11 12 662 769 829
11 13 803 600 994
11 14 429 161 986
11 17 507 783 737
12 13 215 135 637
12 14 657 758 825
12 15 437 240 338
12 16 953 278 566
12 17 485 348 532
12 18 437 619 910
12 19 924 963 598
13 14 695 633 873
13 15 544 684 672
13 16 718 866 342
13 17 481 69 96
13 18 909 566 370
13 19 880 796 63
14 15 890 651 979
14 16 783 431 403
14 17 823 520 298
14 18 995 904 757
14 19 715 390 796
15 17 457 650 683
15 18 428 966 925
15 19 403 908 238
16 17 555 469 460
16 18 980 437 101
16 19 776 185 936
17 18 528 961 641
18 19 175 921 890
