20 3
0 1 899 100 247
0 2 821 823 189
0 3 164 312 731
0 4 342 311 489
0 6 609 673 159
0 7 888 675 974
0 8 944 656 448
0 10 441 512 617
0 11 930 446 268
0 12 394 501 579
0 14 811 385 571
0 18 113 747 611
0 19 416 344 534
1 2 495 768 619
1 3 627 485 335
1 4 764 758 611
1 5 425 961 141
1 6 195 614 344
1 7 771 580 713
1 8 769 729 555
1 9 726 697 394
1 11 281 50 192
1 13 816 266 428
1 14 107 431 954
1 15 629 921 887
1 16 183 874 345
1 18 59 943 708
2 3 519 760 808
2 4 189 409 821
2 5 764 338 199
2 6 182 760 552
2 8 557 342 425
2 9 337 956 812
2 10 815 359 702
2 11 663 58 807
2 12 965 163 651
2 13 661 420 735
2 14 277 262 283
2 15 656 343 355
2 16 372 120 571
2 17 417 263 482
2 18 449 301 134
2 19 493 438 905
3 4 66 757 825
3 5 643 165 483
3 6 849 817 166
3 7 746 896 644
3 8 964 552 881
3 9 482 74 259
3 10 996 719 199
3 12 920 191 315
3 13 996 698 618
3 15 455 782 156
3 16 294 430 473
3 17 855 424 572
3 18 419 388 879
3 19 713 57 183
4 5 776 318 499
4 6 413 192 471
4 7 337 499 77
4 8 648 610 953
4 11 831 570 289
4 12 79 891 365
4 14 256 526 876
4 15 622 125 900
4 17 252 609 623
4 18 935 628 116
4 19 253 531 534
5 6 732 466 138
5 7 916 772 306
5 9 56 521 692
5 10 334 608 199
5 11 214 823 580
5 14 258 226 968
5 15 166 615 76
5 16 899 187 927
5 17 898 85 308
5 18 840 284 463
5 19 646 411 347
6 7 326 472 463
6 8 267 709 226
6 9 362 235 467
6 10 938 339 101
6 11 928 330 310
6 12 295 845 56
6 14 642 458 882
6 15 245 866 309
6 17 433 230 702
6 18 471 758 156
7 8 327 396 451
7 9 983 432 909
7 11 599 459 541
7 12 736 676 186
7 13 899 526 512
7 14 277 107 704
7 15 624 186 860
7 16 667 621 302
7 17 919 300 624
7 19 993 370 960
8 9 382 471 831
8 11 517 389 310
8 12 996 609 122
8 13 226 131 927
8 14 225 367 867
8 15 640 862 350
8 17 708 480 976
8 18 871 793 375
9 12 537 657 81
9 13 53 760 489
9 14 348 116 357
9 16 650 594 702
9 17 642 205 771
9 18 738 79 238
9 19 394 182 453
10 12 562 71 361
10 14 660 115 753
10 15 782 501 659
10 16 541 79 960
10 17 348 778 194
10 19 724 689 393
11 12 75 70 859
11 13 290 955 991
11 14 989 331 774
11 16 538 854 113
11 17 151 258 884
11 18 218 804 280
11 19 417 764 182
12 13 877 610 479
12 14 357 201 942
12 15 203 366 503
12 16 796 931 530
12 17 397 193 411
12 18 831 967 717
13 14 935 160 531
13 15 812 159 399
13 17 918 813 621
13 18 314 193 124
13 19 579 636 422
14 17 69 328 729
14 18 240 842 230
15 16 548 299 913
15 18 460 804 834
15 19 377 510 385
16 17 116 961 860
16 18 547 463 964
17 18 693 422 789
17 19 181 185 503
