20 3
0 1 648 601 74
0 2 64 657 322
0 3 152 201 444
0 4 97 405 414
0 5 576 280 883
0 6 51 872 760
0 8 708 404 248
0 11 926 550 171
0 14 676 218 787
0 15 766 455 891
1 2 895 589 518
1 3 417 318 902
1 5 985 965 527
1 7 920 824 304
1 8 419 851 758
1 11 488 569 425
1 14 663 779 700
1 19 893 241 616
2 4 322 135 952
2 8 574 778 691
2 10 255 691 379
2 11 975 631 611
2 12 528 615 547
2 13 759 512 767
2 15 792 744 246
2 16 360 359 847
2 17 853 119 438
2 19 773 290 463
3 4 306 763 187
3 5 548 248 451
3 6 234 107 250
3 7 567 414 714
3 9 966 704 69
3 17 201 920 539
3 18 196 169 74
4 5 373 440 887
4 6 316 619 533
4 7 123 808 366
4 8 370 996 966
4 11 963 548 101
4 12 953 884 331
4 13 835 151 262
4 16 465 787 476
4 19 577 197 250
5 7 584 663 161
5 9 120 93 980
5 11 69 526 762
5 15 815 471 726
5 16 930 394 757
5 18 621 54 668
5 19 892 652 670
6 7 157 806 783
6 8 773 305 950
6 9 470 831 146
6 10 862 425 640
6 12 477 226 970
6 14 195 871 434
6 15 548 571 81
6 16 551 348 498
7 8 477 444 687
7 10 414 772 855
7 11 837 179 740
7 12 596 588 484
7 14 433 752 574
7 15 855 442 528
7 16 210 467 134
7 19 183 917 734
8 9 789 823 648
8 10 173 733 740
8 12 688 653 376
8 17 513 904 824
8 19 380 128 944
9 16 369 392 200
9 19 166 685 433
10 14 221 875 238
10 16 840 992 67
10 17 702 984 874
10 18 850 91 682
11 12 63 925 513
11 14 800 348 958
11 15 683 237 947
11 16 722 617 236
11 18 296 198 281
11 19 607 776 261
12 13 641 518 651
12 14 696 521 783
12 15 523 52 365
12 17 174 969 614
13 14 461 110 310
13 19 693 188 560
14 15 224 439 622
14 16 95 863 712
14 18 885 241 721
15 17 658 445 803
15 18 323 85 643
15 19 905 881 68
16 19 369 437 607
17 18 83 506 319
