20 3
0 4 364 732 391
0 6 479 632 470
0 7 763 485 567
0 8 800 662 851
0 9 581 443 160
0 10 623 503 486
0 11 878 130 201
0 13 316 773 646
0 14 288 197 589
0 15 256 673 888
0 18 851 318 206
0 19 102 950 125
1 2 782 967 968
1 7 216 589 592
1 8 663 331 648
1 9 353 895 826
1 11 860 386 699
1 12 377 863 583
1 14 620 720 168
1 15 889 821 269
1 16 164 783 181
1 17 519 737 217
1 18 429 860 738
1 19 965 791 869
2 3 359 246 672
2 4 393 253 935
2 7 444 992 690
2 11 346 482 238
2 12 401 485 973
2 13 316 197 399
2 15 541 885 580
2 16 469 724 617
2 18 360 631 737
2 19 95 852 929
3 4 945 600 474
3 5 942 329 591
3 6 511 335 182
3 9 90 875 341
3 11 336 581 365
3 15 236 890 130
3 18 196 197 171
4 6 117 742 899
4 9 540 372 588
4 10 992 611 963
4 12 692 535 387
4 14 422 665 949
4 15 620 838 819
4 16 604 632 263
4 17 127 816 427
4 18 927 601 549
4 19 983 296 240
5 6 957 527 241
5 7 858 995 629
5 9 885 316 343
5 12 109 830 408
5 14 768 986 300
5 15 195 566 836
5 18 572 254 841
5 19 699 990 568
6 7 599 828 811
6 9 350 866 524
6 11 842 509 523
6 13 678 984 122
6 14 672 183 550
6 15 74 111 316
6 17 323 686 437
7 12 778 685 58
7 13 345 210 393
7 15 411 712 124
7 18 669 453 349
8 10 720 715 828
8 11 894 680 794
8 13 523 111 920
8 14 102 767 186
8 16 54 951 530
8 17 791 907 597
8 19 395 546 970
9 11 424 948 126
9 15 934 207 454
9 16 296 556 515
10 12 275 308 129
10 13 519 834 344
10 14 958 692 422
10 16 394 785 792
10 17 377 420 496
10 18 527 116 725
10 19 577 555 912
11 15 394 403 353
11 17 575 924 568
11 19 546 534 229
12 15 895 603 96
12 17 422 146 362
12 19 148 803 896
13 14 200 461 797
14 15 780 425 556
14 17 692 808 440
14 19 153 907 322
15 16 713 515 631
15 18 70 978 452
15 19 95 710 219
16 18 380 876 133
17 18 902 485 239
18 19 142 411 971
