20 3
0 1 116 240 508
0 7 293 803 978
0 9 419 476 573
0 11 581 754 315
0 12 619 771 398
0 13 292 188 814
0 14 885 583 880
0 16 505 632 431
0 18 995 98 54
1 6 308 205 937
1 9 155 795 168
1 12 861 541 525
1 14 684 457 934
1 15 217 834 283
1 16 975 73 173
1 19 654 993 490
2 5 309 545 579
2 6 328 321 474
2 7 431 882 982
2 8 549 452 135
2 9 238 990 216
2 10 406 987 548
2 12 981 147 67
2 13 456 872 999
2 14 779 975 845
2 16 609 455 143
2 17 650 621 739
2 18 369 256 684
3 4 215 978 306
3 8 206 918 442
3 9 195 617 179
3 14 835 392 340
3 17 548 589 288
3 19 720 248 784
4 9 367 562 438
4 10 646 824 684
4 11 138 69 101
4 13 848 148 442
4 16 181 826 975
4 17 314 324 537
4 18 453 716 880
5 7 108 223 523
5 8 900 792 965
5 9 896 764 460
5 11 535 826 735
5 12 366 576 689
5 16 721 990 636
5 17 663 232 266
5 18 280 956 408
6 9 228 630 538
6 11 386 143 299
6 14 154 568 391
6 17 873 741 316
6 19 933 336 578
7 8 244 540 964
7 13 832 143 220
7 14 267 431 134
7 15 513 50 873
7 18 861 601 459
8 10 101 477 368
8 12 670 137 575
8 13 786 480 435
8 15 266 280 724
8 17 479 506 179
9 13 240 499 576
9 15 270 667 722
9 17 275 905 933
10 11 535 922 213
10 13 343 814 829
10 16 347 474 799
10 18 514 786 769
10 19 925 651 165
11 12 736 562 470
11 15 831 180 834
11 16 587 100 268
12 17 332 515 950
12 18 569 843 630
12 19 518 314 103
13 14 191 120 835
13 15 686 78 593
13 16 51 78 422
13 17 451 169 988
13 19 846 131 538
14 16 999 803 912
15 16 512 464 105
15 18 140 241 180
15 19 366 581 948
16 17 922 87 962
16 18 550 318 730
17 19 81 150 804
