20 3
0 1 688 963 986
0 2 183 62 123
0 3 945 332 978
0 4 144 478 344
0 5 608 290 573
0 6 676 774 736
0 7 968 55 447
0 10 755 858 285
0 11 403 174 711
0 13 248 432 267
0 14 63 636 153
0 15 52 878 427
0 17 92 275 554
0 18 917 692 470
0 19 691 626 396
1 2 922 475 926
1 3 386 367 130
1 4 546 107 143
1 6 531 694 994
1 8 857 191 582
1 9 260 874 531
1 11 863 380 345
1 12 730 809 346
1 13 837 844 417
1 14 842 868 380
1 15 633 372 344
1 16 196 809 657
2 4 504 383 662
2 6 535 616 481
2 7 205 247 691
2 8 661 70 269
2 9 213 612 866
2 10 443 287 840
2 11 69 701 811
2 13 165 983 122
2 14 266 941 913
2 15 911 686 881
2 16 618 875 222
2 17 136 283 359
2 18 50 971 385
2 19 474 870 351
3 4 313 434 638
3 5 721 891 422
3 7 337 128 268
3 8 289 391 442
3 9 655 83 92
3 10 181 549 224
3 11 219 609 922
3 12 749 738 455
3 13 564 244 458
3 14 421 605 387
3 15 844 395 964
3 17 298 412 305
3 18 526 693 98
3 19 429 188 460
4 5 261 988 215
4 6 840 583 163
4 7 405 258 755
4 8 781 226 469
4 10 352 285 830
4 11 310 874 219
4 12 444 919 902
4 14 74 496 123
4 15 254 752 267
4 16 544 73 856
4 17 456 480 957
4 18 414 170 596
4 19 404 539 465
5 6 340 653 840
5 8 833 733 523
5 15 414 764 928
5 17 123 553 782
5 18 649 54 526
6 7 322 204 976
6 8 575 865 667
6 9 159 367 985
6 10 577 440 612
6 14 239 331 159
6 15 730 945 765
6 17 269 406 252
6 18 589 285 125
6 19 752 990 704
7 9 777 526 737
7 10 122 781 986
7 11 267 111 802
7 12 494 672 748
7 13 870 257 102
7 14 940 841 845
7 15 293 262 113
7 16 513 863 218
7 17 683 290 937
7 18 558 731 928
7 19 254 576 980
8 10 51 595 434
8 11 467 961 67
8 13 933 388 451
8 14 266 369 873
8 15 629 392 898
8 16 985 600 625
8 17 135 813 101
8 18 58 791 926
8 19 567 826 846
9 11 667 60 170
9 12 628 908 703
9 13 854 247 973
9 14 116 970 151
9 16 485 73 774
9 17 374 616 535
9 18 667 142 747
9 19 323 525 478
10 12 422 973 895
10 13 151 558 195
10 15 972 342 841
10 16 672 149 409
10 17 987 764 604
11 12 575 373 795
11 14 331 322 53
11 15 716 855 722
11 16 231 452 970
11 17 938 181 999
11 19 58 867 269
12 13 316 630 905
12 14 121 442 210
12 15 722 386 110
12 17 543 963 752
12 19 415 228 899
13 14 56 584 159
13 15 123 75 827
13 16 369 138 465
13 17 153 664 811
13 18 644 860 200
14 15 835 593 583
14 16 204 60 922
14 17 98 728 267
14 18 473 552 670
15 17 684 486 615
15 18 943 651 109
15 19 746 900 152
16 17 297 251 329
16 18 186 306 134
16 19 355 948 235
17 18 729 900 538
18 19 851 615 849
