20 3
0 3 862 996 259
0 5 364 155 398
0 8 450 306 423
0 17 797 927 826
1 2 623 200 878
1 8 119 103 431
1 9 634 383 267
1 10 359 274 238
1 13 522 257 307
1 14 79 432 934
1 17 266 211 460
1 18 572 438 212
2 3 325 797 440
2 4 543 878 232
2 6 394 274 155
2 7 740 704 96
2 8 640 804 886
2 14 223 469 192
2 15 143 687 770
3 6 648 191 493
3 9 523 639 50
3 12 587 398 710
3 15 210 889 785
3 16 647 931 857
3 18 285 640 996
4 5 495 477 958
4 6 924 383 445
4 9 86 210 517
4 10 720 369 759
4 13 632 677 913
4 14 328 315 360
4 17 86 388 599
5 7 159 860 790
5 8 389 565 227
5 9 824 456 189
5 10 988 557 780
5 11 980 756 444
5 12 390 259 714
5 17 975 424 145
5 18 861 317 936
6 8 938 476 398
6 9 946 183 486
6 10 768 267 808
6 15 277 271 66
6 17 695 415 104
6 19 141 137 100
7 8 671 484 486
7 9 218 813 865
7 10 543 557 529
7 17 634 112 308
7 18 526 149 160
7 19 575 556 197
8 12 607 304 430
8 13 748 885 257
8 17 821 225 810
8 18 307 414 385
8 19 933 53 568
9 10 528 143 187
9 15 146 646 773
9 16 733 648 65
10 13 467 315 966
10 14 184 859 381
10 19 183 177 96
11 12 68 684 774
11 16 445 950 464
11 17 313 537 925
12 15 645 844 102
12 16 201 90 298
12 19 739 608 142
13 14 709 817 457
13 15 424 619 256
13 16 163 746 583
13 17 188 231 807
13 18 187 461 61
14 15 92 834 699
14 16 874 398 101
15 17 810 470 437
15 18 942 822 187
16 19 110 221 695
17 18 395 492 734
