20 3
0 2 780 452 415
0 3 589 606 273
0 5 991 70 225
0 6 618 286 769
0 7 393 157 670
0 8 54 959 336
0 13 521 262 513
0 15 449 938 733
0 16 397 777 540
0 18 457 490 500
0 19 770 842 898
1 2 359 471 602
1 3 629 634 575
1 4 428 285 54
1 5 933 787 937
1 6 315 386 68
1 8 958 886 596
1 11 740 363 770
1 12 696 749 631
1 14 821 168 862
1 15 526 320 87
1 16 154 614 93
1 19 161 621 670
2 4 612 694 601
2 5 992 398 769
2 6 388 573 149
2 11 479 384 741
2 13 97 823 872
2 14 403 728 498
2 15 250 280 479
2 16 172 325 64
2 17 839 594 489
2 19 153 464 899
3 5 172 493 416
3 6 842 547 493
3 7 996 355 341
3 9 94 353 791
3 11 831 109 118
3 12 261 84 561
3 14 822 144 140
3 15 505 403 67
3 16 560 348 964
3 18 93 222 666
4 5 922 956 494
4 9 252 413 510
4 10 711 128 228
4 11 455 132 875
4 16 754 407 224
4 17 308 802 393
5 6 906 241 422
5 7 191 156 795
5 8 370 770 208
5 9 920 371 135
5 11 108 489 580
5 14 773 599 94
5 18 437 717 152
6 8 218 184 641
6 9 302 270 420
6 10 939 921 270
6 12 364 337 528
6 14 91 682 426
6 17 886 398 879
6 18 65 621 618
6 19 488 359 951
7 9 599 476 369
7 11 453 105 876
7 12 929 201 737
7 17 497 362 942
8 10 312 585 769
8 11 573 305 434
8 14 361 447 333
8 17 874 115 312
8 19 560 759 787
9 10 83 110 480
9 13 221 601 705
9 16 293 195 217
10 14 602 253 617
10 15 95 126 877
10 16 885 177 688
10 17 208 324 482
11 13 621 602 409
11 15 780 248 590
11 16 275 270 694
11 17 938 204 880
11 18 612 185 440
12 13 422 330 642
12 15 529 619 150
12 16 744 101 340
12 17 324 395 988
12 18 823 133 205
12 19 167 529 892
13 14 311 61 850
13 16 123 780 242
13 18 740 946 665
14 18 849 807 429
15 16 637 963 466
15 17 660 344 319
16 17 701 686 686
16 18 777 448 547
16 19 577 232 183
17 18 64 501 925
17 19 386 226 316
18 19 940 610 963
