20 3
0 1 93 629 975
0 4 363 634 371
0 11 400 792 809
0 13 466 294 958
0 18 591 57 474
1 3 429 685 282
1 7 180 530 220
1 8 811 844 731
1 19 688 636 375
2 3 345 640 854
2 7 211 249 529
2 8 831 906 779
3 5 60 632 951
3 12 924 682 431
3 13 62 223 409
4 5 80 82 978
4 6 416 922 236
4 11 817 547 438
4 12 427 653 597
4 18 220 229 343
5 7 755 826 661
5 11 863 254 572
5 14 233 274 777
5 15 53 364 233
5 18 102 874 87
6 11 631 957 734
7 10 462 152 149
7 11 579 284 646
8 10 245 206 989
9 10 431 775 577
9 11 302 767 322
9 17 745 689 514
10 13 417 977 733
10 19 410 284 235
11 12 359 428 578
11 19 583 874 439
12 16 580 865 933
12 17 62 915 746
14 17 970 777 184
15 19 115 759 224
16 19 619 150 765
17 18 470 351 662
17 19 574 799 295
