20 4
0 1 955 296 684 953
0 2 602 343 830 821
0 3 885 419 332 435
0 5 119 528 151 352
0 8 882 181 275 116
0 9 709 891 260 293
0 10 332 325 742 193
0 11 83 640 781 107
0 12 866 433 133 108
0 15 95 307 330 791
0 16 712 810 57 423
0 17 488 950 466 277
0 18 750 764 634 302
0 19 688 86 708 779
1 3 517 654 718 745
1 6 930 735 963 763
1 11 706 712 886 817
1 12 916 363 875 441
1 14 833 865 999 163
1 17 774 767 711 352
1 18 814 740 595 333
1 19 566 478 624 426
2 3 235 388 719 296
2 6 541 883 691 351
2 8 184 652 521 344
2 12 806 519 531 92
2 13 464 323 691 761
2 15 737 683 965 310
2 16 668 55 282 382
2 18 499 461 562 468
2 19 518 689 715 466
3 4 513 606 860 934
3 5 156 337 648 60
3 6 325 229 669 862
3 8 434 189 159 702
3 11 625 877 801 793
3 12 258 987 835 130
3 13 120 453 415 277
3 14 290 966 618 557
3 15 392 950 874 297
3 17 609 979 78 758
3 19 342 655 415 610
4 8 583 94 660 260
4 14 253 760 592 461
4 17 171 493 329 802
4 19 894 66 939 630
5 7 658 249 181 217
5 11 294 184 698 937
5 12 139 654 635 902
5 13 495 929 649 167
5 14 816 296 287 794
5 15 544 575 691 223
5 18 282 769 237 697
5 19 400 838 588 761
6 8 325 583 439 933
6 9 481 828 694 430
6 14 301 926 120 711
6 15 379 938 955 584
6 16 361 897 604 158
6 19 397 316 96 155
7 9 138 992 760 836
7 10 780 262 243 311
7 15 485 927 902 653
7 16 956 580 278 617
7 17 258 184 195 358
7 19 555 86 470 416
8 9 942 980 70 377
8 13 431 488 495 747
8 14 175 442 473 110
8 15 99 487 259 138
8 16 83 52 339 989
8 17 891 824 924 607
9 10 277 180 871 618
9 11 243 115 149 559
9 13 925 329 286 574
9 15 717 95 287 487
10 11 403 878 828 896
10 12 105 381 587 242
10 13 703 641 731 999
10 14 191 833 464 472
10 18 946 372 430 407
11 15 266 404 303 801
11 17 227 784 985 600
11 19 549 297 557 547
12 13 491 921 940 709
12 16 921 487 873 550
12 17 874 77 478 374
12 18 678 731 542 241
12 19 903 271 498 65
13 15 456 295 261 115
13 16 275 624 880 355
13 18 921 207 399 60
13 19 122 62 296 412
14 18 457 779 271 102
14 19 504 912 224 439
15 16 947 369 264 566
15 19 927 333 638 427
17 19 498 160 188 378
