20 4
0 3 368 644 276 165
0 4 976 437 405 387
0 10 183 321 328 514
0 11 842 742 680 297
0 16 567 938 854 344
1 3 755 323 117 934
1 4 892 983 889 370
1 5 986 866 507 390
1 6 769 194 379 348
1 8 971 466 856 137
1 9 747 420 845 629
1 18 211 812 969 829
2 3 881 657 714 196
2 8 458 603 371 798
2 9 498 904 169 380
2 18 512 728 94 293
3 14 619 331 386 248
4 6 919 913 623 512
4 7 969 820 923 757
4 10 841 467 716 274
4 11 549 836 307 135
4 12 945 942 703 841
4 14 87 220 781 386
4 15 370 408 252 943
4 18 196 754 935 932
4 19 261 551 277 107
5 7 568 337 282 350
5 9 555 603 293 400
5 13 808 455 690 857
5 16 325 442 379 326
5 18 370 531 580 388
5 19 644 533 615 599
6 9 195 280 449 522
6 13 824 715 923 422
6 16 383 376 423 264
6 17 266 252 88 317
7 15 939 288 891 244
7 17 842 326 519 225
7 18 117 985 591 437
8 12 923 742 741 476
8 13 575 949 784 283
9 13 238 114 723 299
9 14 572 84 362 642
9 17 668 558 64 514
9 18 561 454 781 521
10 12 717 906 450 328
11 12 479 186 77 443
11 14 733 148 200 942
11 18 749 381 554 841
12 15 892 807 727 216
12 16 699 831 383 471
13 18 127 829 765 500
15 17 250 773 743 102
17 18 700 423 401 650
