20 4
0 1 366 657 402 640
0 3 370 217 466 514
0 4 712 791 65 98
0 5 121 637 140 841
0 6 233 89 852 148
0 7 461 917 536 457
0 8 530 936 583 845
0 10 153 947 337 221
0 12 765 595 931 512
0 14 443 681 511 362
0 15 943 636 814 316
0 16 940 948 146 235
0 17 668 998 362 379
0 19 661 576 431 137
1 2 488 131 201 966
1 4 382 296 576 316
1 5 762 564 495 708
1 6 881 762 574 65
1 8 709 794 360 629
1 9 182 76 180 197
1 10 803 270 927 68
1 11 910 337 336 956
1 13 286 774 524 918
1 15 252 160 52 446
1 16 335 674 373 284
1 17 657 121 771 764
1 19 294 363 319 569
2 3 867 597 367 349
2 4 112 167 935 961
2 6 328 644 840 244
2 7 502 83 791 481
2 9 737 80 880 242
2 10 736 285 962 160
2 11 699 139 330 314
2 14 299 652 900 685
2 15 691 554 947 282
2 17 581 220 112 924
2 19 688 673 615 223
3 4 826 950 204 161
3 6 771 820 972 656
3 7 989 107 872 968
3 10 461 831 608 150
3 11 576 753 379 952
3 12 143 573 342 667
3 13 839 617 447 712
3 15 590 107 523 400
3 16 430 300 668 747
3 17 164 193 192 286
3 18 498 538 59 220
3 19 241 587 902 935
4 6 190 744 813 137
4 7 144 91 522 748
4 8 168 523 852 143
4 9 283 441 983 844
4 10 289 787 645 615
4 11 544 590 914 280
4 12 157 696 365 320
4 13 648 62 900 55
4 14 197 374 626 67
4 17 703 993 791 414
4 18 995 452 249 594
4 19 778 644 452 193
5 6 207 888 384 167
5 7 668 177 766 633
5 10 599 471 722 380
5 11 206 515 564 837
5 12 848 81 72 951
5 13 925 690 887 445
5 14 835 359 738 701
5 15 372 749 236 229
5 16 676 690 141 627
5 17 970 233 181 124
5 18 790 102 328 179
5 19 943 328 156 464
6 7 827 778 245 578
6 9 921 284 647 753
6 10 733 133 818 97
6 11 151 430 951 245
6 12 61 83 561 803
6 14 493 856 380 610
6 16 897 711 605 876
6 19 681 940 150 986
7 8 154 946 418 357
7 9 438 658 470 746
7 12 405 689 883 311
7 13 548 845 354 508
7 14 731 143 944 952
7 15 522 415 78 404
7 18 380 221 655 400
7 19 456 806 92 221
8 9 209 763 297 495
8 10 754 893 182 59
8 12 735 437 818 968
8 13 540 772 580 752
8 14 697 255 272 60
8 15 891 806 659 104
8 16 530 295 689 82
8 17 824 461 809 544
8 18 736 278 450 815
8 19 679 848 369 195
9 10 443 600 96 974
9 11 932 753 561 343
9 12 351 600 596 497
9 13 80 623 595 690
9 14 489 908 84 62
9 15 669 966 575 600
9 16 667 714 205 672
9 17 74 342 700 116
9 18 924 146 427 168
9 19 965 734 66 749
10 12 481 479 911 301
10 13 415 731 87 246
10 14 938 973 292 403
10 16 701 530 373 197
10 17 188 959 119 173
10 18 487 558 53 199
11 12 243 243 105 157
11 13 525 788 163 363
11 14 727 497 534 61
11 15 827 821 842 873
11 16 437 146 803 771
11 17 596 541 770 69
11 18 175 183 987 113
11 19 263 509 452 489
12 13 50 733 108 186
12 14 774 397 527 995
12 15 141 890 815 412
12 19 767 333 58 489
13 14 646 273 663 935
13 16 852 908 758 536
13 17 434 715 396 143
13 18 326 541 492 159
13 19 752 531 996 626
14 15 68 331 441 612
14 16 900 939 151 154
14 17 342 788 704 152
14 18 506 591 455 162
15 16 902 298 703 920
15 18 710 324 540 827
15 19 240 951 407 91
16 17 576 928 382 999
16 18 87 718 122 555
16 19 207 898 133 742
17 18 537 477 681 426
17 19 662 209 939 162
18 19 796 303 455 116
