20 4
0 2 482 937 208 413
0 3 885 313 292 864
0 5 872 845 70 155
0 9 263 653 687 839
0 11 534 260 233 334
1 2 585 492 279 143
2 4 723 586 827 216
2 5 917 820 699 744
2 12 989 129 773 895
2 13 530 257 408 330
2 14 973 478 100 437
3 8 829 172 773 593
3 11 914 701 922 801
3 14 438 522 132 125
3 15 624 243 538 851
4 5 278 786 815 751
4 7 962 896 977 817
4 12 246 86 838 674
4 16 420 679 104 523
4 17 548 742 680 687
4 19 232 979 339 788
5 7 671 765 385 398
5 11 466 655 275 646
5 14 569 580 89 676
5 18 67 216 796 638
6 10 699 768 632 902
6 12 644 717 131 881
6 17 379 223 288 195
7 11 72 753 742 999
7 19 502 959 385 78
8 16 122 833 524 446
9 14 763 93 152 889
11 15 188 924 117 374
11 17 431 912 625 979
12 15 90 937 222 538
12 18 183 899 222 325
13 16 392 633 268 228
14 15 561 719 538 749
15 16 454 675 314 719
15 18 990 629 586 210
17 19 278 538 734 202
18 19 531 588 199 654
