20 4
0 1 907 737 93 967
0 2 238 315 343 291
0 3 854 480 927 381
0 6 65 546 837 461
0 8 313 702 372 605
0 12 494 553 962 340
0 13 276 119 236 564
0 15 204 51 333 146
0 16 546 250 306 731
1 4 514 378 424 216
1 6 746 781 875 626
1 8 338 838 121 910
1 9 659 735 128 665
1 11 195 676 774 723
1 13 177 588 371 403
1 14 385 150 106 168
1 18 164 145 123 781
2 4 576 593 139 196
2 5 982 379 456 501
2 6 739 559 86 236
2 8 661 949 697 440
2 9 422 187 595 307
2 13 176 436 557 730
2 16 102 189 923 499
2 17 500 564 146 819
2 18 219 387 516 966
2 19 721 759 93 669
3 8 772 790 497 577
3 10 786 303 487 657
3 12 374 355 494 191
3 17 469 185 264 969
4 7 351 959 414 459
4 8 769 524 805 703
4 9 832 836 530 263
4 10 918 577 672 252
4 13 917 411 621 832
4 14 612 947 524 957
4 16 837 564 100 164
5 8 967 392 462 425
5 10 569 506 517 269
5 12 643 597 974 527
5 13 583 286 499 913
5 14 489 809 986 919
5 15 498 223 397 709
5 17 908 911 565 759
5 19 218 520 597 100
6 8 383 483 468 210
6 9 856 291 991 457
6 10 312 527 971 162
6 12 269 263 290 928
6 13 107 398 620 127
6 16 542 117 369 507
6 19 480 217 759 412
7 8 248 52 112 919
7 10 413 366 298 924
7 13 654 313 925 116
7 14 109 592 948 498
8 13 668 157 709 565
8 14 753 731 447 402
8 15 180 71 521 887
8 17 704 932 577 859
8 18 489 152 738 932
8 19 158 539 753 394
9 10 592 73 87 789
9 12 989 893 818 330
9 13 685 736 907 679
9 14 109 479 916 860
9 16 116 83 309 410
9 18 577 777 635 934
9 19 398 829 76 263
10 13 818 597 704 378
10 15 97 200 106 801
10 17 582 253 877 372
11 12 833 353 430 382
11 16 854 793 546 658
11 18 523 202 456 937
11 19 752 501 850 380
12 15 962 117 194 815
12 17 640 381 215 97
13 15 616 52 877 821
13 19 895 250 605 735
14 15 602 784 670 757
14 17 605 224 547 163
14 18 618 912 389 553
15 16 444 849 209 797
15 17 532 150 104 662
15 19 358 177 530 75
16 19 848 211 572 782
17 18 989 254 884 661
