20 4
0 2 807 116 297 802
0 3 217 310 56 161
0 8 948 528 986 324
0 9 703 787 493 494
0 11 951 304 909 808
0 13 271 116 872 961
0 18 511 576 434 963
1 2 201 560 71 703
1 4 508 252 904 820
1 6 987 918 829 812
1 7 501 477 472 86
1 8 574 797 506 162
1 9 341 365 641 73
1 12 122 627 254 841
1 17 508 424 868 294
1 18 263 420 56 169
2 4 780 54 297 198
2 5 708 356 406 224
2 7 363 964 374 714
2 11 294 775 101 444
2 12 469 977 484 800
2 13 353 905 472 857
2 14 556 666 68 362
2 18 440 947 811 574
2 19 671 531 583 665
3 8 775 508 281 977
3 9 762 741 675 661
3 13 765 251 352 917
3 14 369 462 182 927
3 15 613 434 214 59
3 16 778 576 583 570
3 18 461 65 244 660
3 19 178 930 842 74
4 8 315 627 939 692
4 10 900 763 571 526
4 12 432 958 292 341
4 14 646 994 868 852
4 17 455 380 129 327
4 18 541 858 158 54
5 6 716 819 433 471
5 7 81 979 892 108
5 14 597 884 515 89
6 7 134 784 222 413
6 9 717 63 720 161
6 10 773 307 775 290
6 11 109 794 677 479
6 12 116 887 143 606
6 13 125 211 399 550
6 14 968 244 612 625
6 15 938 222 91 501
6 17 854 114 677 559
6 19 731 217 911 285
7 9 59 625 237 341
7 10 399 516 134 274
7 13 669 142 474 696
7 14 101 199 656 483
7 16 666 145 175 930
8 9 525 736 911 559
8 11 840 61 605 75
8 13 829 62 192 629
8 15 667 910 811 306
8 18 951 779 759 456
9 10 806 527 805 493
9 12 88 980 607 721
9 13 945 777 304 493
9 15 767 919 128 219
9 18 370 565 310 218
9 19 364 398 608 77
10 11 372 222 406 819
10 14 988 412 647 313
10 16 903 643 894 648
10 19 640 116 714 65
11 12 91 265 772 835
11 13 652 964 861 585
11 15 204 880 477 276
11 17 67 828 982 499
12 15 288 738 909 91
12 16 168 680 297 578
12 17 921 699 606 637
12 19 789 372 552 615
13 15 209 80 926 464
13 16 335 92 700 489
13 18 198 415 305 310
13 19 170 318 522 382
14 16 986 241 302 646
14 18 754 709 310 736
14 19 142 279 162 346
15 16 812 206 733 525
15 17 416 270 559 674
15 19 878 829 576 93
16 18 333 74 476 65
16 19 522 975 58 812
18 19 730 225 574 98
