20 4
0 2 439 987 834 683
0 3 763 864 483 385
0 4 671 828 415 884
0 5 506 322 406 266
0 6 407 365 654 731
0 7 87 186 979 952
0 8 974 132 568 425
0 9 769 705 248 457
0 10 793 802 806 902
0 11 108 186 65 932
0 12 412 703 489 138
0 16 125 433 480 173
0 18 666 436 258 350
0 19 964 152 905 997
1 2 909 680 76 296
1 3 723 447 120 985
1 4 720 849 300 439
1 5 416 430 611 403
1 6 732 525 663 608
1 7 511 337 249 474
1 8 492 961 905 219
1 11 430 881 347 614
1 12 230 984 693 684
1 13 355 824 636 660
1 14 529 641 98 481
1 15 172 175 275 83
1 16 147 827 746 307
1 17 834 633 940 461
1 18 483 118 85 606
2 4 811 835 475 346
2 5 626 793 975 65
2 7 966 618 696 780
2 8 821 410 131 992
2 9 410 147 290 724
2 10 837 893 209 759
2 11 458 98 716 437
2 12 990 389 582 817
2 13 164 66 280 870
2 14 596 457 621 325
2 15 280 334 63 482
2 17 340 815 672 486
2 19 459 705 231 579
3 4 541 759 284 708
3 5 982 286 85 164
3 6 575 440 781 970
3 8 314 591 71 535
3 9 68 86 467 867
3 10 403 235 353 160
3 13 450 888 930 827
3 14 241 720 453 436
3 17 251 885 965 105
3 18 181 562 508 944
3 19 787 907 742 721
4 5 111 404 376 918
4 6 599 824 771 331
4 7 68 760 56 967
4 11 220 307 320 375
4 12 988 818 870 939
4 13 223 820 477 715
4 14 672 275 899 529
4 15 417 906 322 251
4 17 355 238 510 331
4 18 870 152 654 165
4 19 260 477 424 753
5 7 765 205 362 163
5 8 498 164 188 69
5 10 83 920 751 338
5 11 525 207 365 576
5 13 141 925 377 374
5 14 917 264 243 476
5 15 723 424 420 521
5 16 412 454 58 399
5 17 268 151 453 306
5 18 246 660 801 931
5 19 920 690 948 557
6 8 102 361 914 179
6 10 799 724 898 684
6 11 305 737 753 925
6 12 829 351 69 185
6 13 324 818 554 378
6 17 981 809 989 784
6 19 841 908 969 420
7 10 354 180 728 575
7 11 109 883 819 395
7 14 257 342 658 932
7 15 587 946 117 838
7 16 602 406 933 88
7 17 983 181 814 779
7 18 689 406 55 773
7 19 758 575 100 330
8 9 618 131 404 51
8 10 243 924 769 102
8 11 980 673 667 75
8 14 729 832 657 559
8 15 684 803 749 521
8 16 267 231 770 436
8 17 426 804 511 169
8 18 599 92 600 418
8 19 894 656 795 798
9 10 232 659 719 243
9 11 741 103 442 507
9 13 358 135 618 129
9 14 487 428 515 918
9 15 566 104 209 339
9 16 113 959 928 208
9 17 387 944 731 806
9 18 742 810 864 812
9 19 794 652 869 900
10 11 952 906 726 343
10 12 418 908 164 421
10 13 212 721 926 968
10 14 493 827 882 821
10 15 901 663 154 641
10 16 335 70 618 66
10 17 50 689 236 231
10 18 770 66 713 788
10 19 124 495 192 575
11 13 274 514 685 920
11 14 262 693 662 379
11 17 406 693 673 906
11 18 711 412 992 348
11 19 304 415 986 943
12 13 952 430 449 576
12 14 660 450 485 778
12 15 580 737 713 607
12 16 171 698 870 921
12 17 503 179 148 784
12 19 914 525 51 543
13 14 495 834 965 815
13 15 426 203 85 215
13 16 399 72 602 892
13 17 121 64 445 74
13 19 457 299 800 497
14 15 59 161 251 693
14 17 530 797 568 908
14 18 79 594 925 827
15 17 836 207 275 371
15 18 242 410 703 626
15 19 377 942 117 92
16 18 808 666 564 353
17 19 57 545 526 640
18 19 253 923 215 776
