20 4
0 1 837 434 866 558
0 2 185 295 922 480
0 3 751 145 735 101
0 4 273 91 638 767
0 5 439 105 667 858
0 6 544 665 736 516
0 7 442 319 654 715
0 8 606 950 578 199
0 9 598 593 174 617
0 10 493 837 304 58
0 11 451 920 202 783
0 12 192 414 980 924
0 13 436 923 534 631
0 14 405 90 653 263
0 15 576 262 872 391
0 16 713 922 909 104
0 18 928 145 916 978
0 19 325 473 98 600
1 2 973 142 535 815
1 3 692 176 209 308
1 4 913 240 933 366
1 5 332 78 584 513
1 6 820 792 975 602
1 7 776 324 325 90
1 8 420 524 270 367
1 11 647 603 572 964
1 13 799 183 194 924
1 14 698 836 901 253
1 15 595 454 226 966
1 16 301 814 421 245
1 17 424 672 749 805
1 18 101 357 937 706
1 19 913 896 368 405
2 5 570 71 936 997
2 6 242 139 869 564
2 8 697 309 309 648
2 11 598 901 745 407
2 12 885 189 465 743
2 13 527 889 484 735
2 14 107 77 550 498
2 15 588 903 315 135
2 16 442 118 729 906
2 17 405 53 881 571
2 18 74 699 142 277
2 19 883 390 918 968
3 4 546 900 917 298
3 6 791 932 584 372
3 7 100 664 697 984
3 9 651 232 709 965
3 10 639 962 209 664
3 11 991 892 667 238
3 12 595 328 711 898
3 13 377 731 108 460
3 15 685 570 723 689
3 16 476 135 309 853
3 17 322 312 864 488
3 18 726 122 383 919
3 19 630 425 636 258
4 5 963 263 620 740
4 6 493 568 904 649
4 7 895 869 159 380
4 9 922 862 191 146
4 10 394 735 797 464
4 12 226 610 671 263
4 13 674 119 714 725
4 15 710 389 944 499
4 16 951 188 406 676
4 18 629 275 531 832
5 6 309 461 415 947
5 9 481 830 553 484
5 10 670 278 553 129
5 12 143 649 241 255
5 14 631 311 411 753
5 15 149 807 480 916
5 16 152 459 254 835
5 17 464 839 586 148
5 18 535 318 674 644
5 19 95 532 157 629
6 7 700 582 589 203
6 8 661 883 576 226
6 9 103 377 943 481
6 10 969 389 140 704
6 11 276 392 871 589
6 14 587 755 113 588
6 16 692 626 536 344
6 17 617 764 535 564
6 18 284 826 925 957
6 19 458 651 308 408
7 8 845 285 157 366
7 9 909 571 67 679
7 10 344 518 300 440
7 11 147 370 693 71
7 12 779 74 402 334
7 14 62 491 410 465
7 15 928 239 648 197
7 16 875 929 198 985
7 18 829 336 171 624
7 19 224 332 377 106
8 10 942 729 430 958
8 11 462 225 434 304
8 12 341 593 573 780
8 14 886 297 719 642
8 17 375 502 698 126
8 18 989 535 423 647
8 19 271 250 859 332
9 10 867 374 523 625
9 11 746 415 512 950
9 12 325 176 301 424
9 13 325 591 789 288
9 14 852 153 182 231
9 16 368 344 852 671
9 17 70 431 257 696
9 18 139 200 986 948
9 19 723 676 793 432
10 13 539 149 863 985
10 14 750 798 435 219
10 15 249 866 336 298
10 16 831 357 854 380
10 18 667 231 638 285
11 12 561 107 915 436
11 13 749 192 81 159
11 14 300 802 873 997
11 15 260 593 540 903
11 16 200 89 860 238
11 17 163 184 702 580
11 18 727 469 755 837
11 19 554 838 424 209
12 13 250 500 305 929
12 15 951 644 126 873
12 16 773 815 440 410
12 17 374 325 485 128
12 18 827 527 491 823
12 19 470 641 940 820
13 14 302 636 666 830
13 16 303 707 91 825
13 18 939 190 482 569
13 19 94 497 549 971
14 15 911 853 525 165
14 17 234 968 325 266
14 18 873 378 863 845
14 19 998 553 68 92
15 16 912 581 349 789
15 17 641 654 926 184
15 18 259 839 428 647
15 19 202 644 354 715
16 18 601 976 439 122
16 19 840 95 560 77
17 19 579 875 69 581
18 19 480 592 426 262
