20 4
0 1 656 93 155 640
0 2 895 101 232 762
0 3 307 168 171 50
0 4 124 986 433 237
0 5 129 802 406 889
0 6 363 452 788 204
0 7 396 511 796 520
0 8 376 355 491 302
0 9 699 117 611 629
0 10 442 747 791 691
0 12 444 466 250 143
0 14 432 159 720 124
0 15 834 106 58 965
0 16 738 469 713 65
0 17 440 170 664 76
0 18 755 976 178 786
1 3 329 646 771 356
1 4 643 170 913 421
1 5 678 265 51 726
1 6 675 978 575 122
1 7 783 745 116 963
1 10 952 405 937 161
1 11 61 977 702 720
1 12 702 831 485 332
1 13 200 517 503 504
1 14 270 513 894 304
1 15 163 867 88 228
1 16 564 377 737 342
1 17 637 669 75 394
1 19 168 489 239 495
2 5 664 89 782 273
2 6 312 722 309 871
2 7 622 219 127 699
2 8 905 387 336 980
2 9 978 611 129 572
2 11 498 356 487 683
2 12 917 201 825 377
2 14 429 670 743 169
2 15 396 962 672 99
2 16 741 824 783 494
2 18 511 700 600 625
2 19 147 474 535 392
3 4 686 446 778 582
3 5 370 322 362 441
3 6 942 109 637 525
3 8 234 817 901 683
3 9 826 732 834 102
3 10 164 267 538 158
3 13 51 737 328 837
3 14 138 232 653 515
3 15 711 327 723 676
3 16 533 685 852 184
3 17 423 760 196 394
3 18 675 654 798 77
4 5 376 240 890 463
4 6 935 646 455 146
4 7 952 501 932 309
4 8 693 629 342 566
4 9 847 768 605 934
4 10 251 932 548 816
4 11 115 527 75 860
4 13 950 373 285 982
4 14 69 656 411 249
4 15 326 448 367 301
4 16 284 691 204 257
4 17 851 820 519 685
4 18 765 520 980 229
4 19 492 977 805 733
5 6 817 379 246 806
5 7 670 90 341 265
5 8 285 671 599 233
5 10 477 185 403 327
5 11 420 293 819 267
5 12 223 127 645 863
5 14 790 122 269 449
5 15 103 692 302 318
5 16 791 499 517 683
5 17 500 457 111 76
5 18 59 987 659 731
5 19 799 385 540 188
6 8 645 680 452 820
6 10 123 525 308 134
6 11 634 870 568 239
6 18 970 866 644 134
7 8 951 982 725 554
7 10 771 169 892 354
7 11 703 379 294 639
7 12 57 700 571 894
7 13 832 624 315 213
7 14 199 888 765 394
7 15 668 345 349 745
7 17 621 105 728 515
7 19 320 568 329 402
8 9 910 702 388 716
8 10 308 480 646 325
8 11 962 748 840 885
8 12 181 720 356 400
8 13 381 911 567 92
8 15 194 624 660 111
8 16 579 243 410 723
8 17 345 594 402 645
8 18 552 392 54 534
8 19 323 223 708 526
9 10 182 781 481 917
9 11 950 509 709 956
9 12 427 160 78 218
9 13 256 631 105 964
9 14 305 77 861 682
9 15 331 659 77 535
9 17 865 480 82 906
9 18 519 983 568 409
9 19 308 391 73 76
10 11 390 968 711 899
10 12 253 315 662 981
10 14 895 367 661 635
10 16 689 917 755 952
10 17 630 893 126 610
10 18 730 458 251 163
11 12 179 580 460 87
11 15 254 536 633 814
11 16 190 482 791 596
11 18 203 214 376 836
11 19 588 844 160 574
12 13 406 275 608 79
12 14 398 828 930 995
12 16 904 303 867 555
12 17 795 342 810 174
13 14 984 618 991 759
13 15 401 512 931 332
13 17 431 559 201 639
13 18 916 949 494 984
14 15 705 652 113 616
14 17 798 123 88 400
14 18 957 633 251 355
14 19 475 820 576 219
15 16 419 171 160 603
15 17 76 293 642 481
16 17 654 475 144 515
16 19 591 281 904 206
17 19 393 861 451 875
