21 3
0 1 225 739 240
0 8 579 498 217
0 18 677 935 511
1 9 556 296 663
1 13 457 162 412
1 18 50 358 746
2 4 443 589 752
2 9 645 276 822
2 14 264 328 330
2 15 541 929 540
2 18 477 923 500
3 7 360 794 812
3 9 210 484 630
3 13 153 696 567
3 17 458 801 259
3 20 186 749 885
4 6 368 874 719
4 7 499 81 635
4 14 158 636 918
4 16 93 114 483
5 7 282 481 344
5 12 821 171 511
5 13 790 171 300
5 14 377 868 426
5 18 974 602 173
6 15 892 667 747
6 19 488 849 300
7 8 680 966 447
7 9 477 379 789
7 12 423 560 961
7 15 243 622 789
8 9 693 106 373
8 11 96 725 640
8 12 171 683 665
8 16 518 637 139
9 16 376 814 143
9 20 743 419 974
10 11 440 884 366
10 15 523 495 520
10 20 815 155 623
11 14 559 539 922
11 18 664 656 486
11 20 598 231 345
12 14 864 889 952
12 18 710 834 596
12 20 990 901 923
13 16 347 149 729
13 20 691 424 471
14 18 743 304 926
15 17 282 793 914
15 18 95 986 563
18 20 90 604 421
