21 4
0 10 768 920 297 675
0 15 478 361 331 515
0 16 487 429 773 859
0 17 265 680 932 316
0 18 674 376 406 619
1 3 833 171 609 478
1 4 673 652 820 869
1 6 114 508 198 266
1 8 774 355 422 121
1 11 709 266 334 430
1 13 795 92 446 76
1 14 134 417 330 458
1 16 304 385 618 221
1 19 822 518 355 904
2 3 427 221 145 314
2 10 523 958 357 713
2 11 351 868 409 708
2 12 459 812 108 606
2 13 975 738 380 117
2 18 889 691 940 816
3 4 436 170 609 603
3 6 296 897 590 324
3 7 740 928 388 610
3 8 659 995 818 302
3 9 274 213 564 644
3 15 605 542 207 748
3 16 191 322 649 357
3 19 788 811 341 720
3 20 917 404 961 799
4 12 638 389 716 133
4 15 341 279 189 790
4 19 351 542 426 508
5 7 258 633 765 707
5 11 212 441 381 210
5 13 375 875 823 448
5 15 232 742 193 76
5 19 474 292 562 442
5 20 135 115 797 380
6 7 606 602 359 67
6 9 216 495 298 188
6 14 853 215 852 967
6 16 211 462 96 326
6 18 971 400 388 809
6 19 985 152 220 341
7 20 404 877 973 638
8 10 954 939 73 802
8 13 417 964 104 693
8 15 589 289 637 837
8 16 910 751 876 175
8 20 152 700 244 464
9 10 389 944 546 311
9 17 287 370 914 475
9 18 203 103 680 778
10 19 676 216 888 397
12 13 85 291 564 240
12 14 759 961 880 967
12 15 83 782 194 675
12 18 418 179 58 908
12 20 311 374 706 181
13 14 505 462 328 840
13 17 442 644 509 430
13 20 261 837 437 180
14 15 757 103 816 571
15 19 847 859 916 719
16 17 300 909 90 818
