22 4
0 5 869 474 223 161
0 10 976 721 448 364
0 16 84 754 837 712
1 2 371 192 586 58
1 7 392 99 816 171
1 17 913 421 986 373
1 18 283 664 354 861
1 19 896 367 948 451
1 20 811 704 587 986
2 17 84 486 383 237
3 5 404 782 585 500
3 11 575 830 395 546
3 15 219 567 663 498
3 21 862 869 95 66
4 5 66 102 472 289
4 7 909 624 187 196
4 9 977 639 274 779
4 12 997 232 83 401
5 9 340 890 606 773
5 14 655 701 662 853
5 20 482 697 143 873
5 21 823 432 122 554
6 7 846 463 841 588
6 8 785 465 275 757
6 13 488 694 297 717
6 16 301 472 566 273
6 17 596 693 898 799
6 19 192 893 791 501
7 11 913 788 925 518
7 12 683 691 351 597
7 14 116 190 243 175
7 16 227 144 600 554
8 9 244 882 943 888
8 15 868 585 243 744
8 16 909 670 630 966
8 21 850 212 354 75
9 14 824 721 779 711
9 16 464 788 378 277
9 18 775 548 418 747
9 19 90 278 696 755
10 11 102 581 795 964
10 12 783 496 318 529
10 13 860 963 354 949
10 18 426 753 442 365
10 19 372 115 221 532
11 13 317 294 302 686
11 17 694 596 963 162
12 19 259 71 917 246
12 20 482 707 954 277
12 21 931 464 917 357
13 15 160 902 952 646
13 16 242 51 652 259
13 17 767 300 696 756
14 15 738 58 817 354
14 20 815 396 220 557
15 20 766 928 56 758
15 21 298 395 579 628
16 19 240 819 840 411
16 21 708 228 199 839
17 21 434 541 334 276
18 21 636 994 921 445
19 21 803 345 873 703
