23 2
0 3 559 234
0 4 404 160
0 5 395 318
0 9 225 188
0 11 537 881
0 17 622 93
0 22 655 847
1 8 140 511
1 13 467 486
1 14 546 214
1 18 829 712
1 20 80 248
2 7 916 50
2 10 574 414
2 18 482 239
2 19 980 771
3 7 521 541
3 11 650 539
3 18 528 272
3 21 629 539
4 6 406 751
4 9 581 340
4 10 957 892
4 12 918 998
4 13 209 727
4 18 646 736
5 10 382 482
5 11 264 292
5 16 147 243
5 17 313 258
6 11 409 992
6 13 110 328
6 18 944 248
7 15 934 380
7 16 716 354
7 18 355 892
7 22 270 651
8 12 307 217
8 19 104 634
8 20 781 661
9 17 625 606
9 19 538 313
10 11 777 146
10 14 249 776
10 15 123 372
10 17 677 724
10 18 857 295
10 19 316 321
11 12 725 547
11 13 68 854
11 20 255 64
12 13 651 735
12 19 242 487
12 20 239 244
12 22 492 164
14 18 783 980
14 21 964 579
14 22 581 736
16 17 849 267
16 18 151 995
16 19 933 734
16 22 788 851
17 18 750 608
17 20 454 157
17 22 972 926
18 20 743 905
18 22 580 894
19 20 573 74
19 21 886 756
