23 4
0 1 588 788 739 667
0 5 755 662 635 597
0 15 391 995 137 185
0 22 275 582 953 688
1 3 206 220 982 390
1 9 228 509 611 503
1 10 984 78 303 119
1 17 767 472 57 903
1 22 953 216 58 403
2 4 482 609 184 248
2 9 903 681 849 235
2 15 234 680 611 661
2 17 833 243 165 223
2 20 235 473 374 518
2 21 398 791 221 828
3 11 871 580 647 821
3 12 924 506 103 893
3 17 93 134 335 640
3 18 180 148 337 660
4 6 294 528 812 309
4 10 706 612 470 932
4 14 129 329 972 358
4 15 774 629 632 84
4 22 379 776 349 416
5 10 657 795 586 374
6 9 101 847 550 235
6 12 520 940 112 675
6 14 909 216 296 999
6 15 529 763 206 661
6 18 280 953 348 979
7 12 359 737 649 648
7 20 795 167 692 99
7 22 56 623 155 197
8 10 603 853 786 585
8 12 711 657 209 730
8 14 638 814 736 119
9 10 72 146 874 635
9 12 575 889 510 58
9 14 331 281 366 579
9 16 938 944 701 893
9 22 854 893 831 953
10 16 707 504 889 917
11 12 617 582 78 137
11 13 304 304 946 989
11 14 729 506 299 166
11 21 450 426 59 854
11 22 798 110 611 583
12 17 314 258 921 963
13 15 884 686 767 969
14 17 260 935 626 583
15 19 903 859 998 114
15 20 600 839 354 262
16 18 861 849 554 84
16 19 347 888 590 338
18 21 670 257 229 668
19 20 353 772 504 953
19 21 868 342 448 143
20 21 662 175 582 242
