23 4
0 1 219 132 714 195
0 3 495 782 137 222
0 9 958 374 420 461
0 11 230 982 806 679
0 14 940 266 737 246
0 15 77 73 62 399
1 2 913 530 254 405
1 3 139 447 86 546
1 6 540 602 308 70
1 15 711 590 960 367
1 16 876 229 274 716
1 21 369 370 731 246
1 22 853 528 977 321
2 3 258 631 742 409
2 4 301 217 614 154
2 5 648 797 705 949
2 6 224 385 829 170
2 7 639 753 551 186
2 9 658 227 128 598
2 10 694 482 625 796
2 13 707 435 774 78
2 14 377 181 571 251
2 16 627 692 136 465
3 5 409 372 226 967
3 6 665 394 737 541
3 10 871 364 387 94
3 11 447 732 711 705
3 14 541 275 794 531
3 17 703 519 342 556
3 20 138 471 573 568
3 22 440 619 847 490
4 10 257 174 270 563
4 11 388 586 465 406
4 18 111 277 178 874
4 21 475 383 855 810
5 11 474 684 897 238
5 15 955 826 545 80
5 17 280 647 798 918
6 7 81 794 596 299
6 10 266 988 762 576
6 11 364 62 756 926
6 17 73 616 777 674
6 19 600 964 983 130
6 20 487 80 479 220
7 12 322 539 365 978
7 18 938 307 990 814
7 20 811 515 885 780
7 21 678 608 334 901
8 13 877 172 509 527
8 20 566 838 397 765
9 11 256 344 786 250
9 18 391 87 338 725
9 20 956 150 72 92
10 12 938 988 920 918
10 13 970 951 486 930
10 16 198 888 340 224
10 17 678 77 936 721
10 22 926 815 347 718
11 12 721 235 691 174
11 14 751 462 275 843
11 15 97 904 836 539
11 16 998 624 134 242
11 19 219 679 763 136
11 20 956 716 395 574
11 22 739 140 82 314
12 15 76 950 374 271
12 16 416 252 53 394
12 21 898 347 894 867
12 22 148 563 792 966
13 16 382 686 120 942
13 17 303 124 667 761
14 15 669 981 429 580
14 18 630 352 109 964
14 19 124 494 908 527
14 20 389 800 837 633
15 20 391 103 361 697
15 21 157 260 507 927
16 17 677 987 981 911
16 19 495 786 823 884
16 20 328 357 683 856
18 21 724 613 445 151
19 22 111 102 124 670
