23 4
0 3 455 970 825 753
0 4 275 679 490 153
0 7 605 912 416 241
0 8 628 386 192 656
0 13 601 474 856 436
0 14 988 720 595 341
0 19 239 783 72 836
0 22 355 248 863 92
1 2 773 175 57 358
1 12 255 549 743 172
1 13 555 352 180 886
1 22 427 408 222 754
2 3 991 878 629 860
3 17 610 484 284 489
3 18 310 899 647 686
3 21 869 582 771 260
4 12 843 303 808 628
4 20 519 673 635 55
4 22 127 714 776 374
5 6 147 358 252 803
5 16 895 940 737 292
5 19 708 857 208 289
5 21 354 933 924 743
5 22 348 103 350 56
6 7 628 646 948 794
6 11 973 938 450 951
6 22 892 964 870 437
7 15 366 856 844 77
7 17 590 422 461 161
7 18 458 473 341 876
7 19 248 611 175 77
7 20 947 846 808 640
8 15 434 106 240 594
8 20 408 234 714 265
8 22 194 273 429 201
9 11 464 635 551 574
9 16 465 468 230 303
10 12 384 711 666 204
10 15 942 709 487 947
11 13 835 80 281 844
11 14 737 268 755 567
12 15 693 558 966 774
12 22 87 480 378 395
13 21 387 263 130 120
14 19 299 471 662 539
14 20 113 245 954 612
15 19 579 814 81 259
15 22 415 462 256 260
16 20 208 575 699 190
16 22 118 659 442 104
17 18 248 368 531 534
18 19 323 662 572 794
18 20 280 404 821 343
18 21 93 473 117 584
19 20 228 559 899 83
