24 2
0 7 910 293
0 12 226 789
0 18 299 75
0 23 752 360
1 5 755 220
1 7 163 500
1 18 382 427
1 20 869 955
1 22 730 617
1 23 489 547
2 7 328 230
2 12 840 918
2 16 563 693
2 17 887 206
2 18 676 473
2 19 373 727
2 20 739 263
2 21 316 952
3 9 554 417
3 11 816 325
3 12 481 795
3 17 962 216
3 23 541 516
4 11 633 398
4 14 544 991
4 15 122 979
4 16 697 55
4 23 360 730
5 6 836 502
5 10 593 733
5 15 239 142
5 16 721 852
5 19 966 619
5 21 826 527
6 8 286 943
6 11 935 741
6 15 670 116
7 12 647 871
7 15 692 462
7 16 327 73
7 18 202 528
7 20 794 59
7 21 272 75
7 22 629 374
8 9 516 545
8 11 796 368
8 13 482 424
8 14 407 633
8 16 774 431
8 17 617 180
8 21 809 57
9 12 324 926
9 14 752 180
9 16 458 596
9 19 610 476
9 20 920 744
9 22 968 181
10 16 904 802
10 17 92 381
10 22 974 922
11 17 893 748
11 21 121 81
11 22 782 572
12 16 761 835
12 19 268 222
12 23 615 131
13 14 259 611
13 20 70 433
14 21 528 616
14 23 507 75
15 19 847 961
16 20 283 696
17 18 665 499
17 19 91 923
17 22 93 96
18 19 661 70
19 20 319 535
20 23 378 95
21 23 447 208
