24 3
0 9 748 965 166
0 12 775 702 482
0 14 692 983 573
0 15 742 481 336
0 19 739 174 816
1 6 153 135 241
1 11 995 515 201
1 18 545 306 686
1 21 173 572 872
2 5 841 389 207
2 11 627 198 671
2 20 402 195 897
2 22 503 268 399
3 6 403 350 753
3 7 808 138 607
3 8 143 509 569
3 11 762 737 865
3 16 136 150 963
3 17 779 763 989
4 6 945 737 934
4 7 728 384 229
4 13 203 968 365
4 21 547 898 942
4 23 717 683 533
5 7 953 508 921
5 21 920 514 799
5 23 619 682 888
6 9 400 432 370
6 13 972 793 978
6 15 996 349 965
6 21 191 98 85
7 9 867 331 155
7 14 207 538 991
7 15 172 610 571
7 19 750 387 765
7 21 758 590 364
8 17 217 942 926
8 23 702 398 794
9 11 490 317 383
9 12 350 303 476
9 14 226 645 619
9 18 681 925 795
9 19 615 908 381
9 22 995 477 638
10 13 614 870 973
10 15 644 395 583
10 23 349 944 802
11 13 414 53 973
11 16 813 594 664
11 20 316 981 174
13 15 970 261 114
13 16 687 904 284
13 19 884 896 894
13 23 880 913 117
14 22 485 772 527
15 20 832 271 527
15 22 770 175 261
18 20 636 877 996
18 22 250 250 773
18 23 413 445 661
19 23 523 860 197
20 22 802 226 286
20 23 432 799 440
22 23 956 435 988
