24 3
0 1 434 490 220
0 3 685 449 275
0 4 763 384 330
0 7 842 944 432
0 17 99 90 86
0 18 693 444 451
0 23 688 82 869
1 4 596 828 416
1 5 312 633 469
1 6 850 138 565
1 15 376 178 682
1 17 52 377 618
1 19 924 415 51
2 3 93 434 495
2 10 542 663 457
2 14 832 95 404
2 17 890 351 114
3 4 348 956 67
3 5 475 815 83
3 11 612 556 77
3 15 539 316 425
3 20 825 806 110
3 21 638 374 741
4 5 744 794 957
4 9 387 663 327
4 11 765 813 334
4 20 916 398 485
4 23 675 471 841
5 10 475 966 826
6 16 781 652 440
6 20 914 189 281
6 21 183 564 389
6 23 825 461 715
7 9 882 909 946
7 12 449 363 627
7 14 711 198 686
7 16 408 70 460
7 18 910 112 533
7 19 627 869 918
8 17 749 205 860
8 19 177 171 677
9 17 579 600 724
9 22 582 321 372
10 13 734 169 419
10 14 179 108 417
10 15 438 97 547
11 12 387 520 58
11 15 900 298 537
11 18 529 524 950
11 21 299 383 496
11 22 189 571 522
11 23 819 758 684
12 14 850 148 731
12 17 462 946 195
13 15 168 481 65
13 17 286 234 772
13 18 619 383 568
13 19 721 257 211
13 20 971 916 982
13 21 104 560 724
15 22 445 501 272
15 23 610 144 639
16 18 119 936 385
16 22 133 206 188
17 23 307 700 859
21 22 843 820 713
22 23 124 305 221
