25 2
0 2 519 930
0 10 328 956
0 12 949 54
0 13 626 914
0 15 281 562
0 16 185 615
0 17 315 989
0 21 896 119
0 22 387 365
0 23 403 330
0 24 609 543
1 2 966 978
1 9 717 324
1 19 412 121
1 22 625 415
2 8 879 499
2 9 381 632
2 10 192 338
2 16 247 671
3 4 412 638
3 7 74 264
3 11 363 259
3 13 816 54
3 15 608 561
3 17 61 82
3 21 195 76
3 23 106 333
3 24 369 634
4 6 972 719
4 8 262 788
4 11 187 645
4 17 290 170
4 18 807 78
4 23 892 595
5 14 714 181
5 16 352 638
5 17 648 859
5 21 289 72
5 22 423 862
5 23 266 463
6 8 373 566
6 9 718 735
6 18 540 80
6 21 78 802
6 23 355 519
7 12 843 506
7 17 834 636
7 23 124 234
7 24 412 873
8 17 521 903
8 20 874 660
8 23 619 72
9 13 359 334
9 15 414 619
9 16 601 190
9 17 748 81
9 19 679 190
10 19 815 757
11 22 562 158
12 14 129 377
12 19 397 749
12 20 488 589
12 21 650 252
12 23 677 560
13 15 487 139
13 16 767 605
13 22 108 555
13 23 238 145
13 24 619 111
14 15 137 865
14 20 338 157
14 21 625 678
14 23 959 223
15 18 586 475
15 24 977 878
16 17 404 797
16 24 494 88
17 22 312 66
18 24 812 439
20 22 67 81
