25 3
0 5 974 250 776
0 10 331 182 686
0 12 927 947 909
0 14 945 770 518
0 17 632 275 554
0 24 917 754 230
1 4 67 94 763
1 10 400 834 719
1 16 500 157 531
1 21 690 726 251
1 22 753 596 934
2 3 741 173 455
2 11 237 234 785
2 15 696 574 329
2 16 776 324 733
2 18 865 674 369
2 24 664 813 175
3 6 877 577 383
3 7 94 344 818
3 9 546 492 132
3 13 168 697 537
3 17 656 734 423
3 18 479 488 677
4 15 392 528 450
4 16 819 315 143
4 19 265 941 662
4 20 563 802 365
4 22 274 655 811
4 24 716 651 228
5 8 226 811 447
5 13 498 755 972
5 16 235 957 106
5 21 726 588 993
6 12 690 336 131
6 17 747 775 291
6 23 468 572 104
7 14 584 938 760
7 18 184 617 934
7 19 768 475 434
7 22 596 626 95
7 23 308 122 894
8 9 537 917 123
8 14 422 90 907
8 20 749 856 494
9 12 449 664 384
9 14 901 241 773
9 15 517 846 918
9 21 467 226 909
10 15 961 720 567
10 21 560 218 865
11 16 872 531 171
11 17 66 404 389
11 18 69 327 219
11 20 190 470 63
11 23 583 907 680
12 16 885 606 118
12 20 872 58 207
13 15 834 348 816
13 20 301 809 335
13 23 220 201 847
13 24 839 571 923
14 17 109 713 456
14 19 956 662 142
14 23 467 418 273
15 17 933 884 797
16 19 61 229 284
16 23 500 689 636
18 22 615 314 292
19 21 392 613 655
