25 3
0 5 249 204 56
0 6 89 981 953
0 7 372 737 659
0 18 114 507 590
0 19 183 446 290
0 22 123 337 69
0 24 50 162 397
1 4 772 359 548
1 8 966 923 557
1 12 71 739 132
1 15 731 149 387
1 16 445 976 265
1 23 876 507 578
2 6 352 417 655
2 7 981 947 297
2 14 585 371 694
2 15 598 257 424
2 17 410 88 284
2 19 734 253 972
2 24 411 366 534
3 8 230 799 459
3 15 885 394 565
3 16 619 268 525
3 19 111 858 184
3 22 641 938 385
4 6 93 108 217
4 7 565 555 297
4 9 99 377 824
4 14 91 839 689
4 21 472 639 680
4 24 377 945 554
5 6 999 372 862
5 7 540 488 77
5 11 438 815 892
5 15 627 730 960
5 16 640 929 513
5 24 533 898 814
6 7 931 240 107
6 10 567 370 73
6 14 487 966 476
6 17 399 837 504
7 10 848 796 625
7 11 337 426 99
7 21 200 399 918
7 23 88 282 887
8 12 873 861 762
8 16 56 898 468
8 18 167 217 297
8 19 326 411 357
8 21 225 896 305
8 22 467 661 241
9 13 345 428 433
9 18 766 782 255
9 19 519 652 691
10 15 155 182 719
11 12 365 538 813
11 18 134 527 339
12 17 932 302 624
12 20 600 502 889
12 22 905 334 876
12 23 455 126 832
13 16 814 719 565
13 17 172 909 388
13 22 236 576 841
13 24 562 758 244
14 22 531 149 559
14 23 411 866 453
15 19 199 686 870
16 18 793 544 82
16 21 562 362 304
17 19 857 245 75
18 19 240 568 590
18 22 762 374 969
19 21 502 848 550
19 22 414 392 393
20 21 343 951 981
21 23 575 617 320
