25 3
0 4 641 243 629
0 5 54 512 406
0 12 531 277 744
0 13 947 748 992
0 15 218 470 219
0 16 69 720 208
0 19 572 989 857
0 20 210 930 859
1 11 63 692 870
1 16 156 503 688
1 20 919 317 508
2 4 253 417 923
2 7 649 708 650
2 12 837 913 314
2 15 144 206 234
2 16 173 658 145
3 4 909 604 811
3 5 577 590 153
3 8 677 870 456
3 11 924 268 584
3 21 53 122 773
4 5 232 359 282
4 6 845 170 76
4 9 440 396 922
4 22 552 244 813
4 24 962 267 486
5 6 961 54 466
5 10 582 958 153
5 11 408 643 726
5 12 372 66 844
5 19 319 171 764
5 20 250 422 173
5 21 141 636 218
5 22 569 745 766
5 24 331 399 58
6 12 836 886 856
6 17 265 54 446
6 22 230 704 740
6 23 543 726 765
7 11 414 998 67
7 13 173 591 205
7 16 153 917 858
7 24 645 328 229
8 13 773 158 368
8 20 647 173 816
8 24 214 760 378
9 10 673 55 182
9 11 972 945 714
9 12 484 428 878
9 13 753 349 463
9 18 334 213 821
9 19 111 446 519
10 14 932 491 353
10 18 948 751 693
10 22 778 764 692
11 12 415 117 372
11 14 690 729 763
11 22 498 643 72
12 14 457 217 621
12 15 498 86 957
12 17 320 565 529
12 19 239 867 135
13 17 348 256 547
13 19 143 392 962
14 15 327 863 859
14 19 556 422 655
14 21 368 346 546
15 19 464 688 373
15 24 509 406 611
16 17 957 847 315
17 19 402 453 602
19 20 208 851 625
19 23 648 545 860
19 24 240 320 181
21 22 560 755 321
21 23 317 419 589
22 23 79 376 853
23 24 377 316 473
