25 4
0 3 151 580 586 837
0 8 292 163 224 828
0 17 92 653 51 458
0 21 325 423 221 482
0 22 946 708 434 925
1 7 874 548 122 852
1 12 155 135 781 245
1 15 602 946 953 568
2 4 660 78 59 546
2 9 478 741 926 946
2 10 253 550 717 177
2 12 916 718 324 377
2 13 842 691 397 350
2 14 666 400 374 274
2 22 882 283 108 146
3 4 392 393 61 804
3 8 335 204 882 781
4 7 892 606 465 524
4 8 571 872 822 460
4 10 639 177 962 489
4 11 515 709 926 932
4 19 553 485 331 842
4 21 563 588 92 774
5 8 501 866 941 814
5 10 290 581 915 85
5 17 844 588 966 280
5 21 446 268 764 855
6 7 638 775 79 842
6 12 215 411 886 623
6 19 78 620 920 479
6 20 156 788 686 416
6 21 79 600 50 755
6 23 456 457 568 472
6 24 970 215 445 535
7 14 456 80 831 250
7 15 868 965 506 497
7 22 161 717 310 73
8 14 883 824 362 180
8 17 57 378 227 222
8 19 873 945 63 295
9 16 512 294 367 372
9 21 591 695 489 334
9 22 400 104 78 534
10 16 897 735 379 121
10 17 983 413 366 266
11 13 363 489 605 633
11 14 596 470 57 424
11 20 621 223 246 748
11 21 138 861 450 193
11 22 545 143 989 157
11 24 492 124 57 64
12 14 567 601 831 774
12 16 630 226 968 417
12 18 154 163 602 111
12 23 898 135 757 150
13 17 327 291 820 711
14 16 236 81 625 79
14 22 799 306 911 616
14 23 384 162 534 567
16 19 732 923 198 286
16 22 378 885 388 624
17 23 623 437 820 538
18 19 486 78 828 355
19 22 158 260 405 401
19 23 790 686 259 408
21 22 853 862 288 743
