25 4
0 5 359 949 244 210
0 9 904 940 895 896
0 17 422 325 268 501
0 18 750 813 528 362
0 23 911 186 583 588
1 2 731 647 183 923
1 5 466 387 815 434
1 6 725 88 983 573
1 8 669 349 975 807
1 9 563 917 542 505
1 10 775 115 761 60
1 14 254 512 466 156
1 22 466 761 548 259
2 6 886 730 342 366
2 13 769 525 236 769
2 14 594 907 349 711
2 18 339 555 668 914
2 19 653 333 725 129
2 21 895 795 813 465
3 4 921 803 570 647
3 5 374 591 751 781
3 6 743 890 289 610
3 9 316 534 132 189
3 13 953 73 369 92
3 22 723 544 486 373
3 23 806 484 475 173
4 11 520 131 183 806
4 14 173 271 587 372
4 15 485 101 143 681
4 21 281 430 554 328
5 6 165 884 933 994
5 7 612 684 658 968
5 10 784 385 122 821
5 11 413 320 764 233
5 12 848 233 68 333
5 15 205 908 85 869
5 16 690 538 239 647
5 19 390 715 832 164
5 20 481 576 391 631
5 22 61 230 635 63
5 23 126 361 158 783
6 10 214 751 519 932
6 13 80 317 915 922
6 18 779 945 133 510
7 8 857 891 747 477
7 10 546 387 840 523
7 14 299 925 347 406
7 16 566 182 110 863
8 16 997 271 298 903
8 17 422 621 667 391
8 21 754 212 864 439
9 11 426 401 553 189
9 15 707 93 928 898
9 17 984 246 338 616
9 19 648 754 831 333
9 20 514 147 510 312
9 23 790 140 618 814
10 12 261 217 766 858
10 15 791 103 504 802
10 20 139 254 506 489
10 21 239 520 408 160
11 15 507 848 488 753
11 18 239 955 631 722
11 19 169 204 604 391
12 16 251 501 469 313
12 17 324 713 597 217
12 19 799 987 438 678
12 21 928 999 885 906
12 23 479 951 526 642
12 24 534 710 289 585
13 14 189 433 690 133
13 16 666 610 470 399
13 20 91 365 765 215
13 21 144 721 853 301
13 22 382 577 459 462
14 21 452 424 397 355
14 23 511 473 698 123
15 16 934 229 511 993
15 20 560 495 112 688
15 21 696 132 877 467
15 23 747 441 509 892
15 24 374 706 371 867
16 17 81 425 633 132
16 18 336 852 423 746
16 20 520 81 471 816
18 19 965 832 675 341
19 20 636 537 341 246
19 21 703 510 323 878
19 22 154 82 88 941
