8 4
0 1 842 135 523 240
0 2 825 423 265 544
0 3 174 894 912 385
0 4 345 399 389 641
0 5 875 979 805 430
0 6 236 54 634 378
0 7 823 791 83 293
1 2 999 537 936 131
1 3 538 205 950 957
1 4 981 57 338 198
1 5 92 747 981 283
1 6 965 660 608 137
1 7 904 744 265 987
2 3 776 469 216 66
2 4 333 674 511 225
2 5 90 54 696 523
2 6 218 206 317 625
2 7 924 213 776 755
3 4 128 98 840 890
3 5 226 538 257 978
3 6 752 272 665 582
3 7 592 989 618 720
4 5 864 514 155 435
4 6 480 831 246 210
4 7 355 705 686 404
5 6 681 354 59 955
5 7 860 413 277 790
6 7 391 744 243 416
