8 4
0 1 609 794 267 191
0 2 348 442 207 612
0 3 317 180 746 196
0 4 403 498 976 243
0 5 499 501 456 261
0 6 786 883 57 967
0 7 272 729 530 869
1 2 78 239 489 174
1 3 891 153 822 252
1 4 480 413 330 800
1 5 394 259 703 562
1 6 102 477 249 568
1 7 809 598 610 427
2 3 172 437 104 702
2 4 265 418 124 654
2 5 569 109 689 410
2 6 558 60 286 169
2 7 692 529 955 922
3 4 895 166 588 518
3 5 700 935 673 742
3 6 778 567 590 102
3 7 248 242 561 942
4 5 179 773 301 296
4 6 917 157 113 55
4 7 915 681 405 879
5 6 67 109 428 533
5 7 106 898 553 205
6 7 520 621 398 459
