8 4
0 1 224 633 103 141
0 2 394 344 316 840
0 3 177 639 811 323
0 4 566 180 394 817
0 5 699 212 891 101
0 6 191 912 313 356
0 7 961 483 483 530
1 2 54 487 477 185
1 3 793 811 138 889
1 4 96 856 611 58
1 5 330 841 218 78
1 6 925 999 408 273
1 7 757 640 874 322
2 3 528 204 567 249
2 4 983 325 107 849
2 5 254 147 709 245
2 6 224 444 990 965
2 7 133 160 605 784
3 4 241 390 947 659
3 5 719 761 431 989
3 6 522 368 927 384
3 7 462 57 525 318
4 5 55 777 83 832
4 6 52 277 435 771
4 7 389 946 171 334
5 6 714 79 572 591
5 7 658 932 792 343
6 7 209 217 445 559
