8 4
0 1 108 780 679 700
0 2 597 952 461 162
0 3 457 872 50 93
0 4 549 345 645 441
0 5 362 663 89 588
0 6 607 664 446 779
0 7 359 468 497 516
1 2 268 136 130 605
1 3 369 246 939 916
1 4 977 227 934 899
1 5 230 341 676 116
1 6 765 729 893 479
1 7 857 411 300 874
2 3 411 159 800 146
2 4 188 323 498 419
2 5 73 571 209 180
2 6 374 418 665 698
2 7 548 722 476 702
3 4 975 176 226 560
3 5 104 942 832 88
3 6 821 881 128 744
3 7 711 104 487 472
4 5 132 456 525 578
4 6 477 705 816 257
4 7 91 890 804 198
5 6 91 681 821 532
5 7 173 585 256 626
6 7 868 333 966 882
