8 4
0 1 996 311 180 195
0 2 859 248 630 743
0 3 534 474 641 793
0 4 55 640 965 281
0 5 141 562 192 849
0 6 581 533 866 673
0 7 608 144 562 927
1 2 170 271 81 307
1 3 662 524 974 426
1 4 144 326 656 241
1 5 878 789 162 686
1 6 277 955 620 630
1 7 262 311 434 663
2 3 297 340 61 172
2 4 667 818 379 305
2 5 151 996 489 354
2 6 515 781 86 647
2 7 89 776 102 768
3 4 90 300 839 101
3 5 492 121 854 811
3 6 874 67 224 525
3 7 158 251 683 427
4 5 950 844 840 724
4 6 224 211 732 699
4 7 486 160 909 681
5 6 949 447 243 299
5 7 765 870 473 75
6 7 455 778 854 808
