8 4
0 1 827 63 301 77
0 2 352 994 869 779
0 3 219 804 506 445
0 4 494 840 257 657
0 5 262 98 474 646
0 6 513 492 749 628
0 7 682 580 828 263
1 2 389 66 711 844
1 3 345 625 236 267
1 4 131 628 562 354
1 5 512 510 374 968
1 6 650 551 580 840
1 7 601 861 816 265
2 3 900 578 889 653
2 4 840 277 729 231
2 5 532 946 267 901
2 6 823 156 962 627
2 7 88 635 307 197
3 4 577 470 325 606
3 5 517 966 781 114
3 6 396 659 935 659
3 7 615 249 813 596
4 5 516 507 849 802
4 6 602 95 686 709
4 7 211 239 942 464
5 6 593 358 225 305
5 7 578 431 171 939
6 7 293 650 142 668
