8 4
0 1 417 440 546 835
0 2 264 378 122 88
0 3 831 742 386 873
0 4 722 898 505 994
0 5 405 621 996 715
0 6 723 858 858 392
0 7 733 481 360 841
1 2 474 491 439 996
1 3 620 425 674 492
1 4 653 429 948 848
1 5 396 285 955 445
1 6 355 701 757 771
1 7 360 173 727 559
2 3 840 994 485 622
2 4 266 883 495 146
2 5 159 972 302 656
2 6 768 379 365 239
2 7 632 927 50 150
3 4 561 754 721 216
3 5 448 918 840 496
3 6 296 137 825 256
3 7 364 443 838 845
4 5 161 364 139 331
4 6 74 724 836 825
4 7 808 111 754 959
5 6 366 952 375 438
5 7 439 784 565 366
6 7 700 87 903 629
