8 4
0 1 575 154 816 352
0 2 708 304 184 769
0 3 292 753 241 464
0 4 138 878 770 457
0 5 939 430 746 832
0 6 830 659 632 837
0 7 622 278 526 433
1 2 620 703 477 506
1 3 429 652 825 326
1 4 959 510 366 722
1 5 193 52 909 296
1 6 186 734 813 565
1 7 639 675 806 393
2 3 133 153 394 93
2 4 519 566 127 411
2 5 550 97 777 420
2 6 558 452 632 823
2 7 546 400 736 498
3 4 280 781 365 363
3 5 407 571 539 689
3 6 842 434 312 193
3 7 58 549 636 538
4 5 447 51 320 830
4 6 879 976 726 501
4 7 554 51 558 444
5 6 123 561 632 481
5 7 840 287 837 969
6 7 68 936 512 648
