8 4
0 1 65 325 509 108
0 2 549 602 792 958
0 3 106 393 945 660
0 4 302 707 385 943
0 5 420 383 163 416
0 6 495 77 755 696
0 7 823 994 537 376
1 2 113 418 804 842
1 3 642 610 981 684
1 4 865 124 883 321
1 5 469 307 864 225
1 6 860 700 968 724
1 7 163 796 194 523
2 3 738 102 685 824
2 4 646 541 699 577
2 5 462 452 780 149
2 6 543 629 766 981
2 7 806 322 655 654
3 4 910 413 429 934
3 5 420 782 953 253
3 6 235 381 362 889
3 7 742 209 153 379
4 5 963 295 106 150
4 6 241 332 601 112
4 7 778 204 610 733
5 6 134 543 236 520
5 7 691 972 130 362
6 7 731 188 655 639
