9 3
0 1 904 98 509
0 2 718 74 795
0 3 439 707 264
0 4 676 922 468
0 5 548 688 169
0 6 336 698 420
0 7 132 85 601
0 8 446 293 939
1 2 621 888 645
1 3 57 559 582
1 4 155 521 448
1 5 317 738 162
1 6 182 474 470
1 7 987 733 559
1 8 616 589 297
2 3 486 563 82
2 4 389 219 152
2 5 263 679 486
2 6 139 768 293
2 7 530 248 979
2 8 440 425 336
3 4 477 514 388
3 5 997 416 467
3 6 136 483 489
3 7 288 494 54
3 8 359 986 244
4 5 988 503 951
4 6 987 282 525
4 7 440 373 62
4 8 130 288 147
5 6 771 271 808
5 7 740 810 645
5 8 619 685 748
6 7 739 160 775
6 8 928 899 530
7 8 780 986 541
