9 3
0 1 757 368 365
0 2 293 383 982
0 3 765 705 219
0 4 328 129 350
0 5 615 980 57
0 6 805 261 155
0 7 306 516 535
0 8 924 634 662
1 2 697 675 276
1 3 971 486 772
1 4 399 955 896
1 5 601 264 569
1 6 792 437 277
1 7 772 274 352
1 8 207 714 732
2 3 417 412 660
2 4 403 354 546
2 5 828 711 207
2 6 78 950 778
2 7 615 466 431
2 8 655 666 374
3 4 412 465 409
3 5 639 295 648
3 6 61 68 150
3 7 461 450 367
3 8 422 728 407
4 5 878 317 386
4 6 667 95 888
4 7 483 818 138
4 8 207 757 699
5 6 720 146 609
5 7 496 306 495
5 8 812 152 413
6 7 578 291 967
6 8 739 128 311
7 8 789 946 51
