9 3
0 1 262 464 688
0 2 821 967 608
0 3 139 677 197
0 4 836 958 106
0 5 56 900 726
0 6 930 755 109
0 7 836 536 859
0 8 466 439 614
1 2 503 584 709
1 3 390 704 610
1 4 465 847 171
1 5 525 826 780
1 6 361 208 906
1 7 506 329 109
1 8 303 940 392
2 3 114 564 779
2 4 642 82 346
2 5 948 153 819
2 6 345 905 683
2 7 856 188 883
2 8 384 361 969
3 4 921 65 982
3 5 209 390 649
3 6 259 139 995
3 7 787 206 555
3 8 825 511 165
4 5 222 698 881
4 6 896 937 932
4 7 253 186 148
4 8 846 399 425
5 6 266 197 825
5 7 411 237 840
5 8 351 165 805
6 7 596 499 116
6 8 375 744 683
7 8 383 904 974
