9 3
0 1 600 133 840
0 2 225 510 287
0 3 957 672 403
0 4 701 105 283
0 5 451 167 210
0 6 430 319 139
0 7 768 407 434
0 8 417 256 747
1 2 90 744 321
1 3 675 724 440
1 4 348 179 320
1 5 787 944 607
1 6 262 648 362
1 7 771 417 340
1 8 222 603 832
2 3 103 751 213
2 4 492 168 103
2 5 799 956 241
2 6 661 722 108
2 7 451 354 951
2 8 336 718 298
3 4 477 850 657
3 5 776 423 276
3 6 165 274 104
3 7 362 473 958
3 8 610 184 863
4 5 729 235 486
4 6 751 60 878
4 7 692 513 736
4 8 877 251 187
5 6 810 545 239
5 7 576 760 887
5 8 139 711 929
6 7 123 126 901
6 8 747 788 424
7 8 414 848 861
