9 3
0 1 863 980 764
0 2 541 355 773
0 3 603 949 379
0 4 216 274 935
0 5 330 561 379
0 6 113 507 89
0 7 513 164 725
0 8 979 216 474
1 2 440 360 294
1 3 909 542 717
1 4 724 201 849
1 5 572 82 346
1 6 257 108 697
1 7 380 197 104
1 8 333 74 656
2 3 209 618 684
2 4 449 549 145
2 5 727 383 862
2 6 344 806 475
2 7 153 961 825
2 8 109 997 548
3 4 906 695 766
3 5 118 332 561
3 6 806 220 230
3 7 192 728 382
3 8 661 204 94
4 5 188 808 73
4 6 412 655 544
4 7 340 830 701
4 8 799 647 262
5 6 269 965 953
5 7 749 595 650
5 8 145 346 320
6 7 400 744 530
6 8 85 789 753
7 8 888 720 486
