9 3
0 1 449 231 468
0 2 316 829 629
0 3 137 248 240
0 4 641 807 606
0 5 957 942 883
0 6 676 741 733
0 7 252 316 205
0 8 318 77 479
1 2 816 796 817
1 3 828 716 786
1 4 131 672 342
1 5 535 487 483
1 6 281 918 380
1 7 654 177 567
1 8 959 446 241
2 3 653 145 189
2 4 991 671 73
2 5 171 988 980
2 6 58 82 897
2 7 381 660 688
2 8 405 784 760
3 4 486 172 69
3 5 670 296 291
3 6 513 933 355
3 7 477 230 436
3 8 483 369 404
4 5 706 799 509
4 6 271 899 462
4 7 953 974 599
4 8 352 648 546
5 6 50 522 797
5 7 619 99 347
5 8 419 682 363
6 7 769 154 768
6 8 913 258 444
7 8 696 457 778
