9 3
0 1 964 243 99
0 2 319 380 332
0 3 762 733 308
0 4 917 358 531
0 5 451 94 772
0 6 991 206 553
0 7 225 794 212
0 8 649 274 615
1 2 885 378 943
1 3 643 454 301
1 4 450 340 691
1 5 855 467 965
1 6 169 541 59
1 7 117 968 820
1 8 909 518 280
2 3 502 198 93
2 4 148 244 73
2 5 308 533 556
2 6 50 573 894
2 7 660 361 569
2 8 545 130 422
3 4 850 202 153
3 5 631 89 752
3 6 652 542 89
3 7 420 912 384
3 8 398 949 493
4 5 237 317 108
4 6 620 508 534
4 7 643 795 865
4 8 307 943 281
5 6 584 577 494
5 7 602 279 884
5 8 187 547 644
6 7 943 801 268
6 8 204 382 864
7 8 278 217 369
