9 3
0 1 728 683 430
0 2 765 738 296
0 3 93 405 801
0 4 609 664 355
0 5 791 469 490
0 6 739 552 459
0 7 745 311 277
0 8 532 953 160
1 2 322 249 874
1 3 616 220 763
1 4 891 597 799
1 5 891 382 61
1 6 798 915 251
1 7 414 391 362
1 8 791 847 576
2 3 958 178 455
2 4 720 144 230
2 5 966 192 169
2 6 478 130 805
2 7 911 415 851
2 8 301 899 273
3 4 676 765 942
3 5 188 977 734
3 6 219 186 627
3 7 490 481 999
3 8 248 956 657
4 5 519 954 69
4 6 759 883 641
4 7 832 79 601
4 8 79 759 120
5 6 127 448 522
5 7 987 704 65
5 8 213 156 248
6 7 112 130 185
6 8 281 688 753
7 8 428 436 548
