9 3
0 1 740 976 66
0 2 258 960 709
0 3 564 928 88
0 4 582 461 688
0 5 546 845 194
0 6 991 102 953
0 7 194 525 254
0 8 499 554 938
1 2 312 192 651
1 3 140 204 664
1 4 347 833 825
1 5 301 829 696
1 6 371 793 58
1 7 530 403 645
1 8 618 196 133
2 3 360 747 960
2 4 382 607 466
2 5 420 566 581
2 6 785 823 574
2 7 394 353 790
2 8 763 873 575
3 4 702 882 726
3 5 683 422 862
3 6 50 999 112
3 7 206 123 588
3 8 992 107 107
4 5 469 741 254
4 6 704 918 959
4 7 900 432 917
4 8 484 575 170
5 6 192 452 614
5 7 53 92 238
5 8 149 747 549
6 7 532 871 372
6 8 768 700 404
7 8 549 60 59
