9 3
0 1 807 767 116
0 2 665 224 481
0 3 907 654 167
0 4 311 768 534
0 5 815 501 220
0 6 477 962 566
0 7 923 749 712
0 8 79 186 221
1 2 301 125 539
1 3 398 489 373
1 4 733 717 417
1 5 67 500 911
1 6 953 633 765
1 7 748 393 259
1 8 273 625 912
2 3 986 262 259
2 4 326 164 300
2 5 168 998 470
2 6 554 753 878
2 7 636 89 554
2 8 240 504 374
3 4 910 843 489
3 5 424 963 223
3 6 814 311 439
3 7 440 773 706
3 8 99 940 793
4 5 348 957 276
4 6 126 178 809
4 7 547 177 772
4 8 93 985 903
5 6 846 339 244
5 7 774 789 579
5 8 692 692 554
6 7 598 797 870
6 8 776 535 179
7 8 116 922 781
