9 3
0 1 249 437 120
0 2 295 512 258
0 3 434 616 720
0 4 543 166 497
0 5 723 906 273
0 6 274 706 241
0 7 279 874 347
0 8 822 273 809
1 2 65 297 93
1 3 605 767 753
1 4 983 525 348
1 5 715 954 966
1 6 214 179 269
1 7 975 842 659
1 8 550 537 417
2 3 555 619 264
2 4 382 501 394
2 5 174 714 151
2 6 96 74 223
2 7 312 918 510
2 8 667 954 737
3 4 880 946 942
3 5 897 417 435
3 6 187 237 651
3 7 106 148 532
3 8 491 154 784
4 5 372 216 833
4 6 314 847 409
4 7 128 348 616
4 8 583 433 827
5 6 653 625 533
5 7 512 321 273
5 8 343 857 766
6 7 880 167 51
6 8 158 791 65
7 8 606 611 987
