9 3
0 1 138 904 640
0 2 756 571 865
0 3 178 89 95
0 4 621 966 698
0 5 256 155 150
0 6 552 93 503
0 7 999 933 598
0 8 405 946 426
1 2 672 400 576
1 3 188 954 181
1 4 528 107 560
1 5 269 630 265
1 6 335 891 421
1 7 373 991 158
1 8 953 669 187
2 3 678 531 78
2 4 331 128 961
2 5 809 649 437
2 6 466 112 399
2 7 696 515 724
2 8 989 546 912
3 4 209 248 503
3 5 284 136 90
3 6 983 746 375
3 7 436 409 726
3 8 737 556 711
4 5 453 624 591
4 6 231 689 610
4 7 619 658 106
4 8 60 941 226
5 6 915 200 427
5 7 725 160 761
5 8 334 385 366
6 7 690 937 210
6 8 972 266 152
7 8 921 612 179
