9 3
0 1 310 74 702
0 2 725 557 90
0 3 178 439 185
0 4 942 443 234
0 5 601 488 524
0 6 235 751 743
0 7 629 114 248
0 8 173 943 420
1 2 866 81 61
1 3 591 428 114
1 4 412 61 316
1 5 605 889 152
1 6 582 875 512
1 7 485 250 934
1 8 408 456 185
2 3 248 50 219
2 4 940 688 109
2 5 992 254 826
2 6 670 488 283
2 7 395 786 701
2 8 296 207 813
3 4 700 976 535
3 5 625 581 935
3 6 166 193 250
3 7 319 280 90
3 8 352 718 927
4 5 389 620 522
4 6 667 805 799
4 7 680 847 630
4 8 508 395 977
5 6 273 207 761
5 7 118 339 524
5 8 731 678 544
6 7 464 828 994
6 8 219 687 420
7 8 233 353 159
