9 4
0 2 326 218 639 432
0 3 851 415 552 732
0 4 659 219 367 436
0 7 74 288 618 648
0 8 855 777 961 241
1 2 802 866 753 788
1 3 851 834 838 288
1 4 713 405 921 665
1 6 391 458 189 992
1 7 517 661 379 704
1 8 315 322 579 846
2 3 974 479 491 868
2 4 955 442 168 305
2 6 473 525 860 449
2 7 181 793 231 809
2 8 198 435 293 377
3 4 567 198 613 996
3 5 938 942 463 847
3 7 61 822 887 945
3 8 242 425 88 647
4 5 704 244 659 89
4 6 946 807 772 919
4 7 459 959 638 804
5 6 205 847 277 877
5 7 67 410 168 656
5 8 516 232 653 299
6 7 579 714 604 123
6 8 563 587 102 568
