9 4
0 1 863 844 384 676
0 2 213 435 406 671
0 3 538 900 476 87
0 4 629 438 676 934
0 5 675 94 317 96
0 6 937 763 404 429
0 7 983 262 423 365
0 8 162 805 207 59
1 2 751 493 354 117
1 3 713 367 738 483
1 4 517 924 326 388
1 5 126 446 952 878
1 6 902 219 886 59
1 7 236 570 62 384
1 8 667 101 336 111
2 3 851 941 162 363
2 4 124 369 60 617
2 5 86 770 468 615
2 6 995 425 802 515
2 7 893 959 198 135
2 8 991 358 157 483
3 4 346 362 616 336
3 5 109 542 758 762
3 6 693 735 490 519
3 7 635 90 587 860
3 8 193 611 668 283
4 5 792 550 275 799
4 6 191 129 578 626
4 7 610 157 231 340
4 8 88 865 220 140
5 6 236 446 727 313
5 7 109 522 680 475
5 8 484 689 724 154
6 7 743 871 958 530
6 8 519 326 461 956
7 8 474 666 174 833
