9 4
0 1 317 514 758 601
0 2 476 589 443 769
0 3 181 248 808 704
0 4 607 640 962 744
0 5 301 460 353 910
0 6 826 136 921 596
0 7 290 927 798 58
0 8 885 112 491 602
1 2 816 227 786 855
1 3 471 978 296 922
1 4 99 305 442 691
1 5 142 974 847 302
1 6 556 204 343 690
1 7 63 657 589 235
1 8 690 70 802 90
2 3 739 312 462 733
2 4 725 231 595 549
2 5 650 284 920 321
2 6 334 624 347 773
2 7 629 324 564 285
2 8 938 985 851 63
3 4 579 577 482 723
3 5 733 257 952 731
3 6 753 427 261 877
3 7 991 137 666 152
3 8 270 187 310 164
4 5 325 538 184 176
4 6 283 572 689 201
4 7 403 931 775 585
4 8 938 833 587 532
5 6 452 251 754 598
5 7 658 638 562 943
5 8 294 267 591 739
6 7 479 284 602 996
6 8 827 858 742 219
7 8 509 422 824 865
