9 4
0 1 784 411 841 159
0 2 924 304 117 248
0 3 128 310 145 576
0 4 108 485 785 768
0 5 611 422 441 584
0 6 876 595 136 669
0 7 906 174 223 694
0 8 559 172 234 422
1 2 453 114 871 145
1 3 697 131 84 311
1 4 850 629 296 326
1 5 520 584 292 124
1 6 244 954 98 976
1 7 223 815 617 53
1 8 943 634 959 868
2 3 223 197 343 587
2 4 543 835 708 982
2 5 363 188 630 585
2 6 995 768 205 951
2 7 855 753 630 846
2 8 547 439 666 315
3 4 706 291 614 260
3 5 133 617 578 916
3 6 90 429 160 983
3 7 267 59 160 102
3 8 74 298 424 641
4 5 272 463 268 710
4 6 109 967 311 344
4 7 778 375 240 706
4 8 224 468 943 878
5 6 134 332 136 217
5 7 877 122 808 205
5 8 850 892 913 473
6 7 400 228 88 902
6 8 875 301 685 875
7 8 162 744 525 616
