9 4
0 1 570 151 792 151
0 2 451 921 456 867
0 3 430 781 691 327
0 4 472 809 252 514
0 5 399 124 58 281
0 6 985 64 408 679
0 7 853 696 298 279
0 8 328 180 54 971
1 2 674 257 132 110
1 3 813 339 886 976
1 4 225 762 906 540
1 5 797 498 836 928
1 6 721 147 529 600
1 7 755 349 192 627
1 8 151 934 866 130
2 3 217 729 663 492
2 4 809 902 793 619
2 5 598 193 870 968
2 6 561 379 703 937
2 7 511 918 926 320
2 8 84 841 259 463
3 4 607 674 505 364
3 5 943 242 440 971
3 6 187 670 553 374
3 7 688 535 81 405
3 8 782 450 568 309
4 5 213 295 744 558
4 6 333 999 268 885
4 7 752 492 73 626
4 8 856 514 134 395
5 6 781 107 955 604
5 7 223 392 79 791
5 8 806 721 77 703
6 7 676 105 331 706
6 8 774 344 848 80
7 8 174 555 448 441
