9 4
0 1 334 778 249 397
0 2 515 367 944 94
0 3 882 544 924 560
0 4 64 84 447 697
0 5 388 157 161 920
0 6 864 676 304 911
0 7 245 429 834 307
0 8 969 306 894 108
1 2 617 233 461 566
1 3 442 772 68 562
1 4 135 233 817 331
1 5 843 539 625 78
1 6 632 950 159 149
1 7 55 994 102 384
1 8 712 146 979 969
2 3 458 184 933 206
2 4 989 691 250 50
2 5 53 71 197 67
2 6 666 798 658 92
2 7 83 423 862 733
2 8 617 984 727 790
3 4 159 770 451 447
3 5 135 99 183 405
3 6 406 512 347 615
3 7 351 687 489 260
3 8 728 404 637 522
4 5 686 699 354 179
4 6 628 377 769 426
4 7 735 273 636 438
4 8 381 988 670 505
5 6 832 755 273 740
5 7 578 492 321 503
5 8 502 766 612 784
6 7 678 434 204 902
6 8 258 839 169 400
7 8 196 378 340 911
