9 4
0 1 986 755 552 979
0 2 407 51 877 220
0 3 535 997 107 938
0 4 651 741 885 199
0 5 127 125 933 736
0 6 568 997 537 733
0 7 804 477 330 430
0 8 134 501 644 980
1 2 254 698 786 597
1 3 391 920 308 550
1 4 909 849 273 466
1 5 67 931 850 612
1 6 535 391 713 318
1 7 257 168 113 789
1 8 280 393 552 404
2 3 723 442 831 530
2 4 150 779 430 248
2 5 835 915 168 910
2 6 314 259 740 241
2 7 778 271 576 253
2 8 980 603 555 272
3 4 658 724 730 405
3 5 508 466 746 101
3 6 406 57 124 362
3 7 859 893 669 749
3 8 442 484 913 632
4 5 250 848 878 549
4 6 881 457 107 850
4 7 552 341 591 352
4 8 986 395 269 196
5 6 562 611 969 424
5 7 99 783 434 265
5 8 867 123 242 427
6 7 740 269 132 521
6 8 891 673 765 564
7 8 943 811 545 168
