23 4
0 2 251 246 667 387
0 4 89 225 996 542
0 7 182 523 55 282
0 10 568 286 977 391
0 12 655 942 50 870
0 20 844 122 981 509
1 2 138 171 189 816
1 6 731 580 461 865
1 7 742 134 144 938
1 8 219 583 940 824
1 13 646 94 928 547
1 14 505 878 129 486
1 15 500 741 139 841
2 3 567 663 121 631
2 6 740 459 400 303
2 9 559 634 268 665
2 13 194 348 88 69
2 15 314 760 231 209
2 22 505 358 777 731
3 6 488 454 719 569
3 7 843 735 645 630
3 10 98 455 403 664
3 13 425 306 774 341
3 15 749 85 975 470
3 18 823 728 173 316
4 8 458 735 274 118
4 14 808 455 99 973
4 16 55 680 536 793
4 18 444 869 320 774
5 7 210 766 263 61
5 9 178 762 880 238
5 11 186 332 58 488
5 15 167 543 488 446
5 19 501 474 239 576
5 20 298 573 460 973
5 21 570 342 512 139
6 10 286 623 243 89
6 13 181 975 484 257
6 14 852 383 166 810
6 16 622 362 750 429
6 17 593 247 948 913
6 18 625 547 953 793
7 8 70 222 642 671
7 11 918 324 116 378
7 13 600 970 936 572
7 19 985 427 770 73
8 9 84 611 933 726
8 15 301 632 856 205
8 17 723 309 623 714
8 18 57 353 498 309
8 19 976 546 111 773
9 11 79 980 174 155
9 21 567 51 737 367
10 15 403 484 247 549
10 20 260 56 659 479
11 12 782 370 921 64
11 13 440 523 670 221
11 15 434 513 291 223
11 18 593 961 270 964
11 21 726 312 810 217
12 20 441 238 157 727
13 14 926 321 735 801
13 15 707 272 397 488
13 17 933 97 409 239
13 19 937 292 931 360
14 22 523 600 517 659
15 18 719 426 277 277
16 17 600 515 637 955
16 18 726 531 622 648
17 18 533 473 894 479
17 20 218 137 712 494
18 22 98 717 778 397
19 21 404 329 401 392
20 21 166 725 123 242
