23 4
0 1 112 867 271 567
0 3 102 553 67 375
0 5 448 872 947 689
0 10 622 683 654 357
0 15 552 283 923 520
1 6 873 90 620 798
1 8 468 280 591 602
1 13 547 340 371 582
1 15 441 948 201 243
1 21 311 680 55 481
2 3 605 764 905 976
2 7 266 691 613 622
2 11 170 550 564 141
2 14 799 309 911 65
2 15 488 542 554 364
2 19 785 435 644 354
2 21 110 744 993 805
2 22 116 408 336 888
3 4 335 214 443 925
3 15 903 356 664 259
4 6 433 769 54 463
4 11 686 553 89 106
4 13 415 496 393 608
4 17 114 625 443 186
4 18 86 563 423 597
4 21 760 973 64 255
5 16 645 904 325 199
5 18 895 347 874 162
6 9 724 223 453 768
6 11 882 400 390 706
6 14 811 319 659 309
6 15 295 193 376 608
6 19 244 449 978 505
7 10 326 566 219 881
7 13 84 363 744 361
7 14 545 657 407 100
7 18 676 86 240 936
7 21 903 436 277 96
8 9 489 958 629 726
8 10 905 638 711 893
8 12 757 95 851 450
8 16 401 467 835 781
8 17 377 91 999 292
9 10 793 769 937 184
9 12 622 963 945 982
9 13 235 536 598 310
9 16 195 584 449 600
9 22 846 268 957 919
11 12 691 920 552 158
11 20 190 172 698 469
12 14 805 73 601 374
12 17 720 577 200 511
12 19 839 933 155 882
13 16 665 341 852 872
13 21 943 448 724 310
15 22 726 307 291 237
17 22 509 708 872 470
19 22 62 908 351 796
21 22 417 673 903 351
