22 4
0 1 527 533 514 95
0 5 960 440 289 89
0 7 669 607 284 390
0 14 736 252 751 927
0 15 864 785 316 168
0 21 407 216 793 851
1 2 709 257 730 204
1 5 392 928 989 762
1 9 343 477 539 689
1 16 628 201 796 188
2 8 200 412 58 747
2 12 65 754 242 882
2 14 976 81 223 53
2 15 829 713 974 730
2 19 834 428 700 141
3 4 377 94 727 352
3 10 87 285 67 788
3 16 426 236 759 905
3 18 490 873 409 421
4 11 268 978 765 925
4 21 796 463 444 579
5 6 964 406 86 453
5 10 197 427 110 398
6 8 341 493 834 257
6 10 393 675 213 892
6 13 530 633 639 91
6 14 660 940 953 456
6 15 172 486 712 999
6 17 110 795 118 991
6 18 899 447 336 730
6 21 69 602 894 672
7 18 376 92 975 976
7 20 297 387 316 274
8 11 983 600 778 647
8 19 375 133 578 182
8 20 676 727 810 323
8 21 568 605 814 268
9 10 125 117 930 969
9 14 144 982 612 751
10 11 111 59 173 84
10 13 159 887 991 634
10 17 799 122 79 114
11 14 803 987 344 364
13 15 204 817 215 476
13 18 307 663 264 775
13 19 972 932 149 570
14 19 637 662 684 294
14 20 656 192 140 633
15 17 532 598 603 675
15 20 341 894 978 722
17 21 534 684 410 953
18 19 652 745 844 908
19 20 862 992 260 300
19 21 72 900 187 301
