23 2
0 10 829 173
0 13 240 444
0 17 966 204
0 22 318 267
1 2 601 242
1 4 286 795
1 6 473 741
1 8 453 195
1 10 535 223
1 11 476 64
1 14 698 877
1 15 409 402
2 4 89 585
2 16 699 455
3 7 978 469
3 8 658 584
3 13 635 85
3 14 441 297
3 17 353 975
3 22 312 544
4 5 919 609
4 9 767 879
4 11 881 397
4 16 52 935
4 18 846 727
5 12 317 725
5 22 208 784
6 11 294 88
6 15 164 664
6 20 993 132
6 21 813 509
6 22 845 417
7 8 590 578
7 9 374 915
7 10 533 767
7 13 370 692
7 14 597 737
7 15 922 941
7 17 633 381
7 18 608 978
7 21 699 405
7 22 115 221
8 12 322 230
8 14 723 139
8 22 241 523
9 20 167 812
10 11 235 301
10 18 279 149
12 14 871 494
12 17 571 88
12 21 395 73
12 22 127 994
13 14 886 379
13 18 818 260
13 21 943 273
13 22 617 76
15 21 803 930
16 18 631 426
16 19 987 178
17 18 624 734
17 21 662 129
18 22 737 481
19 22 920 189
21 22 120 724
