23 2
0 6 823 868
0 9 320 426
0 10 828 521
0 13 258 616
0 14 907 377
0 16 396 691
1 2 724 928
1 7 617 329
1 8 660 459
1 19 216 939
2 9 640 627
2 13 320 756
2 14 124 386
2 15 656 383
2 16 549 670
3 20 436 296
4 6 662 781
4 11 405 403
4 15 628 92
5 12 132 702
5 22 991 801
6 20 468 536
7 9 608 683
7 12 807 125
7 14 362 100
7 17 72 508
7 18 451 222
7 21 857 403
8 12 210 416
8 13 622 251
8 16 787 707
8 17 743 197
9 20 491 347
9 22 594 529
10 11 889 64
10 14 150 985
10 15 647 645
10 18 738 130
10 20 732 894
10 21 138 551
12 13 288 490
12 15 145 749
12 16 430 482
13 17 382 519
14 17 334 297
15 19 601 800
15 22 666 89
16 18 711 776
17 20 158 717
20 22 225 729
