21 4
0 3 345 428 826 360
0 5 593 962 242 917
0 6 593 918 117 379
0 7 286 294 744 992
0 8 108 789 183 266
0 11 420 238 879 790
0 13 457 715 237 646
0 17 965 426 752 501
1 2 509 530 637 778
1 4 462 905 584 832
1 10 437 446 443 228
1 16 497 491 631 560
1 17 351 746 781 80
2 5 593 966 465 271
2 12 570 687 895 517
2 14 129 628 71 404
3 4 353 209 439 181
3 6 481 659 308 389
3 8 188 222 729 642
3 10 447 369 267 927
4 9 920 452 955 522
4 10 482 317 76 607
4 12 398 676 884 983
4 13 688 466 614 728
4 15 983 676 675 155
4 20 574 98 654 611
5 13 916 880 265 833
5 15 262 576 398 120
6 9 995 680 649 143
6 12 690 404 649 921
6 16 121 92 160 301
6 17 408 120 306 782
7 13 527 194 903 393
7 16 541 441 711 77
8 10 411 929 538 568
8 11 650 437 448 260
8 14 158 516 575 264
9 13 228 638 626 124
10 15 749 972 677 419
10 16 475 236 441 608
10 17 909 91 669 579
11 13 719 738 548 129
11 16 396 789 53 801
11 19 123 485 877 611
12 19 917 962 408 732
14 15 499 475 956 449
14 18 229 614 172 484
16 20 671 785 281 757
17 20 228 415 82 60
18 19 474 919 697 345
