24 2
0 2 631 459
0 6 475 240
0 9 716 993
0 15 355 670
0 23 390 255
1 3 976 181
1 5 268 172
1 9 672 952
1 13 165 282
1 21 83 444
1 23 946 265
2 7 805 828
2 8 646 475
2 11 452 260
3 13 658 932
3 16 317 64
3 17 945 903
3 18 119 133
3 23 372 597
4 7 282 180
4 9 452 363
4 20 883 121
5 9 74 620
5 12 884 366
5 14 984 655
5 19 442 281
5 21 102 131
5 23 213 431
6 7 205 301
6 8 168 438
6 9 84 929
6 13 433 740
6 22 289 666
7 11 417 186
7 18 245 151
7 21 770 172
8 9 811 388
8 16 482 573
8 20 440 162
9 20 354 639
10 11 91 579
10 12 160 458
10 13 143 940
10 14 88 653
10 15 61 423
10 17 680 117
10 22 82 543
11 13 380 321
11 17 582 473
11 19 473 473
11 22 724 807
12 21 612 515
12 23 660 220
13 17 811 611
13 19 182 222
13 23 331 185
14 17 966 584
14 18 274 633
15 17 283 849
16 17 456 695
16 19 972 210
16 21 788 997
17 20 451 181
18 20 968 92
19 21 726 147
20 21 820 589
