25 4
0 2 260 333 80 353
0 3 321 198 669 254
0 6 794 479 864 274
0 7 401 444 315 337
0 11 825 934 806 265
0 17 430 766 745 358
1 3 253 987 984 528
1 5 572 74 277 202
1 7 369 636 819 210
1 12 782 158 293 648
1 13 554 706 845 617
1 22 426 213 814 478
1 23 840 324 841 722
2 4 870 486 878 710
2 6 200 353 849 319
2 11 450 762 438 155
2 12 160 802 445 926
2 15 789 819 801 433
2 16 828 784 416 327
2 18 361 445 196 954
2 22 437 274 701 537
3 4 804 482 419 678
3 5 147 404 737 831
3 11 814 984 661 285
4 6 431 316 360 199
4 17 128 122 934 150
4 20 690 676 966 604
4 21 424 549 724 437
5 10 873 621 853 411
5 16 487 804 470 601
5 17 888 939 566 350
5 20 377 641 571 770
6 7 273 410 926 81
6 9 790 859 223 171
6 24 492 422 172 717
7 18 601 704 716 630
7 21 976 416 425 705
7 22 500 118 736 193
8 18 437 505 596 65
8 19 416 249 980 314
8 20 969 489 537 933
8 23 635 669 862 499
8 24 785 848 842 539
9 11 470 740 838 942
9 14 788 53 340 877
9 17 201 134 288 710
9 22 494 612 96 561
10 14 309 373 576 101
10 16 477 119 206 657
10 23 410 491 89 826
11 18 616 675 748 175
11 19 278 366 719 821
11 20 197 339 994 525
11 21 812 453 817 426
11 23 979 158 728 332
12 15 746 314 310 167
12 20 626 87 564 945
12 23 732 499 542 376
14 21 716 509 129 81
14 22 409 692 59 946
14 23 492 734 652 798
15 19 106 913 421 387
15 20 889 657 721 298
15 22 78 348 901 868
16 17 512 641 979 961
16 18 954 75 356 666
16 24 595 310 704 866
17 21 592 269 189 304
17 22 171 644 107 508
18 20 480 949 63 368
18 22 356 554 961 997
19 21 404 896 654 453
19 24 708 732 539 229
20 21 433 884 601 622
20 22 645 885 555 363
21 23 819 310 279 874
22 23 416 613 694 285
