24 3
0 3 532 238 53
0 6 705 199 597
0 10 189 96 603
0 13 823 53 151
0 14 560 131 181
0 17 397 340 642
0 23 847 888 374
1 2 538 610 557
1 4 742 620 732
1 11 284 614 774
1 15 972 860 785
1 17 358 181 684
1 22 261 431 850
2 6 552 985 86
2 9 404 710 610
2 20 770 571 743
3 14 393 527 518
3 15 837 943 489
3 18 231 179 129
4 10 933 962 434
4 21 750 136 564
4 23 134 665 923
5 6 181 427 815
5 16 370 419 800
5 18 545 566 596
6 12 496 855 588
6 21 757 633 855
6 22 683 600 707
7 14 154 106 838
7 16 900 477 357
7 17 724 557 591
7 18 939 573 871
7 21 817 713 357
7 22 209 494 709
7 23 657 477 86
8 12 612 669 620
8 17 448 807 131
8 18 144 934 65
8 19 669 518 294
8 20 153 959 130
8 21 173 771 502
9 10 934 249 476
9 15 280 908 108
9 22 269 68 555
10 13 891 948 272
10 18 644 85 332
11 12 96 486 683
11 14 59 952 453
11 18 559 267 735
11 20 828 859 816
12 16 677 166 174
12 19 400 570 250
12 23 327 95 791
13 15 158 739 229
13 21 863 177 732
14 15 126 717 838
14 17 475 998 816
14 21 73 699 938
14 23 952 130 572
15 16 384 462 166
15 17 753 896 593
15 18 169 161 78
15 19 578 143 99
15 20 592 625 240
15 23 60 301 744
16 17 889 86 836
17 18 928 828 392
17 22 202 247 870
18 19 926 205 792
19 20 987 929 771
19 23 745 226 137
20 23 904 920 874
