22 4
0 3 191 765 641 711
0 5 911 550 776 278
0 6 378 710 810 220
0 12 155 68 850 924
0 15 946 369 845 809
0 18 849 663 868 369
0 21 209 604 715 927
1 2 655 436 161 686
1 3 376 386 580 276
1 4 676 62 282 605
1 11 908 908 456 75
1 12 606 702 72 373
1 17 185 359 363 246
1 20 996 834 359 139
2 12 811 197 526 547
2 17 98 787 396 594
3 9 287 675 972 781
3 15 330 188 346 465
3 18 339 319 968 505
3 19 406 802 387 107
4 8 699 83 167 371
4 10 628 207 844 377
4 19 411 158 370 753
5 21 619 662 66 905
6 8 865 129 75 341
6 13 858 433 251 823
6 14 651 661 887 826
6 17 769 784 191 286
6 18 70 269 76 986
6 20 437 167 301 422
7 15 121 696 707 873
7 19 255 677 238 694
7 20 459 577 170 715
8 17 428 161 950 415
8 20 332 239 280 927
8 21 207 479 288 374
9 12 944 235 402 83
9 15 794 445 378 63
9 20 619 685 317 868
9 21 724 727 506 839
10 13 267 830 547 591
10 14 694 899 499 480
10 16 964 417 372 516
10 17 126 262 611 425
11 12 162 680 196 613
12 14 839 683 689 400
12 15 278 895 797 454
12 21 953 794 546 269
13 16 111 980 968 119
14 16 231 707 556 138
14 20 949 355 549 719
15 16 667 271 409 417
17 20 850 130 485 619
17 21 192 777 476 840
18 21 690 803 586 757
20 21 783 945 589 974
