24 4
0 1 509 513 666 810
0 6 267 624 60 740
0 8 675 208 859 592
0 10 124 755 315 395
0 18 783 547 130 808
0 19 265 640 805 257
1 18 431 673 497 852
2 6 439 980 916 422
2 7 722 829 634 505
2 8 717 744 353 503
2 12 398 727 803 983
2 13 227 946 153 799
2 18 976 965 414 722
2 19 505 206 120 515
2 20 229 193 923 79
3 5 384 147 895 259
3 6 513 256 694 152
3 7 385 205 788 408
3 11 348 555 562 674
3 14 97 795 766 739
4 11 398 435 479 987
4 12 884 967 310 841
4 13 88 421 349 858
4 17 673 195 963 760
4 19 115 278 900 555
5 7 859 787 596 780
5 11 772 75 200 614
5 13 295 538 273 643
5 16 623 552 98 108
5 20 689 62 588 565
6 9 312 293 227 79
6 10 349 893 297 868
6 11 145 952 431 145
6 15 541 866 482 66
6 18 345 863 71 131
7 8 311 261 982 572
7 9 69 866 366 214
7 10 190 514 814 415
7 11 448 458 444 259
7 19 946 543 256 743
8 11 785 252 689 735
8 13 582 634 718 290
8 17 756 908 257 376
8 21 112 686 124 790
9 15 759 463 310 511
9 18 340 796 999 450
9 19 558 802 264 386
10 11 86 217 999 907
10 12 972 859 370 685
10 14 758 761 87 114
10 17 905 864 698 825
10 19 803 786 229 98
10 23 319 182 102 435
11 12 857 298 286 959
11 13 626 93 441 886
11 23 661 242 190 453
13 15 304 206 65 570
13 16 553 710 639 348
13 19 923 239 132 611
13 20 186 853 604 797
13 21 701 448 546 316
13 23 108 506 784 511
14 15 169 209 547 708
15 23 410 679 510 528
16 18 634 246 219 255
16 23 579 614 967 941
17 20 127 452 683 596
17 21 884 872 692 53
17 22 820 392 621 574
18 19 357 710 670 998
18 22 177 566 121 89
