23 3
0 8 284 271 967
0 10 118 613 994
0 12 143 269 510
0 16 434 67 621
1 3 741 421 664
1 9 523 578 138
1 11 507 370 506
1 15 556 537 862
1 16 444 875 963
1 19 763 244 154
2 9 713 754 90
2 20 642 974 903
2 21 882 436 279
2 22 191 980 277
3 9 349 382 621
3 11 834 564 999
3 13 394 378 157
3 18 349 426 488
3 20 819 78 660
4 8 173 870 655
4 10 883 422 793
4 14 715 873 613
4 20 488 682 897
5 7 354 823 476
5 19 305 657 730
5 22 526 982 258
6 11 324 713 834
6 13 845 678 304
6 18 901 271 287
6 22 229 490 219
7 9 397 699 341
7 10 675 851 180
7 12 666 185 642
7 19 169 766 298
7 22 179 769 298
8 11 686 899 391
8 13 759 86 982
8 22 202 402 603
9 15 620 284 109
9 17 285 303 737
10 12 215 605 683
11 18 845 524 86
12 19 769 426 735
13 17 237 374 810
14 15 56 332 998
15 18 833 299 984
15 19 867 579 450
16 21 929 772 504
17 21 127 986 161
18 20 606 504 576
19 20 856 120 319
21 22 384 336 744
