24 3
0 8 629 664 192
0 9 466 876 281
0 15 227 906 135
0 16 837 720 54
0 19 286 912 926
1 2 747 729 481
1 3 352 709 281
1 13 71 860 952
1 15 653 360 388
1 19 304 784 984
2 4 510 218 792
2 6 115 826 63
2 9 849 394 719
2 12 777 958 457
2 15 712 113 233
2 19 256 562 354
2 20 732 223 507
3 4 758 176 614
3 8 429 783 103
3 13 378 701 880
3 14 180 830 226
3 20 355 213 615
4 6 947 220 410
4 7 733 959 378
4 11 500 214 641
4 15 268 115 96
4 17 716 605 284
4 21 374 640 506
4 22 438 930 58
5 8 79 983 150
5 12 767 331 657
5 15 676 152 566
5 18 602 145 806
5 22 872 649 328
6 12 655 973 276
6 14 231 988 566
6 20 187 452 335
6 23 939 323 332
7 8 631 409 881
7 9 471 180 766
7 13 373 468 265
7 14 393 318 518
7 16 919 607 332
7 18 953 465 711
7 19 675 935 196
7 22 588 641 764
7 23 885 621 273
8 11 272 77 835
8 15 628 359 539
8 19 750 892 922
8 22 621 821 769
9 10 890 616 235
9 11 996 925 991
9 12 64 255 147
9 13 984 75 236
9 14 955 89 687
9 18 702 597 694
9 20 981 987 814
10 15 489 558 238
10 19 674 816 704
10 23 684 651 59
11 12 140 882 148
11 14 471 629 76
11 15 471 817 202
11 16 935 423 463
11 17 906 755 929
11 18 89 953 666
11 20 551 330 711
12 13 441 895 518
12 22 635 246 272
12 23 819 467 467
13 18 841 680 915
13 23 896 174 77
14 15 289 853 582
14 16 766 743 372
14 21 362 499 395
15 16 627 305 981
15 20 258 237 233
15 22 614 249 401
16 18 606 597 714
16 20 765 341 62
18 20 491 333 892
18 21 297 962 824
18 22 646 231 503
19 20 946 280 434
19 23 374 265 206
20 21 81 847 469
20 22 632 183 753
20 23 698 810 698
21 23 377 263 888
