22 3
0 1 415 198 383
0 5 520 988 900
0 12 480 814 625
0 15 881 940 551
0 17 447 773 444
0 19 87 110 996
0 21 285 461 516
1 5 699 827 955
1 8 707 528 895
1 13 502 552 359
1 14 481 822 135
1 18 997 264 224
1 19 741 470 924
1 21 705 287 236
2 9 554 951 633
2 11 483 731 810
2 16 541 461 254
2 20 116 250 860
3 4 578 396 100
3 5 405 529 792
3 6 268 551 298
3 8 347 874 947
3 10 432 609 942
3 13 290 950 267
3 14 804 889 147
3 15 389 169 922
3 16 55 110 166
4 5 778 639 139
4 10 708 869 976
4 12 507 427 180
4 15 612 158 69
4 16 895 670 539
4 18 777 631 257
5 6 945 437 578
5 8 269 744 555
5 15 689 527 759
5 17 73 990 523
5 18 908 119 534
6 13 690 260 557
6 16 258 351 384
7 8 350 72 543
7 10 148 68 273
8 15 67 900 367
8 18 142 364 778
9 10 418 475 415
9 19 246 384 907
10 16 448 758 294
10 19 906 869 322
11 17 285 606 919
12 19 318 963 148
13 14 113 59 674
13 15 522 408 173
13 20 641 950 650
14 17 975 280 119
14 20 621 540 682
14 21 726 54 271
15 19 401 433 764
16 17 417 622 968
16 21 365 693 943
17 19 659 526 829
18 21 542 186 448
