21 2
0 2 599 397
0 8 647 359
0 12 809 209
0 17 458 113
0 20 645 744
1 2 896 901
1 5 680 554
1 7 713 353
1 8 900 799
1 12 623 128
2 7 124 183
2 8 298 622
2 9 289 491
2 12 935 209
2 16 393 515
2 17 912 771
2 19 816 462
3 6 167 590
3 7 515 963
3 8 540 142
3 9 635 820
3 11 477 541
3 14 421 781
3 15 331 699
4 5 857 262
4 9 598 698
4 10 71 482
4 16 703 545
4 20 384 717
5 8 206 663
5 11 190 440
5 16 990 822
6 14 874 694
6 18 919 929
7 10 721 378
7 12 504 338
7 13 313 297
7 14 230 687
7 16 501 682
7 20 529 615
8 9 898 350
8 11 144 286
8 12 499 910
8 18 583 154
8 19 191 470
9 14 611 922
9 18 699 668
10 12 942 889
10 19 200 195
11 17 866 626
12 14 829 284
12 19 417 297
13 14 220 152
13 19 717 365
13 20 967 524
14 15 297 820
14 16 541 122
14 18 480 613
14 19 524 662
14 20 343 499
15 16 548 352
16 19 302 735
17 18 954 426
17 19 892 452
18 19 808 71
18 20 839 713
