22 3
0 1 267 608 433
0 4 343 339 549
0 14 173 60 795
0 17 231 411 782
1 18 256 866 202
1 4 305 548 833
1 17 194 593 560
1 2 186 565 780
1 11 187 785 844
1 8 218 893 124
2 17 117 113 743
2 7 69 453 532
2 11 221 275 122
3 16 127 676 607
3 19 415 563 690
3 18 331 486 724
3 6 264 398 337
4 18 425 423 992
4 19 311 362 694
5 6 200 464 437
5 9 126 133 196
5 13 58 298 287
5 21 241 886 125
6 9 284 399 389
6 16 251 278 272
6 18 216 115 775
6 15 218 764 29
6 10 179 332 689
6 13 184 238 150
7 12 307 143 258
7 20 298 92 430
7 17 185 485 534
7 11 203 679 429
8 18 53 205 80
8 11 57 668 916
8 15 36 861 685
9 16 385 121 357
9 21 278 759 216
10 12 13 751 622
10 15 185 814 664
10 13 142 96 791
11 12 219 801 567
11 15 77 865 231
12 20 317 216 584
12 21 321 151 445
12 15 185 64 486
12 13 150 742 477
13 21 239 597 173
14 17 106 374 169
14 20 550 519 622
15 18 50 868 754
16 19 540 619 407
17 20 462 486 748
18 19 485 594 558
20 21 331 172 180
