16 4
0 5 74 527 461 25
0 9 22 348 603 519
0 14 199 586 436 1045
0 6 227 484 208 593
0 8 240 317 369 300
1 12 276 967 209 892
1 10 233 625 126 503
1 2 175 799 496 545
1 4 175 935 765 40
1 15 264 793 337 675
2 11 290 799 541 561
2 9 481 672 640 169
2 12 178 438 318 684
2 4 115 469 602 534
3 7 169 536 675 154
3 13 771 234 235 645
3 15 302 863 195 597
4 15 140 551 651 705
4 11 238 919 344 28
5 9 95 852 543 508
5 13 372 713 206 936
5 14 178 630 87 1022
6 14 66 318 280 522
6 8 132 424 392 610
6 10 594 566 300 206
7 13 639 414 455 752
7 11 83 563 302 741
7 15 273 475 495 547
8 12 281 312 536 205
8 9 243 665 234 637
8 10 468 232 618 808
9 13 391 300 694 680
9 11 493 128 504 664
9 12 419 834 701 535
10 12 226 525 83 748
11 13 640 412 200 67
11 15 234 765 308 712
13 14 545 766 275 112
