17 4
0 11 110 811 654 790
0 1 134 368 591 772
0 2 322 627 579 167
0 8 62 876 160 726
1 3 466 303 465 640
1 12 197 543 229 582
1 11 170 444 906 492
1 8 171 606 483 591
2 4 333 48 579 207
2 15 399 484 389 886
2 6 118 685 561 692
2 11 290 491 855 857
2 7 414 570 277 326
2 12 360 830 171 390
2 5 440 116 678 290
2 8 330 862 459 817
3 12 351 556 341 285
3 9 331 488 390 659
4 15 191 508 475 919
4 7 369 603 516 415
4 14 293 242 315 927
5 12 379 940 685 511
5 9 122 1094 671 182
5 7 233 683 605 492
5 10 128 328 545 436
6 15 444 355 835 367
6 11 222 289 1210 171
7 14 143 702 822 602
7 10 193 359 407 570
7 13 75 118 543 630
8 12 50 94 445 433
9 12 382 276 605 437
9 10 195 808 128 258
10 13 223 476 298 386
10 16 260 185 117 503
13 14 104 813 529 428
13 16 98 651 349 746
14 15 483 568 790 101
14 16 150 432 796 866
15 16 633 490 170 848
