22 2
0 17 208 999
0 18 339 690
0 1 390 283
0 11 135 79
0 6 129 223
1 11 332 360
1 8 343 675
1 16 110 571
1 19 212 526
2 10 372 324
2 20 422 789
2 3 74 971
2 12 78 303
2 7 240 566
3 8 432 605
3 4 392 982
3 10 374 659
3 5 414 641
3 7 192 435
3 21 395 446
3 12 44 675
4 9 204 308
4 11 254 911
4 8 136 435
4 21 87 537
5 8 443 778
5 13 363 761
5 7 303 673
6 17 161 788
6 11 112 296
6 9 100 489
6 14 224 275
7 12 164 311
8 11 320 875
8 13 281 623
8 19 241 326
9 11 87 781
9 14 190 227
9 21 166 237
10 20 284 493
10 14 78 230
10 21 123 219
13 19 173 319
13 15 60 458
14 20 285 490
14 18 326 595
14 17 289 557
14 21 153 275
15 19 122 212
15 16 229 228
16 19 118 440
17 18 131 621
18 20 416 108
