25 3
0 5 266 469 635
0 20 290 545 889
0 23 175 558 838
0 16 159 366 549
0 1 189 707 515
1 5 188 239 553
1 16 131 586 718
1 7 443 457 431
1 4 344 402 269
1 2 269 718 498
2 13 240 706 329
2 11 127 376 427
2 4 131 321 229
2 16 193 773 379
2 17 95 704 554
3 18 357 369 965
3 12 112 676 148
3 21 74 784 774
3 17 32 282 379
4 14 153 345 384
4 7 220 66 295
4 11 13 146 475
5 20 485 294 732
5 7 567 309 159
6 9 151 531 399
6 15 48 1012 553
6 10 269 670 22
6 24 260 624 186
6 12 392 767 991
6 18 256 818 143
7 14 159 286 531
7 8 182 444 207
8 14 37 729 635
8 13 122 140 166
8 19 162 594 500
9 23 390 400 557
9 22 354 897 439
9 15 154 649 157
9 12 397 276 593
10 24 32 63 165
10 19 520 513 335
10 15 292 635 534
11 14 156 401 730
11 13 140 335 102
12 23 41 656 242
12 18 362 1007 961
12 21 62 120 673
13 14 121 730 657
13 19 91 607 564
13 18 482 533 533
13 17 318 500 364
16 23 152 886 418
16 21 103 1064 816
16 17 148 79 536
17 18 373 89 690
17 21 97 1031 399
18 24 41 342 80
18 19 483 765 419
19 24 504 450 388
20 23 355 962 827
20 22 54 427 132
21 23 82 769 761
22 23 360 753 751
