18 4
0 7 499 247 42 501
0 14 588 32 596 687
0 1 229 349 564 557
0 16 301 252 615 494
0 11 591 346 809 1037
0 2 316 403 193 780
0 12 387 236 321 777
0 6 383 377 428 315
0 9 496 449 160 328
0 13 368 446 424 820
1 16 374 573 217 409
1 2 206 462 461 378
2 12 251 475 292 568
3 8 102 533 525 916
3 4 100 439 230 455
3 11 129 92 431 640
3 9 173 412 658 544
3 17 98 102 547 479
4 8 169 132 306 515
4 17 22 342 354 386
4 5 269 503 52 686
5 12 267 509 712 843
5 6 145 409 746 947
5 9 183 149 649 864
5 17 253 424 375 345
6 12 209 265 726 788
6 9 177 335 550 244
7 14 275 230 619 835
7 13 234 341 422 348
7 10 147 246 743 64
7 15 250 156 399 710
8 11 147 466 115 527
8 14 408 154 305 937
9 11 232 453 768 710
9 17 144 383 427 571
10 15 104 382 354 660
10 13 100 476 548 389
11 14 285 317 262 729
13 16 221 695 268 601
13 15 79 231 386 779
15 16 250 615 389 219
