24 3
0 9 268 518 654
0 15 461 840 869
0 7 194 479 288
0 11 196 710 921
0 21 283 156 689
1 18 187 444 852
1 21 24 83 218
1 20 228 574 722
1 17 218 780 1058
1 22 121 582 898
2 18 165 586 425
2 11 165 475 358
2 23 108 761 269
2 16 285 279 403
3 17 126 358 880
3 13 59 296 447
3 16 667 376 598
3 23 418 509 264
3 5 90 361 329
4 17 171 444 650
4 13 237 319 47
4 10 23 327 424
4 15 272 584 289
5 17 142 718 895
5 23 330 169 132
5 6 76 36 65
5 20 110 447 501
6 23 259 151 105
6 20 44 413 516
7 9 135 567 731
7 12 241 258 478
7 11 258 826 683
7 8 175 923 418
8 14 138 158 420
8 9 165 539 597
8 19 177 499 416
8 12 221 705 114
9 15 665 390 607
9 14 115 428 822
10 22 122 750 315
10 17 183 117 247
10 15 250 910 632
11 16 365 618 454
11 12 315 569 391
11 21 316 559 817
11 18 225 663 373
12 16 372 408 399
12 19 310 649 499
13 17 99 636 697
14 15 773 488 722
14 19 233 488 4
15 21 300 691 538
15 22 212 202 448
16 19 676 675 180
16 23 250 734 479
17 20 192 727 469
17 22 220 866 388
18 21 200 427 861
18 23 225 522 561
18 20 111 484 223
20 23 247 434 426
21 22 121 500 857
