23 4
0 11 103 231 349 382
0 20 112 281 576 535
0 13 122 634 365 257
0 6 400 423 252 307
0 3 184 123 407 402
1 7 119 236 430 704
1 12 152 364 707 103
1 5 377 686 867 778
1 22 238 298 658 716
2 3 141 290 575 518
2 6 171 525 625 448
2 8 164 855 188 621
2 21 331 902 219 601
3 6 278 333 457 613
3 8 168 659 511 332
3 4 96 349 739 852
3 13 160 655 744 657
4 13 157 983 159 595
4 19 287 9 563 715
4 8 107 743 235 748
5 9 273 865 177 831
5 14 173 798 762 299
5 22 180 591 492 133
6 18 427 776 723 379
6 21 377 570 781 377
6 11 499 254 373 651
7 12 212 245 484 643
7 17 207 288 684 248
7 15 189 304 411 458
7 22 180 243 483 274
8 19 233 734 373 571
8 21 333 586 388 80
9 13 693 295 752 512
9 20 794 669 693 681
9 19 425 828 620 620
9 14 235 314 591 713
10 21 269 576 594 142
10 18 54 422 266 116
10 12 652 283 327 647
10 17 419 211 522 192
11 20 37 463 795 862
12 17 267 216 656 456
13 19 396 978 465 240
13 20 152 875 390 286
14 19 225 746 606 690
14 22 235 410 645 274
14 16 171 351 883 243
15 21 368 338 634 213
15 19 247 614 221 718
15 17 271 241 565 211
15 22 145 121 72 293
15 16 129 205 639 271
16 22 199 159 581 107
16 19 134 710 858 446
17 21 287 448 74 67
18 21 284 770 426 230
19 21 418 913 725 505
