17 2
0 7 323 638
0 1 373 228
0 12 248 791
0 11 187 832
0 13 192 689
0 10 127 76
0 8 286 980
1 4 341 91
1 6 367 719
1 7 222 479
1 2 442 646
1 12 395 669
1 14 545 574
1 16 510 510
2 15 128 629
2 12 106 747
2 5 282 476
2 14 303 570
3 15 191 560
3 5 447 85
3 8 459 537
3 9 372 388
3 13 338 499
4 6 683 758
4 7 131 411
4 11 301 626
5 15 325 559
5 14 75 721
5 16 315 391
6 16 257 245
7 11 267 240
8 9 127 841
8 10 211 905
8 11 361 508
9 10 106 135
9 13 141 502
10 13 87 624
12 15 179 933
12 13 129 795
13 15 218 391
14 16 240 469
