25 2
0 7 234 265
0 19 75 114
0 2 49 504
1 18 97 651
1 4 40 467
1 14 73 310
1 6 759 367
2 7 235 346
2 6 72 479
3 16 279 429
3 24 252 432
3 11 105 762
3 8 275 107
3 17 221 553
3 21 139 697
4 24 352 366
4 18 68 514
4 16 139 367
4 14 98 157
5 23 131 749
5 17 141 521
5 20 119 170
5 21 41 653
6 7 234 572
6 23 295 257
6 17 426 213
6 14 685 536
7 9 186 588
7 19 220 163
7 22 300 310
7 23 167 675
8 17 226 650
8 16 9 494
8 14 65 321
9 22 391 595
9 13 455 437
9 19 144 679
10 22 46 268
10 13 42 612
10 15 92 812
11 15 136 509
11 20 75 797
11 12 368 579
11 24 314 630
11 21 136 346
12 15 350 587
12 13 411 388
12 24 279 104
13 22 76 427
13 15 114 206
14 16 57 367
14 17 289 374
15 22 127 633
15 20 126 427
16 24 367 45
17 23 188 230
17 21 134 550
18 24 354 862
20 22 179 446
20 23 220 763
20 21 117 791
22 23 301 811
