24 3
0 15 426 609 631
0 16 76 324 580
0 2 94 266 403
0 14 108 269 142
0 13 75 590 274
1 6 70 387 482
1 22 42 569 478
1 3 14 335 626
1 14 294 675 612
2 15 408 369 498
2 4 387 469 797
2 7 265 134 675
2 14 50 462 523
3 6 66 593 382
3 9 184 216 428
3 8 414 647 100
3 7 396 146 181
3 14 299 340 182
4 7 369 345 691
4 15 76 836 349
4 5 334 142 846
4 17 48 395 557
5 11 186 412 972
5 19 486 781 520
5 8 386 570 311
5 7 344 296 168
5 17 328 314 592
5 12 204 661 843
6 22 84 842 456
6 9 129 776 491
7 8 182 525 151
7 14 276 345 170
8 10 175 316 269
8 9 466 530 365
8 19 405 211 378
9 20 634 785 419
9 10 471 588 475
9 22 213 118 913
10 20 226 328 172
10 21 284 378 338
10 19 309 379 216
11 23 140 431 879
11 19 555 389 490
11 12 45 607 248
12 17 386 424 288
12 23 103 737 871
13 14 117 838 235
13 18 31 518 395
13 16 30 575 325
14 18 113 449 343
14 22 297 165 903
15 16 497 663 491
15 17 84 449 353
15 23 499 840 668
16 22 346 636 834
16 18 57 616 720
17 23 421 392 586
18 22 290 336 748
19 23 691 813 626
19 21 122 723 407
20 21 112 51 450
