21 4
0 2 155 148 502 579
0 11 260 517 552 782
0 15 141 592 70 724
0 5 23 551 427 184
0 6 98 741 619 311
1 19 145 622 595 724
1 8 309 93 484 855
1 16 126 734 165 782
1 14 348 34 176 858
2 11 204 657 981 506
2 13 129 361 447 155
2 9 684 829 928 617
2 6 134 811 416 859
3 12 523 923 555 969
3 18 64 593 638 820
3 7 134 795 492 432
3 4 396 671 332 993
4 17 401 560 668 433
4 8 110 596 688 1046
4 7 399 563 801 666
4 18 401 735 969 292
4 14 266 656 650 1008
5 20 77 662 226 493
5 15 158 72 390 594
5 10 76 846 310 560
5 6 82 474 278 495
6 13 11 486 42 937
6 10 33 582 573 779
7 12 629 206 408 669
7 17 81 645 134 311
8 17 511 195 608 637
8 19 424 529 149 188
8 14 278 80 331 55
9 18 508 477 703 338
9 12 85 830 814 224
9 20 493 836 838 166
9 13 556 638 851 573
9 10 522 219 727 283
10 20 48 765 151 185
10 13 42 705 614 293
11 19 451 424 1046 672
11 16 272 610 668 512
11 15 262 794 621 417
12 18 485 578 245 223
12 17 707 772 406 409
14 18 350 739 364 904
14 20 384 779 224 680
14 15 212 965 276 407
14 16 344 735 58 266
15 16 306 442 249 231
15 20 216 694 308 488
16 19 203 442 465 165
18 20 519 996 288 354
