20 4
0 17 193 238 587 195
0 4 46 616 393 458
0 6 170 805 659 711
0 1 368 588 245 410
1 2 273 655 392 829
1 4 381 578 221 654
1 14 222 524 247 762
1 13 29 429 330 411
1 6 325 621 446 1091
1 18 307 508 400 560
2 15 194 350 186 373
2 16 224 530 346 781
2 4 407 121 243 506
2 18 151 392 790 291
3 12 157 396 549 520
3 7 90 62 551 969
3 14 199 495 372 698
3 18 113 339 591 633
4 16 409 437 468 298
4 17 238 817 239 329
5 13 421 469 273 315
5 9 223 498 575 715
5 17 264 247 517 307
5 6 256 844 408 1056
6 17 90 987 728 749
6 13 337 421 206 813
7 12 208 349 907 856
7 10 348 254 817 542
7 14 139 501 402 435
8 16 301 417 541 761
8 11 109 269 833 808
8 15 161 189 290 599
8 19 130 247 307 110
9 13 391 694 824 600
9 10 321 358 527 153
10 13 246 372 761 633
10 12 556 109 616 326
10 14 222 370 541 107
11 16 368 558 673 307
11 12 456 429 155 663
11 19 217 47 697 706
12 19 240 464 679 165
12 18 229 651 1075 539
13 14 208 462 251 635
14 18 239 834 259 205
15 16 180 236 346 982
15 19 191 392 353 532
15 18 230 375 604 194
18 19 272 763 541 416
