25 3
0 18 209 688 316
0 8 459 459 626
0 3 193 950 156
0 17 301 308 601
0 1 319 735 464
0 7 339 475 379
1 7 24 354 94
1 17 43 556 182
2 21 200 214 593
2 18 166 307 233
2 9 149 545 190
2 8 192 476 838
2 20 205 668 473
3 18 243 381 426
3 17 160 661 515
3 21 221 391 357
3 14 259 198 686
4 14 176 311 199
4 19 257 330 625
4 5 220 183 196
4 11 234 505 266
4 10 139 285 364
4 23 98 597 170
5 13 153 718 251
5 7 369 174 683
5 17 341 462 952
5 14 251 414 79
5 11 185 638 428
6 19 113 832 685
6 9 151 478 784
6 12 180 657 754
6 16 236 918 422
7 13 477 674 677
7 17 65 456 269
8 9 248 337 739
8 24 215 506 461
8 18 271 667 888
9 24 279 838 638
9 19 230 1075 514
9 20 236 906 323
9 12 209 352 144
10 22 200 427 841
10 16 471 421 433
10 11 205 298 613
10 23 70 750 330
11 13 129 750 514
11 15 112 407 176
11 22 116 372 649
12 16 237 354 563
12 24 258 989 693
13 15 178 522 650
14 19 279 508 821
14 20 127 688 307
14 21 135 331 820
14 17 332 477 930
15 22 79 279 822
16 24 495 1196 130
16 19 269 854 720
16 22 657 611 767
16 23 427 955 359
18 21 212 518 760
19 20 225 514 516
19 23 238 907 636
20 21 62 767 517
