15 4
0 13 194 774 956 640
0 12 78 861 913 696
0 9 44 507 698 544
1 8 252 299 765 640
1 14 431 961 52 203
1 4 154 203 730 569
1 5 446 387 939 335
1 3 417 578 808 239
2 5 114 487 424 297
2 7 240 476 325 431
2 3 263 57 137 588
3 5 199 465 356 479
4 8 117 499 120 702
4 12 437 121 910 39
4 5 407 303 787 382
5 12 387 182 822 399
5 7 320 133 117 484
6 11 141 884 595 467
6 14 816 203 174 388
6 7 695 759 1010 300
6 13 455 835 730 241
7 13 243 128 508 227
7 12 336 314 727 297
8 12 421 518 904 731
8 10 423 833 135 841
8 14 262 823 742 490
8 9 421 351 512 295
9 10 142 867 377 555
9 11 269 678 553 577
9 12 119 722 814 477
9 13 233 766 622 477
10 11 186 632 624 273
10 14 520 862 739 460
11 14 676 1026 450 333
11 13 419 394 198 646
12 13 166 204 302 70
