15 3
0 6 270 1068 413
0 9 460 621 576
0 8 105 121 1025
0 11 631 640 778
1 7 475 136 353
1 2 236 520 420
1 5 444 670 595
2 7 456 553 571
2 10 358 265 166
2 9 345 724 150
3 11 697 270 82
3 12 201 646 880
3 5 53 326 863
4 8 83 617 541
4 11 471 409 116
4 6 260 598 693
4 14 210 860 572
5 7 486 538 245
5 12 244 921 668
6 9 193 556 490
6 10 174 423 603
6 8 277 1088 723
6 14 199 798 524
7 12 382 621 423
7 13 327 241 90
7 10 338 313 691
7 14 177 685 681
8 11 527 630 651
9 10 21 646 315
10 14 281 375 263
11 12 497 400 800
11 13 331 362 671
11 14 516 461 689
12 13 174 728 483
13 14 426 793 706
