15 3
0 8 54 687 341
0 4 204 877 573
0 1 165 619 623
0 7 49 615 745
1 10 160 950 117
1 4 269 385 361
1 12 194 185 495
1 7 167 823 138
2 11 93 404 488
2 14 340 534 327
2 5 109 432 161
2 8 321 773 461
2 13 311 679 225
3 10 307 644 403
3 4 446 302 584
3 9 167 264 492
3 14 684 688 473
3 6 84 554 500
4 5 281 830 109
4 14 410 843 135
4 10 252 942 272
4 8 189 730 329
5 14 241 308 238
5 11 18 150 625
5 8 337 905 437
6 10 303 702 166
6 12 492 210 534
6 9 174 291 199
7 12 322 739 566
7 13 137 345 400
7 8 88 110 413
8 13 118 437 247
9 14 807 430 575
9 12 665 303 492
10 12 275 849 460
11 14 253 177 633
12 13 453 584 575
