21 4
0 19 119 262 243 477
0 8 733 777 559 263
0 7 262 957 429 304
0 17 154 498 511 586
1 16 232 422 790 188
1 14 417 171 816 789
1 19 549 802 598 767
1 6 106 401 961 384
1 5 77 632 1069 1019
2 9 200 397 512 766
2 16 403 559 156 194
2 12 103 391 292 145
2 5 630 709 480 965
2 8 755 562 394 103
3 4 96 487 473 312
3 15 31 829 212 453
3 13 338 232 554 267
4 7 406 56 229 662
4 17 595 434 296 754
4 15 87 860 648 471
4 18 88 219 835 356
5 8 127 442 596 1067
5 16 301 251 477 840
5 6 76 252 382 705
6 19 553 434 374 403
6 8 98 211 653 383
7 19 239 910 428 763
7 14 273 216 647 789
7 17 268 472 102 884
7 20 260 730 288 741
7 18 371 203 747 594
8 19 629 623 451 723
9 12 139 98 797 865
9 13 377 343 153 717
9 16 349 327 604 580
9 11 337 436 678 541
10 11 48 404 120 520
10 13 177 372 644 181
10 20 145 298 538 239
10 18 242 518 157 115
11 16 440 558 682 201
11 14 316 109 767 886
11 13 184 103 526 701
11 20 174 418 440 714
12 13 481 315 698 479
13 15 316 819 765 498
13 18 309 151 770 211
14 19 310 822 269 34
14 16 304 509 229 701
14 20 262 516 401 257
15 18 102 953 415 400
18 20 204 556 591 183
