14 4
0 8 387 511 82 135
0 4 115 387 710 430
0 11 466 200 426 401
0 10 344 544 875 426
0 3 417 736 131 240
1 3 148 579 320 244
1 8 353 488 123 390
1 12 140 720 569 606
1 13 349 150 594 768
1 9 227 739 297 481
1 2 218 628 614 412
2 12 175 215 343 768
2 9 59 557 826 71
2 5 121 723 382 744
2 13 256 778 72 671
3 8 370 322 198 146
3 10 147 525 777 358
3 6 101 71 250 149
3 12 265 167 473 479
4 8 464 730 759 534
4 7 538 701 207 620
4 11 559 344 621 683
5 12 129 625 724 281
5 11 627 464 748 552
5 13 377 651 337 672
6 10 65 470 705 418
6 11 191 565 187 301
6 12 344 118 697 412
7 8 150 557 711 346
7 13 259 676 347 731
8 13 245 605 482 398
9 13 197 845 786 663
10 11 178 508 568 448
11 12 498 677 871 639
