20 3
0 10 262 444 728
0 16 170 588 438
0 4 157 897 590
0 9 217 630 624
0 2 314 262 320
1 4 122 1070 541
1 15 150 805 117
1 19 221 601 587
1 11 124 413 760
1 14 165 760 272
2 7 141 583 435
2 9 146 470 766
2 16 417 586 603
3 13 6 880 651
3 6 211 536 649
3 18 190 745 585
3 7 527 297 444
3 17 376 758 537
3 14 353 221 159
4 10 249 459 322
4 15 217 353 505
4 9 209 322 380
4 8 187 457 615
4 14 150 476 298
5 10 506 536 561
5 15 397 474 424
5 12 76 694 315
5 6 509 777 622
5 19 165 315 303
6 13 215 653 883
6 18 67 402 197
6 12 441 121 312
7 17 205 596 324
7 18 638 824 284
7 9 160 451 387
7 8 197 506 223
8 9 138 245 600
8 17 23 338 370
8 14 93 307 505
10 15 114 203 764
10 16 303 393 654
11 14 171 384 497
11 13 303 469 256
11 12 258 581 579
11 19 153 271 555
12 13 303 568 642
12 19 153 509 590
13 14 351 665 638
14 17 87 555 415
15 19 247 269 652
