22 4
0 4 199 798 644 267
0 12 132 987 356 752
0 20 123 866 163 514
1 15 276 881 140 827
1 16 499 771 402 543
1 2 291 596 428 839
1 10 114 646 279 517
1 5 291 773 354 555
2 12 374 509 734 585
2 19 81 727 551 804
2 4 175 333 682 567
2 21 69 545 567 365
2 15 260 383 288 762
2 10 261 75 322 525
2 17 223 388 783 528
3 15 190 692 641 153
3 21 194 146 582 573
3 18 67 526 771 260
3 16 247 567 836 136
3 11 358 205 204 393
4 12 286 213 999 529
4 20 181 269 745 262
4 17 78 683 793 599
5 10 182 340 469 585
5 13 129 664 498 524
5 17 142 207 211 784
5 20 105 665 230 270
6 14 237 313 392 588
6 11 792 358 454 562
6 8 135 409 115 861
7 14 303 350 633 444
7 11 315 325 557 267
7 19 248 901 653 244
7 18 82 684 680 199
8 14 329 279 406 585
8 9 227 760 341 440
9 14 440 497 555 198
9 19 443 1032 503 299
9 12 142 826 632 212
10 13 78 338 59 631
10 17 97 453 468 299
11 14 557 257 387 178
11 18 341 392 799 306
11 16 318 765 884 262
12 19 389 295 664 343
12 20 254 224 281 500
13 17 28 723 516 929
14 19 357 606 70 473
15 16 231 263 263 289
15 21 253 699 290 703
17 20 175 786 120 514
18 21 200 672 436 540
18 19 206 218 419 47
19 21 28 889 67 576
