15 3
0 12 206 459 995
0 1 554 422 264
0 7 233 668 624
0 11 178 270 1040
1 8 533 864 584
1 2 869 537 331
1 12 353 190 782
1 5 164 504 482
2 8 339 551 626
2 9 127 460 443
2 13 614 342 506
3 13 328 458 346
3 6 178 418 555
3 14 234 280 789
3 7 364 559 347
3 11 464 334 296
4 12 589 298 543
4 8 339 663 393
4 10 122 278 563
4 9 265 514 332
4 14 103 252 457
4 7 533 439 307
5 8 408 373 166
5 12 242 503 300
6 13 226 700 843
6 14 97 669 611
7 14 491 687 640
7 12 391 723 559
7 11 101 837 637
8 12 535 876 270
8 10 247 409 319
8 9 299 297 602
9 10 162 368 857
9 13 509 698 793
9 14 348 466 346
13 14 306 304 844
