21 4
0 16 142 461 89 181
0 5 118 755 793 339
1 3 53 31 764 773
1 8 251 755 198 825
1 6 224 572 507 388
1 17 310 265 599 209
2 12 281 623 236 786
2 19 256 549 96 983
2 14 202 375 350 564
3 8 238 770 720 237
3 19 278 557 501 1126
4 7 86 219 311 103
4 11 99 389 565 119
4 13 252 372 504 160
4 10 238 218 269 619
4 15 195 110 462 345
4 20 88 263 690 335
5 11 407 582 162 273
5 14 627 505 573 324
5 13 241 603 876 134
5 16 212 296 743 352
6 17 117 541 92 430
6 9 47 655 611 1026
6 8 166 620 609 959
7 12 159 518 211 611
7 14 336 284 242 55
7 11 30 283 542 107
7 20 117 479 456 232
8 19 292 216 227 1052
8 15 38 555 699 402
8 9 139 625 675 136
9 10 305 171 357 161
9 17 138 138 634 725
9 15 169 442 662 536
10 13 213 560 250 665
10 15 309 328 627 386
10 17 364 183 612 625
10 18 139 462 268 310
11 14 349 84 567 117
11 13 208 33 794 204
12 19 244 339 226 208
12 14 339 461 278 649
12 15 176 420 760 804
12 20 51 249 649 819
13 16 180 307 168 332
13 18 144 190 18 474
15 19 281 408 614 933
15 20 174 371 694 60
16 18 136 406 176 502
16 17 629 297 754 198
17 18 496 427 876 505
