23 4
0 4 166 548 527 82
0 18 66 762 577 772
0 19 256 429 257 245
0 1 538 111 111 619
1 6 208 803 502 642
1 18 596 691 687 487
1 19 342 420 368 508
1 9 398 847 714 133
1 5 260 648 416 738
2 22 204 680 395 993
2 12 214 592 172 215
2 14 237 176 744 771
2 16 148 124 506 549
2 20 209 729 352 825
3 10 112 423 629 724
3 7 127 430 395 530
3 13 83 884 373 854
3 11 58 267 387 988
4 19 328 302 359 266
4 7 243 356 884 576
4 10 472 369 853 351
4 18 166 216 496 803
5 9 374 691 784 606
5 6 319 424 737 317
5 17 337 376 517 691
5 15 170 840 714 637
6 18 790 272 395 623
6 17 608 162 719 390
7 19 309 273 569 313
7 9 286 701 598 355
7 10 230 366 400 627
7 11 151 181 646 717
8 16 140 653 369 190
8 17 128 599 571 197
8 20 110 521 226 114
8 15 151 744 325 67
9 19 186 427 346 403
9 13 210 598 837 717
9 14 165 353 848 555
9 15 370 218 482 291
9 11 211 681 853 695
10 22 187 354 653 182
10 21 132 231 1007 728
10 13 133 468 971 925
11 13 38 769 17 909
12 22 88 304 458 779
12 21 119 511 551 110
13 14 185 250 165 1252
13 22 199 822 415 950
14 22 206 662 435 650
14 20 255 738 804 573
14 15 314 153 557 487
15 20 137 709 542 156
15 17 214 468 811 248
16 20 102 839 224 279
16 17 261 666 204 372
21 22 124 584 356 888
