25 4
0 2 221 360 438 247
0 22 209 263 268 615
0 21 104 211 714 390
0 20 218 174 128 646
0 3 264 708 214 748
0 10 201 247 574 421
1 12 97 694 1006 637
1 17 186 473 1006 478
1 6 208 545 440 536
1 23 212 606 552 213
1 5 242 354 589 335
1 13 170 170 934 850
2 22 192 194 436 801
2 8 711 311 488 684
2 20 19 281 535 676
2 3 140 684 550 889
3 20 121 812 292 387
3 10 387 523 605 327
4 17 179 547 925 564
4 8 457 130 718 229
4 7 286 669 716 457
4 18 274 335 570 151
4 16 280 694 878 713
5 21 212 381 508 388
5 22 223 384 336 383
5 19 200 421 560 352
5 24 104 768 422 125
5 23 200 834 562 166
5 13 190 480 645 689
6 9 37 288 864 256
6 7 94 61 622 159
6 17 264 667 651 256
6 23 61 678 467 397
7 17 240 672 662 123
7 15 207 525 493 430
7 9 128 228 249 125
7 18 93 370 389 492
8 22 545 364 254 330
8 17 319 674 255 486
8 12 221 902 264 412
8 13 338 387 181 113
9 15 300 405 669 501
9 14 170 521 1046 387
9 23 26 842 408 255
10 14 361 96 737 580
10 15 742 257 306 597
10 19 212 679 215 439
10 21 185 117 437 49
11 15 70 266 645 792
11 16 137 539 79 695
11 18 121 117 587 143
12 17 166 777 26 163
12 13 201 692 219 523
13 22 233 97 430 313
14 15 408 316 472 332
14 19 154 769 531 481
14 24 73 583 578 891
14 23 150 449 662 601
15 18 125 287 299 887
15 16 204 527 681 275
16 18 229 427 587 751
19 21 98 750 229 410
19 24 173 765 424 469
21 22 246 107 455 287
23 24 129 377 192 290
