17 3
0 12 325 777 622
0 3 312 113 513
0 8 243 78 590
0 6 141 432 109
0 4 291 389 368
0 5 248 364 757
1 13 229 260 553
1 10 108 351 950
1 7 178 452 95
1 11 354 143 569
1 5 309 846 167
2 7 79 790 688
2 10 33 507 471
3 12 320 889 679
3 14 766 542 184
3 6 302 375 476
4 6 274 370 329
4 5 209 753 794
4 7 252 469 607
5 8 135 439 184
5 7 274 1202 252
5 11 199 782 662
7 10 99 792 894
8 12 373 741 33
8 11 103 343 479
9 14 466 248 428
9 15 280 233 796
9 16 176 548 666
9 13 212 529 563
9 11 208 578 510
10 13 336 610 538
11 14 494 427 112
11 12 421 760 509
11 13 330 192 72
12 14 446 365 621
13 16 182 71 143
14 15 366 204 820
15 16 260 316 973
