25 2
0 23 369 630
0 18 227 430
0 3 493 116
0 20 330 188
0 4 240 496
1 22 237 524
1 2 132 378
1 23 58 663
1 4 240 447
2 11 149 615
2 22 282 555
2 13 249 283
2 4 226 824
2 9 253 618
3 20 183 182
3 8 70 519
3 5 69 205
3 12 24 355
4 23 230 452
4 20 225 333
4 14 186 366
4 9 278 257
5 8 45 389
5 19 226 538
5 16 143 375
6 23 308 754
6 18 671 492
6 22 42 779
6 10 183 413
7 16 125 598
7 24 105 531
7 14 148 226
7 9 74 217
8 16 107 761
8 14 223 341
8 12 72 845
9 24 118 335
9 13 21 375
9 14 179 109
10 22 175 922
10 11 250 608
10 15 557 328
11 17 359 669
11 15 430 288
11 22 310 329
11 13 222 475
12 20 159 511
12 14 206 605
13 17 307 607
13 24 115 94
14 16 206 427
14 20 82 166
15 17 119 381
15 21 157 295
15 19 395 710
16 19 129 350
16 24 148 410
17 24 246 517
17 21 54 441
18 23 398 263
19 24 141 708
19 21 238 881
21 24 220 652
22 23 273 698
