25 3
0 17 124 436 344
0 3 253 232 699
0 22 233 332 895
0 7 139 111 599
0 19 59 399 593
0 4 203 529 779
1 17 168 229 15
1 12 196 161 233
1 3 135 618 341
1 6 271 190 581
1 11 280 38 276
1 8 192 484 318
1 2 73 525 205
2 3 96 507 519
2 8 159 239 409
2 23 203 361 500
3 17 172 436 355
3 22 459 535 461
3 23 250 193 309
4 13 574 568 605
4 24 762 113 715
4 19 189 131 494
4 22 75 679 757
5 13 295 184 572
5 12 300 658 596
5 6 108 438 140
5 16 157 299 651
5 14 243 431 440
6 21 181 599 287
6 16 184 713 777
6 11 168 227 534
6 12 317 347 551
7 17 70 477 293
7 12 44 821 303
7 19 126 486 375
8 11 198 506 578
8 20 261 517 534
8 23 131 133 115
9 18 431 805 687
9 24 725 785 615
9 16 391 234 550
9 15 49 179 816
9 20 741 225 785
10 18 210 771 114
10 24 85 608 380
10 14 80 210 427
11 20 397 1017 509
11 21 63 382 590
12 13 370 615 803
12 17 105 358 223
12 19 163 398 496
13 24 191 605 481
13 19 460 483 340
13 14 167 592 159
14 24 146 526 584
14 18 193 603 489
14 16 251 298 228
15 16 369 223 626
15 21 346 718 835
15 20 693 366 392
16 18 156 644 304
16 21 273 866 490
18 24 294 348 280
20 21 432 1078 846
20 23 180 569 607
20 22 882 537 758
22 23 706 427 189
