13 4
0 2 221 545 542 686
0 5 248 198 711 615
0 1 268 466 541 621
0 11 483 434 293 449
1 5 288 424 388 569
1 10 231 586 251 514
1 9 220 265 165 353
1 11 482 815 482 431
2 5 466 361 435 695
2 11 384 402 509 405
2 7 346 516 594 673
3 11 300 710 481 632
3 7 112 632 904 471
3 12 29 397 738 609
4 9 289 732 215 503
4 10 380 317 103 343
4 6 355 355 276 746
4 8 106 426 648 138
5 10 467 454 158 961
6 9 480 385 477 614
6 11 189 618 127 874
6 8 309 334 388 689
6 12 403 369 519 671
7 11 357 269 423 372
9 10 122 586 167 844
9 11 470 1001 515 781
11 12 281 831 392 454
