23 2
0 5 178 402
0 17 224 478
0 3 223 398
0 11 114 738
0 4 89 194
1 21 74 769
1 19 236 95
1 9 109 897
1 8 261 510
1 18 469 111
2 15 114 498
2 19 279 313
2 12 713 276
3 17 360 590
3 11 215 571
3 13 55 667
3 6 301 685
4 5 201 208
4 11 62 573
4 10 280 682
5 18 457 435
5 22 235 588
5 17 198 444
5 8 482 59
5 10 362 479
6 12 139 525
6 7 112 482
6 14 228 907
6 13 262 631
7 12 46 673
7 16 187 640
7 14 246 665
8 9 160 388
8 10 289 436
8 18 214 489
9 10 274 565
9 21 135 585
10 11 301 269
10 20 308 299
10 21 316 46
11 20 418 182
11 16 403 697
11 14 206 760
11 13 205 419
12 15 607 376
12 16 190 480
13 14 66 726
14 16 307 113
15 19 305 606
15 20 237 354
15 16 426 544
16 20 266 862
17 22 193 398
18 22 535 1017
19 20 404 912
19 21 196 742
20 21 383 283
