14 4
0 2 320 682 91 428
0 10 344 306 989 190
0 12 97 152 134 431
0 3 13 210 471 400
0 7 279 670 833 554
0 8 331 75 481 568
1 9 243 1034 571 815
1 7 255 846 280 578
1 11 229 520 324 691
1 6 549 694 463 354
1 13 208 873 426 716
1 8 217 746 432 150
2 10 457 376 927 287
2 8 397 689 411 951
2 6 177 604 978 718
3 7 274 792 413 527
3 12 87 59 337 822
4 5 380 496 22 410
4 7 602 320 444 372
4 12 428 485 839 787
4 10 578 307 172 531
5 7 693 662 430 773
5 9 676 967 56 603
5 11 817 488 294 855
6 11 772 380 476 914
6 13 348 683 668 403
6 8 369 819 687 315
7 9 386 411 475 982
7 12 317 760 704 902
7 8 138 740 611 726
8 13 58 296 23 714
9 11 141 516 344 977
10 12 322 249 915 295
