20 2
0 1 36 444
0 6 9 507
0 2 166 564
1 6 43 397
1 8 208 305
1 17 199 401
1 2 137 353
2 17 200 303
2 13 144 576
2 19 294 424
3 10 178 210
3 4 15 451
3 15 238 505
3 7 267 542
3 16 171 454
4 16 178 489
4 8 481 78
4 10 176 246
5 12 66 930
5 18 231 545
5 9 287 697
5 11 609 228
5 19 731 212
6 8 196 153
7 9 398 460
7 11 535 876
7 15 170 354
7 17 360 810
7 16 245 288
8 16 305 430
8 17 243 703
9 12 234 436
9 18 203 156
9 11 533 673
9 15 403 709
9 14 444 692
10 15 223 452
10 14 178 678
10 18 729 318
11 17 345 76
11 19 134 67
11 13 203 305
12 18 167 531
13 17 185 327
13 19 193 336
14 18 551 536
14 15 101 1078
16 17 371 716
