15 3
0 13 407 286 786
0 2 596 259 888
0 8 367 671 535
0 14 195 198 816
0 6 132 432 333
1 9 281 327 789
1 11 308 736 617
1 5 209 310 360
1 14 346 179 818
1 6 417 235 337
2 13 337 212 546
2 7 408 118 256
2 10 242 809 156
3 12 155 402 630
3 11 512 644 431
3 7 168 111 120
3 10 530 761 298
4 12 221 308 674
4 8 168 710 125
4 9 125 667 249
4 11 358 66 472
5 9 123 65 431
5 14 158 154 625
6 14 80 297 490
7 13 269 138 352
7 12 152 427 613
7 10 382 749 204
8 12 246 786 558
8 13 97 873 390
8 9 218 724 372
8 14 325 527 413
9 11 367 640 718
9 14 227 197 682
11 12 462 256 208
12 13 249 492 945
