20 2
0 13 130 80
0 11 222 368
0 4 340 484
0 18 303 94
0 7 263 180
1 8 184 392
1 19 631 161
1 14 184 613
1 2 259 380
2 6 106 889
2 15 119 470
2 14 98 496
3 10 415 138
3 15 704 588
3 17 113 365
3 13 326 549
4 13 411 484
4 10 395 849
4 18 421 417
4 19 473 711
4 8 92 244
4 5 46 229
5 14 282 608
5 10 379 622
5 8 51 153
6 10 274 893
6 15 43 444
6 14 134 695
7 11 274 333
7 18 95 167
7 16 190 210
8 19 523 546
8 14 249 758
9 11 135 440
9 16 547 678
9 13 206 322
9 17 274 107
10 15 289 451
10 13 446 411
10 14 346 715
11 16 413 507
11 13 232 289
12 18 169 424
12 19 85 521
12 16 213 394
13 17 251 350
16 18 198 301
18 19 222 304
