13 4
0 4 145 881 168 501
0 12 309 331 807 544
0 6 246 764 623 626
0 5 303 520 636 205
0 7 176 504 798 220
0 10 152 108 479 76
1 3 156 380 846 398
1 11 174 585 764 565
1 9 149 233 1017 438
1 2 253 691 776 238
2 11 267 517 55 352
2 6 371 355 835 298
2 5 391 482 903 224
2 8 439 813 791 480
2 9 104 487 608 211
3 11 97 239 281 906
3 12 460 452 791 480
4 12 164 768 651 449
4 6 141 481 467 175
5 6 318 329 158 421
5 8 181 332 253 479
5 7 185 585 298 105
6 11 357 344 784 128
6 12 159 490 185 618
7 10 99 408 322 282
7 8 326 894 532 430
8 10 421 726 288 709
9 11 197 553 556 309
11 12 386 212 949 745
