22 4
0 20 133 922 788 808
0 15 118 1002 702 924
0 10 130 1064 412 583
0 4 77 928 517 567
0 3 283 725 105 770
0 19 353 1009 444 1023
0 11 219 290 745 1045
1 9 301 598 553 955
1 18 126 567 570 279
1 7 408 263 654 795
1 15 336 430 524 598
1 20 252 386 499 543
1 14 170 597 145 623
1 2 86 378 462 635
2 18 162 866 116 414
2 14 98 453 328 24
2 3 252 617 182 740
3 18 353 255 219 346
3 17 346 490 488 851
3 19 94 501 540 389
3 20 268 568 888 230
3 14 216 602 451 719
4 10 98 632 217 478
4 11 150 639 345 490
5 16 260 747 797 671
5 13 172 997 445 747
5 18 354 849 590 700
5 9 183 1169 573 626
5 8 95 732 417 940
6 15 603 180 429 879
6 10 674 96 730 217
6 7 96 444 378 728
6 8 370 561 222 949
6 13 624 270 137 725
7 9 231 487 531 161
7 15 530 341 154 272
7 8 307 427 472 685
8 13 263 569 196 266
8 9 101 527 752 846
9 18 316 804 948 749
10 15 106 127 702 748
10 11 213 833 559 716
11 19 476 760 371 89
11 21 776 542 945 714
12 16 259 664 764 705
12 13 424 986 445 535
12 21 486 758 698 717
12 17 416 783 506 521
13 16 272 846 353 335
14 20 104 337 490 645
15 20 103 190 175 142
16 18 235 114 257 252
16 17 472 650 364 655
17 18 424 739 271 695
17 19 305 255 453 702
17 21 80 204 369 885
19 21 301 224 593 659
