21 4
0 3 92 577 638 584
0 2 128 246 421 86
0 11 206 452 574 474
0 19 178 745 479 495
1 7 290 561 745 960
1 17 254 497 520 622
1 12 280 121 556 181
1 13 115 1085 611 400
1 8 104 906 854 369
1 19 136 283 399 621
2 6 585 439 182 268
2 16 738 768 110 852
2 3 218 355 364 559
2 11 190 220 227 421
3 6 372 626 546 291
3 13 115 808 204 397
3 19 118 669 470 238
4 14 141 624 749 712
4 12 304 49 678 647
4 6 127 755 306 438
4 16 77 784 350 635
4 8 234 864 856 215
5 10 235 1066 827 23
5 18 173 1023 864 475
5 11 476 653 204 477
6 16 156 332 257 585
6 13 278 362 583 503
6 8 157 725 550 442
7 17 120 243 331 530
7 12 130 610 268 894
7 15 95 496 188 786
8 13 174 805 576 75
8 12 247 821 442 440
9 14 163 361 652 313
9 16 172 137 355 587
9 20 546 661 439 561
10 18 183 60 46 469
10 15 225 758 594 210
10 17 105 529 838 572
10 11 447 715 813 459
10 19 343 304 494 483
11 19 277 694 322 26
12 14 268 613 175 302
12 20 306 876 409 41
12 15 202 748 252 582
13 19 85 846 479 596
14 16 184 401 466 291
14 20 412 333 551 261
15 20 293 140 497 597
15 18 271 729 627 679
15 17 165 727 301 749
17 19 317 240 349 114
18 20 533 846 818 718
