18 4
0 4 318 247 386 1012
0 11 301 701 611 691
0 10 309 624 29 601
0 7 173 490 349 921
0 3 94 482 196 833
1 12 95 586 805 831
1 6 36 581 929 913
1 17 107 660 709 355
1 13 232 740 428 696
2 16 312 747 781 779
2 11 240 527 813 840
2 4 54 345 351 427
2 10 101 741 188 429
2 8 122 547 931 726
3 7 122 277 431 168
3 5 641 649 380 222
4 11 224 805 888 796
4 10 63 842 358 460
5 14 382 357 675 785
5 6 292 320 825 60
5 13 179 535 633 634
5 7 520 423 61 62
6 14 221 233 151 844
6 13 251 278 501 645
6 8 231 436 478 446
6 12 97 135 529 584
7 14 236 412 694 735
7 10 271 165 361 321
8 14 119 604 554 894
8 10 72 481 769 298
8 12 211 494 853 229
8 16 300 1000 439 162
9 15 160 633 692 328
9 16 328 85 883 754
9 13 412 601 713 797
10 14 142 563 341 606
11 16 535 978 186 202
12 17 121 75 775 667
12 16 166 546 695 238
13 17 250 103 386 585
13 15 256 405 441 520
15 16 293 695 448 427
15 17 153 463 81 136
16 17 199 616 373 548
