18 4
0 3 79 537 652 462
0 16 165 416 615 727
0 5 156 307 334 418
0 11 124 418 749 591
1 17 211 811 570 387
1 15 333 894 866 609
1 6 462 598 58 326
1 8 505 437 849 907
1 4 473 151 633 426
1 13 290 174 706 765
1 5 195 460 597 281
1 12 401 896 974 316
2 8 40 770 903 460
2 7 693 730 982 569
2 6 226 291 887 302
2 10 206 467 876 548
3 7 608 520 721 219
3 14 247 373 377 500
3 16 243 661 836 265
3 11 60 127 815 726
4 8 508 323 548 923
4 7 189 617 607 237
4 9 104 204 282 590
4 12 140 748 507 709
5 16 217 502 891 326
5 13 202 363 679 509
5 12 276 588 647 423
5 11 175 116 982 640
6 15 261 579 808 293
6 10 131 198 944 303
6 8 245 565 800 583
7 14 853 834 451 285
7 16 366 399 690 409
7 8 654 323 109 702
7 9 92 602 882 378
9 16 286 562 364 353
9 12 187 589 722 260
10 15 385 560 427 582
11 13 115 247 303 202
11 14 217 492 942 240
12 16 116 106 423 278
13 17 286 730 310 828
13 14 208 402 647 219
14 17 459 860 357 781
15 17 325 138 407 327
