19 3
0 13 286 1174 171
0 9 72 920 342
0 5 93 549 793
0 8 159 889 877
1 15 126 660 373
1 17 53 295 729
1 18 468 410 448
1 3 161 202 588
1 7 90 212 260
2 12 263 439 374
2 13 139 1175 530
2 18 136 888 481
2 11 129 735 694
3 18 610 480 977
3 11 653 432 836
3 10 38 557 708
3 7 126 408 737
4 6 76 447 204
4 14 272 296 62
4 10 671 282 920
4 5 306 285 732
5 14 270 269 744
5 9 116 860 826
5 8 222 575 699
6 14 224 196 182
6 10 595 706 927
6 16 175 295 148
6 15 378 576 811
6 7 484 690 859
7 10 122 624 115
7 15 116 836 407
8 13 197 358 1038
8 12 89 530 416
8 14 194 393 904
9 13 318 747 511
11 18 47 172 706
12 17 379 633 589
12 14 159 155 602
12 13 226 752 715
12 18 303 700 797
14 17 351 535 136
14 16 62 125 87
14 15 307 545 791
15 16 277 646 722
15 17 120 661 791
17 18 422 631 874
