15 3
0 7 304 246 893
0 5 166 853 437
0 3 120 251 340
1 13 313 468 858
1 3 390 493 714
1 9 289 665 594
1 10 288 144 559
1 12 157 517 836
2 12 227 549 324
2 13 176 277 169
2 11 196 404 691
2 8 159 225 797
3 13 495 136 534
3 5 264 613 474
3 9 379 728 247
3 7 260 15 594
3 6 246 559 581
4 9 139 535 487
4 14 228 131 893
4 6 246 477 275
4 7 301 223 318
5 13 591 484 959
5 7 467 613 708
6 7 77 575 583
6 9 230 829 622
7 14 528 276 983
8 11 191 366 259
8 10 560 776 758
8 13 332 502 960
9 10 266 563 202
9 14 305 603 633
10 11 369 564 604
10 14 308 676 832
10 12 294 623 438
11 12 125 854 662
12 13 308 279 414
