24 3
0 8 159 79 553
0 6 79 541 561
0 19 292 635 785
0 12 237 251 763
0 22 308 389 640
0 17 91 130 861
1 16 257 428 160
1 23 247 125 349
1 9 269 538 795
1 3 318 219 462
1 22 224 332 291
1 4 152 541 524
1 10 139 373 468
2 8 388 588 281
2 19 185 1008 469
2 5 203 249 621
2 13 102 826 548
3 13 220 195 146
3 15 162 295 703
3 21 388 597 252
3 9 377 435 463
3 5 229 585 415
3 10 298 554 27
4 22 100 218 422
4 12 136 765 866
4 10 91 775 779
5 12 164 704 91
5 19 124 789 540
5 13 240 773 554
5 10 182 855 388
6 8 94 471 488
6 17 151 614 301
7 20 127 803 924
7 14 187 656 188
7 23 425 598 491
7 18 38 393 786
7 22 152 832 188
8 19 230 559 513
9 21 98 769 682
9 16 59 762 657
10 12 113 574 477
11 14 174 793 816
11 20 302 676 266
11 17 476 710 129
12 19 197 650 630
12 22 201 588 1043
13 15 202 324 776
14 20 270 227 788
14 23 455 373 358
15 21 471 510 777
16 23 172 409 340
16 21 149 74 136
17 22 298 508 782
17 20 192 433 394
18 20 106 411 469
18 22 130 474 623
20 22 212 227 836
21 23 321 385 471
22 23 364 241 428
