20 3
0 8 265 438 851
0 2 302 729 143
0 3 399 608 492
0 15 234 761 439
0 11 552 175 715
1 6 98 522 288
1 7 122 623 633
1 17 75 690 323
1 4 145 806 253
2 8 232 466 807
2 3 314 889 349
2 14 343 157 467
2 10 286 681 540
2 4 220 434 82
3 5 165 907 759
3 15 418 722 415
3 7 297 734 1136
3 4 316 1110 349
4 16 157 253 289
4 17 155 277 550
4 7 80 769 805
4 10 241 580 459
5 9 191 81 270
5 15 579 791 350
5 7 252 881 650
5 12 42 164 568
6 7 196 324 580
6 9 312 603 308
6 13 263 43 25
6 19 415 162 421
6 17 149 215 241
7 12 244 769 490
7 9 295 920 877
8 11 288 603 659
8 14 237 313 370
9 15 770 828 229
9 12 150 242 647
9 13 165 600 329
10 16 161 336 170
10 19 349 454 219
10 14 286 606 111
10 18 149 260 715
11 15 787 902 669
11 14 98 756 706
11 18 284 279 757
11 19 621 601 795
13 19 655 158 434
14 18 219 686 668
16 17 49 395 429
16 19 339 312 161
17 19 353 181 584
18 19 344 606 650
