15 3
0 12 247 570 655
0 1 90 578 747
0 13 236 1106 940
0 14 134 652 424
1 14 178 180 849
1 2 469 308 326
1 6 264 524 626
1 12 275 363 104
2 14 530 478 551
2 6 335 216 569
2 4 240 206 259
2 5 240 758 612
3 11 93 628 358
3 12 109 722 228
3 13 114 336 473
3 8 135 338 49
4 7 333 124 668
4 9 824 500 379
4 5 165 881 773
5 7 180 886 738
5 6 193 948 261
6 12 432 241 564
6 10 415 761 257
6 7 129 82 537
7 9 512 418 446
7 10 370 678 300
8 11 174 593 346
8 9 660 406 115
8 14 486 363 660
8 13 172 253 522
9 11 495 194 231
9 10 180 262 412
10 12 354 637 601
10 11 374 381 423
11 12 114 423 358
12 13 180 723 701
13 14 314 516 648
