17 2
0 13 87 519
0 4 192 688
0 12 196 346
0 7 393 750
0 15 91 717
1 6 73 195
1 11 470 687
1 16 916 423
1 10 566 500
2 14 328 610
2 4 300 337
2 8 202 558
2 16 388 770
2 10 242 192
3 14 228 509
3 4 196 390
3 6 280 438
3 13 228 422
3 11 315 563
3 12 274 627
4 14 262 438
4 8 305 442
4 13 209 368
4 9 279 397
4 15 161 749
5 8 113 272
5 7 191 383
5 9 81 331
6 11 456 642
6 14 283 256
6 10 499 402
7 8 299 396
7 16 821 198
7 12 574 412
7 15 328 330
7 9 180 417
8 16 536 270
8 9 178 59
9 15 176 499
10 16 352 790
10 14 246 657
11 12 174 501
12 13 121 206
