20 4
0 7 219 602 503 650
0 8 244 447 277 488
0 19 89 327 535 260
0 5 530 741 703 782
0 9 126 600 788 166
1 16 306 724 579 247
1 18 185 339 524 717
1 19 242 323 363 576
1 13 311 250 433 406
1 3 194 425 345 1017
1 7 113 591 268 420
2 11 141 202 677 419
2 5 551 412 324 811
2 13 320 857 249 616
2 6 203 284 106 175
3 16 202 731 836 910
3 12 173 585 462 736
3 13 201 675 778 617
3 14 178 240 830 617
4 12 524 325 573 886
4 11 914 334 779 416
4 16 224 284 771 168
4 17 123 524 217 210
5 11 693 250 707 395
5 13 627 812 542 225
5 19 495 529 505 537
5 9 564 491 757 726
5 15 574 994 9 809
6 12 203 422 530 221
6 11 226 239 779 260
6 13 135 669 160 478
6 10 146 490 531 387
7 18 159 592 733 298
7 8 334 170 335 663
7 19 222 451 464 439
8 18 434 508 609 490
8 17 654 506 567 786
8 15 146 680 481 88
8 9 142 518 564 334
9 15 104 850 748 247
10 13 98 547 676 147
10 14 15 163 640 763
10 12 63 437 272 592
11 12 391 659 248 471
12 16 301 602 438 946
12 14 65 410 368 1181
13 19 373 541 563 370
13 14 90 444 744 618
16 18 305 588 56 541
16 17 213 803 582 226
17 18 226 393 526 481
