21 3
0 19 157 803 475
0 5 252 180 695
0 17 500 458 631
0 18 268 238 749
0 11 364 444 422
0 9 10 660 760
1 2 177 419 405
1 8 272 107 532
1 17 35 349 703
1 16 85 558 66
2 8 180 484 695
2 3 253 772 208
2 18 450 342 668
2 17 207 209 656
3 13 308 456 426
3 18 326 542 660
3 8 369 441 550
3 20 438 408 546
3 4 243 187 474
4 13 153 423 300
4 20 663 336 272
4 12 100 374 530
4 15 159 601 724
5 19 150 944 699
5 11 235 448 273
6 7 144 817 566
6 18 171 136 807
6 14 302 249 195
6 10 271 564 347
7 13 174 848 542
7 18 219 815 364
7 15 286 173 618
7 14 446 900 563
8 20 73 132 565
8 16 324 599 572
9 19 159 441 719
9 10 76 551 285
9 18 266 769 881
10 14 87 663 400
10 19 168 256 906
10 18 288 566 1113
11 17 281 849 663
11 16 289 153 232
12 13 81 774 451
12 15 90 816 201
13 18 257 114 506
13 15 156 769 648
14 19 183 765 509
16 20 355 554 690
16 17 71 895 712
17 18 508 225 118
