25 3
0 8 224 639 571
0 11 90 787 754
0 13 314 636 275
0 18 335 648 425
0 14 300 619 316
1 3 65 505 519
1 14 128 439 368
1 21 53 398 562
2 5 484 299 959
2 3 593 534 553
2 17 159 506 699
2 7 124 409 756
2 15 275 178 149
2 9 255 915 773
3 14 126 742 532
3 5 139 412 650
3 7 700 264 237
4 8 113 452 423
4 16 180 648 466
4 10 504 880 509
5 18 216 577 566
5 24 171 630 791
5 17 349 232 443
5 14 94 437 907
6 12 329 224 407
6 23 157 401 75
6 19 300 504 519
6 22 183 418 338
6 10 191 393 960
7 12 540 420 327
7 15 348 586 612
8 11 247 515 755
8 13 358 370 793
8 16 248 646 137
9 19 296 809 401
9 20 246 776 906
9 15 88 1024 626
9 17 180 409 156
10 23 321 566 911
10 22 39 803 788
10 16 338 698 920
11 14 319 376 713
11 21 324 547 475
12 23 317 314 393
12 19 336 393 136
12 15 240 610 478
13 19 178 327 326
13 20 144 400 308
13 18 244 376 427
13 16 266 277 670
14 18 255 147 420
14 21 108 574 841
15 19 317 218 613
16 22 311 699 662
16 19 336 52 762
17 24 210 560 640
17 18 256 537 244
17 20 293 368 765
18 24 82 1096 410
18 20 127 762 582
19 20 220 125 614
19 22 312 718 207
