15 3
0 3 32 166 246
0 10 420 617 527
0 9 224 270 367
1 4 104 248 548
1 12 262 187 451
1 7 146 719 473
1 5 539 293 517
2 14 273 196 892
2 13 347 565 854
2 11 321 357 225
2 4 262 552 344
2 12 162 538 431
2 8 438 1045 766
3 13 576 812 413
3 10 398 760 282
3 9 219 342 143
3 6 515 202 740
4 12 162 75 164
4 14 226 529 596
4 7 134 714 727
5 14 313 302 328
5 13 198 536 403
5 6 103 521 590
5 9 431 611 53
5 7 404 430 503
6 9 390 140 630
6 13 127 753 956
7 14 118 191 434
8 11 132 827 595
8 10 305 847 429
8 12 569 741 382
10 13 628 180 265
10 11 313 545 385
11 13 512 713 631
13 14 162 412 417
